5.083740234375000000e+01
1.569999694824218750e+02
4.490361022949218750e+01
1.561665191650390625e+02
2.280803833007812500e+02
1.555101013183593750e+02
4.612638854980468750e+01
2.409069976806640625e+02
2.282343139648437500e+02
1.510091247558593750e+02
4.597334671020507812e+01
2.312711639404296875e+02
1.917911987304687500e+02
1.622312011718750000e+02
3.823408508300781250e+01
1.993296661376953125e+02
5.062982940673828125e+01
1.651635742187500000e+02
4.682789611816406250e+01
1.536959228515625000e+02
3.212975769042968750e+02
1.668199615478515625e+02
1.034418678283691406e+01
4.477914428710937500e+01
4.843454360961914062e-01
1.609529724121093750e+02
2.804569435119628906e+01
1.485499572753906250e+02
5.694751739501953125e-01
1.646299743652343750e+02
3.443952560424804688e+01
1.418455047607421875e+02
1.584331970214843750e+02
1.821046142578125000e+02
1.012221717834472656e+01
4.455473709106445312e+01
3.638230285644531250e+02
1.683988342285156250e+02
2.121234703063964844e+01
6.549047088623046875e+01
1.215516662597656250e+02
1.773014984130859375e+02
5.900678634643554688e+00
2.098897552490234375e+01
1.047699737548828125e+02
1.761515960693359375e+02
9.087060928344726562e+00
3.899542617797851562e+01
-4.338264465332031250e-01
1.745082702636718750e+02
2.377507019042968750e+01
1.177980194091796875e+02
1.144723739624023438e+02
1.781077575683593750e+02
5.520892143249511719e+00
1.935824775695800781e+01
1.485374603271484375e+02
1.827033996582031250e+02
1.118596267700195312e+01
4.406425476074218750e+01
1.909419860839843750e+02
1.488414764404296875e+02
4.167490386962890625e+01
2.086753234863281250e+02
1.887718048095703125e+02
1.693066558837890625e+02
3.587389755249023438e+01
1.856185607910156250e+02
0.000000000000000000e+00
0.000000000000000000e+00
0.000000000000000000e+00
0.000000000000000000e+00
