6.814080810546875000e+01
1.679020233154296875e+02
3.822124481201171875e+01
1.366807861328125000e+02
2.440548324584960938e+01
1.646304626464843750e+02
3.748998260498046875e+01
1.428212432861328125e+02
1.268280258178710938e+02
1.518448333740234375e+02
3.028931808471679688e+01
1.370025024414062500e+02
2.291017608642578125e+02
1.566602020263671875e+02
5.996475219726562500e+01
2.386318664550781250e+02
1.563809814453125000e+02
1.761990051269531250e+02
1.088579940795898438e+01
5.663954544067382812e+01
9.736874389648437500e+01
1.780663146972656250e+02
1.985169219970703125e+01
1.040922088623046875e+02
6.866346740722656250e+01
1.712949218750000000e+02
3.720516204833984375e+01
1.400002288818359375e+02
2.315991516113281250e+02
1.564542388916015625e+02
6.030778884887695312e+01
2.227152404785156250e+02
2.092849121093750000e+02
1.647503662109375000e+02
3.342474746704101562e+01
1.932368927001953125e+02
2.294685363769531250e+02
1.674783630371093750e+02
4.847759246826171875e+01
2.182432708740234375e+02
1.288443450927734375e+02
1.527069702148437500e+02
3.332722854614257812e+01
1.342692565917968750e+02
1.298164978027343750e+02
1.725368957519531250e+02
2.493602180480957031e+01
1.086596374511718750e+02
2.084745178222656250e+02
1.625866394042968750e+02
3.524059677124023438e+01
1.787035522460937500e+02
1.973024291992187500e+02
1.717365112304687500e+02
1.196321678161621094e+01
6.576960754394531250e+01
2.056584167480468750e+02
1.675068359375000000e+02
3.345729446411132812e+01
1.888934478759765625e+02
2.620651054382324219e+01
1.723200988769531250e+02
3.642853164672851562e+01
1.374909057617187500e+02
3.628826904296875000e+02
1.671193847656250000e+02
2.320886039733886719e+01
6.423169708251953125e+01
2.034509887695312500e+02
1.614938659667968750e+02
3.725684738159179688e+01
1.804449920654296875e+02
1.243322143554687500e+02
1.627707977294921875e+02
3.351282119750976562e+01
1.262064819335937500e+02
1.347657775878906250e+02
1.680157470703125000e+02
2.179166984558105469e+01
1.189723815917968750e+02
1.281311035156250000e+02
1.669773254394531250e+02
2.566088294982910156e+01
1.015541076660156250e+02
9.564192199707031250e+01
1.748464508056640625e+02
2.044655609130859375e+01
9.428806304931640625e+01
1.219208450317382812e+02
1.787279968261718750e+02
4.892939090728759766e+00
1.865732002258300781e+01
1.137629394531250000e+02
1.778698425292968750e+02
5.578773498535156250e+00
2.216092872619628906e+01
2.710469665527343750e+02
1.703564300537109375e+02
8.167692184448242188e+00
3.528388214111328125e+01
1.390749511718750000e+02
1.574260559082031250e+02
1.926114845275878906e+01
1.224883880615234375e+02
3.984296875000000000e+02
1.526596221923828125e+02
1.628773307800292969e+01
9.657288360595703125e+01
0.000000000000000000e+00
0.000000000000000000e+00
0.000000000000000000e+00
0.000000000000000000e+00
