3.006269226074218750e+02
1.578556976318359375e+02
3.366716003417968750e+01
1.443836669921875000e+02
1.240394287109375000e+02
1.734899291992187500e+02
2.591341400146484375e+01
9.430417633056640625e+01
3.273930969238281250e+02
1.615626831054687500e+02
2.572607803344726562e+01
1.363713989257812500e+02
3.258657836914062500e+02
1.637219848632812500e+02
2.975147438049316406e+01
1.306022949218750000e+02
9.458592224121093750e+01
1.726383514404296875e+02
2.792551803588867188e+01
1.072884140014648438e+02
9.042688751220703125e+01
1.702825622558593750e+02
3.540433883666992188e+01
1.114109039306640625e+02
1.578728179931640625e+02
1.808628845214843750e+02
8.352876663208007812e+00
4.298725891113281250e+01
2.725557861328125000e+02
1.696559295654296875e+02
8.014278411865234375e+00
3.923765182495117188e+01
1.238781051635742188e+02
1.801386260986328125e+02
2.492927169799804688e+01
9.117959594726562500e+01
3.013571166992187500e+02
1.598750152587890625e+02
4.387565231323242188e+01
1.415728149414062500e+02
1.581755676269531250e+02
1.781445922851562500e+02
8.942536354064941406e+00
4.107517242431640625e+01
8.885533142089843750e+01
1.686403503417968750e+02
3.711629486083984375e+01
1.077682037353515625e+02
2.990576171875000000e+02
1.506101074218750000e+02
3.458841705322265625e+01
1.432628784179687500e+02
3.022069091796875000e+02
1.670191650390625000e+02
2.746436119079589844e+01
1.262357635498046875e+02
9.069741821289062500e+01
1.835430908203125000e+02
2.680792045593261719e+01
6.868492126464843750e+01
2.977434692382812500e+02
1.647381591796875000e+02
9.478661537170410156e+00
5.047311019897460938e+01
2.021913604736328125e+02
1.659412689208984375e+02
8.011181831359863281e+00
3.325985717773437500e+01
0.000000000000000000e+00
0.000000000000000000e+00
0.000000000000000000e+00
0.000000000000000000e+00
