1.053684768676757812e+02
1.662562103271484375e+02
2.546182441711425781e+01
1.308473815917968750e+02
1.001054306030273438e+02
1.676887817382812500e+02
3.255107116699218750e+01
1.283053283691406250e+02
1.379859619140625000e+02
1.728260498046875000e+02
2.214314460754394531e+01
9.203607940673828125e+01
1.342568511962890625e+02
1.740582733154296875e+02
2.281298446655273438e+01
1.054097671508789062e+02
1.322396545410156250e+02
1.690124969482421875e+02
2.036705589294433594e+01
1.014351882934570312e+02
2.734482727050781250e+02
1.691869049072265625e+02
8.048715591430664062e+00
3.985155868530273438e+01
1.315297088623046875e+02
1.767226715087890625e+02
2.248297691345214844e+01
9.917217254638671875e+01
3.262701110839843750e+02
1.672413787841796875e+02
9.960297584533691406e+00
4.545417022705078125e+01
3.644696350097656250e+02
1.682938385009765625e+02
2.162978172302246094e+01
6.241611099243164062e+01
3.265830078125000000e+02
1.722475280761718750e+02
1.102324962615966797e+01
4.254207992553710938e+01
3.335152893066406250e+02
1.693198089599609375e+02
7.811481475830078125e+00
4.079978561401367188e+01
9.364808654785156250e+01
1.712223968505859375e+02
3.447237396240234375e+01
1.220048446655273438e+02
1.539981536865234375e+02
1.765635681152343750e+02
1.496120452880859375e+01
7.674999237060546875e+01
0.000000000000000000e+00
0.000000000000000000e+00
0.000000000000000000e+00
0.000000000000000000e+00
