1.568618927001953125e+02
1.740583343505859375e+02
2.201290321350097656e+01
8.809635162353515625e+01
1.363994598388671875e+02
1.681560974121093750e+02
2.331796836853027344e+01
1.184069442749023438e+02
1.194465942382812500e+02
1.683032379150390625e+02
3.677669906616210938e+01
1.310922851562500000e+02
1.102108688354492188e+02
1.827352600097656250e+02
2.288075256347656250e+01
9.724810791015625000e+01
2.732953491210937500e+02
1.704726409912109375e+02
8.424897193908691406e+00
3.803208160400390625e+01
2.167160491943359375e+02
1.741089782714843750e+02
9.114712715148925781e+00
2.829956054687500000e+01
1.297978973388671875e+02
1.689676513671875000e+02
3.558580780029296875e+01
1.182182464599609375e+02
1.404786376953125000e+02
1.754576568603515625e+02
2.044249534606933594e+01
9.023560333251953125e+01
3.632599792480468750e+02
1.674672088623046875e+02
2.341939735412597656e+01
6.401148223876953125e+01
1.073253097534179688e+02
1.668583068847656250e+02
3.283407211303710938e+01
1.336499023437500000e+02
2.357240753173828125e+02
1.733769989013671875e+02
1.139607048034667969e+01
4.399586105346679688e+01
2.172923278808593750e+02
1.753784637451171875e+02
7.160792827606201172e+00
2.424273300170898438e+01
0.000000000000000000e+00
0.000000000000000000e+00
0.000000000000000000e+00
0.000000000000000000e+00
