2.640563354492187500e+02
1.717621154785156250e+02
3.951766586303710938e+01
1.419990997314453125e+02
2.652354431152343750e+02
1.638623504638671875e+02
3.695978164672851562e+01
1.485134277343750000e+02
1.396905364990234375e+02
1.759535369873046875e+02
1.728045654296875000e+01
6.820713043212890625e+01
1.646074523925781250e+02
1.629700317382812500e+02
3.412465667724609375e+01
1.755384674072265625e+02
1.394051818847656250e+02
1.719875183105468750e+02
1.655867958068847656e+01
6.984942626953125000e+01
1.091607360839843750e+02
1.742316436767578125e+02
1.038871860504150391e+01
4.360928344726562500e+01
1.932387695312500000e+02
1.813602447509765625e+02
4.992479705810546875e+01
2.255500793457031250e+02
1.928977966308593750e+02
1.639207458496093750e+02
4.872981262207031250e+01
2.307181549072265625e+02
3.629645080566406250e+02
1.682304992675781250e+02
2.396898841857910156e+01
6.876742553710937500e+01
1.664107055664062500e+02
1.734113769531250000e+02
3.406003952026367188e+01
1.685173950195312500e+02
1.291282653808593750e+02
1.782963562011718750e+02
5.807682037353515625e+00
2.144771003723144531e+01
2.377719726562500000e+02
1.713999938964843750e+02
1.080840682983398438e+01
4.575504684448242188e+01
8.913674926757812500e+01
1.773028259277343750e+02
1.050141716003417969e+01
4.335600280761718750e+01
8.820887756347656250e+01
1.817571105957031250e+02
1.166107749938964844e+01
4.022730255126953125e+01
1.217062988281250000e+02
1.769526062011718750e+02
6.028963088989257812e+00
2.333254623413085938e+01
1.982514648437500000e+02
1.613876647949218750e+02
3.901574707031250000e+01
1.754127960205078125e+02
3.983033142089843750e+02
1.847325439453125000e+02
1.751431083679199219e+01
9.928073120117187500e+01
2.382576904296875000e+02
1.693979949951171875e+02
1.082907009124755859e+01
4.209590911865234375e+01
1.939403076171875000e+02
1.720674591064453125e+02
4.563773727416992188e+01
1.841058044433593750e+02
1.017548675537109375e+02
1.756306915283203125e+02
8.530295372009277344e+00
4.159082412719726562e+01
4.004672546386718750e+02
1.906864318847656250e+02
1.579032516479492188e+01
1.117901458740234375e+02
0.000000000000000000e+00
0.000000000000000000e+00
0.000000000000000000e+00
0.000000000000000000e+00
