1.307966308593750000e+02
1.698989562988281250e+02
2.476251220703125000e+01
9.135945129394531250e+01
1.343817443847656250e+02
1.676315002441406250e+02
2.085115051269531250e+01
9.627061462402343750e+01
3.303608703613281250e+02
1.562988281250000000e+02
4.776725387573242188e+01
1.616107330322265625e+02
1.899730529785156250e+02
1.662135620117187500e+02
2.309574699401855469e+01
9.692500305175781250e+01
3.308530578613281250e+02
1.525533599853515625e+02
3.916833496093750000e+01
1.659348754882812500e+02
3.312179260253906250e+02
1.618419799804687500e+02
4.750870513916015625e+01
1.611014862060546875e+02
2.907940673828125000e+02
1.743080902099609375e+02
4.871656036376953125e+01
2.106699523925781250e+02
2.522278137207031250e+02
1.668821716308593750e+02
4.515785217285156250e+01
2.213576660156250000e+02
1.711066741943359375e+02
1.607865447998046875e+02
2.017547988891601562e+01
1.169859542846679688e+02
3.301542968750000000e+02
1.580486145019531250e+02
4.002175903320312500e+01
1.692800903320312500e+02
1.623792877197265625e+02
1.728581237792968750e+02
2.479237556457519531e+01
1.061398544311523438e+02
1.659550628662109375e+02
1.677220458984375000e+02
2.272375679016113281e+01
1.162862930297851562e+02
2.490591125488281250e+02
1.692910614013671875e+02
4.237995147705078125e+01
2.137709045410156250e+02
3.651530761718750000e+02
1.696275024414062500e+02
2.031805801391601562e+01
6.367656326293945312e+01
2.541796417236328125e+02
1.576556091308593750e+02
4.040745162963867188e+01
2.220226287841796875e+02
2.902553405761718750e+02
1.861922149658203125e+02
5.105521392822265625e+01
2.136940612792968750e+02
2.939099731445312500e+02
1.786475524902343750e+02
4.301603698730468750e+01
1.764730682373046875e+02
8.864976501464843750e+01
1.874007568359375000e+02
2.100331878662109375e+01
6.347845840454101562e+01
2.516640319824218750e+02
1.621920318603515625e+02
3.754722976684570312e+01
2.121194763183593750e+02
1.547128677368164062e+00
1.477276611328125000e+02
4.585953140258789062e+01
2.645341796875000000e+02
1.621892395019531250e+02
1.717630920410156250e+02
2.367022132873535156e+01
9.498609924316406250e+01
1.188298721313476562e+02
1.745377960205078125e+02
8.472453117370605469e+00
2.953350257873535156e+01
1.613594207763671875e+02
1.712120208740234375e+02
8.447654724121093750e+00
3.266787719726562500e+01
1.213404846191406250e+02
1.771242218017578125e+02
5.781654834747314453e+00
2.406899261474609375e+01
1.639580841064453125e+02
1.534421844482421875e+02
3.322620010375976562e+01
1.300903930664062500e+02
1.142638320922851562e+02
1.780902404785156250e+02
5.241440773010253906e+00
2.201635360717773438e+01
0.000000000000000000e+00
0.000000000000000000e+00
0.000000000000000000e+00
0.000000000000000000e+00
