1.256746444702148438e+02
1.697770690917968750e+02
2.743873405456542969e+01
1.030614013671875000e+02
3.256808166503906250e+02
1.535225219726562500e+02
4.562276840209960938e+01
1.578099212646484375e+02
1.018937683105468750e+02
1.696593780517578125e+02
2.526920700073242188e+01
1.160315246582031250e+02
3.291069641113281250e+02
1.508737792968750000e+02
5.372262954711914062e+01
1.634210357666015625e+02
1.249223632812500000e+02
1.757317352294921875e+02
2.744707489013671875e+01
9.969770050048828125e+01
2.702467041015625000e+02
1.696476135253906250e+02
9.244745254516601562e+00
3.906964874267578125e+01
9.765665435791015625e+01
1.697068786621093750e+02
3.350191116333007812e+01
1.150263442993164062e+02
9.376519775390625000e+01
1.711971130371093750e+02
3.432126617431640625e+01
1.144018554687500000e+02
3.119808044433593750e+02
1.766755828857421875e+02
9.883953094482421875e+00
3.816516494750976562e+01
3.561604003906250000e+02
1.550202636718750000e+02
3.604342651367187500e+01
1.514107513427734375e+02
1.567174530029296875e+02
1.752605285644531250e+02
1.036223697662353516e+01
4.486445617675781250e+01
1.028917999267578125e+02
1.758474273681640625e+02
2.425034713745117188e+01
9.042196655273437500e+01
1.203472595214843750e+02
1.694092559814453125e+02
3.727019500732421875e+01
1.038141479492187500e+02
3.996551208496093750e+02
1.484726257324218750e+02
1.524499130249023438e+01
1.055691986083984375e+02
3.602029418945312500e+02
1.733453369140625000e+02
2.766110229492187500e+01
1.128340911865234375e+02
2.360168457031250000e+02
1.710843200683593750e+02
1.095094299316406250e+01
4.705050277709960938e+01
0.000000000000000000e+00
0.000000000000000000e+00
0.000000000000000000e+00
0.000000000000000000e+00
