6.892054748535156250e+01
1.586680908203125000e+02
3.150625228881835938e+01
1.528591003417968750e+02
1.480465602874755859e+01
1.641830596923828125e+02
3.106767082214355469e+01
1.416540832519531250e+02
1.828301048278808594e+01
1.663741455078125000e+02
2.945696640014648438e+01
1.367783813476562500e+02
1.937284240722656250e+02
1.593596801757812500e+02
3.979687500000000000e+01
2.032737884521484375e+02
2.270965423583984375e+02
1.379519195556640625e+02
4.931288528442382812e+01
2.547315368652343750e+02
2.280813903808593750e+02
1.482021484375000000e+02
4.908854675292968750e+01
2.547938995361328125e+02
7.354021072387695312e-02
1.562179260253906250e+02
1.198637008666992188e+01
1.832329864501953125e+02
1.938526458740234375e+02
1.497220916748046875e+02
4.132514190673828125e+01
2.077289733886718750e+02
1.583524475097656250e+02
1.814838867187500000e+02
1.033752536773681641e+01
4.654573822021484375e+01
1.378384971618652344e+01
1.736452636718750000e+02
3.216968536376953125e+01
1.362961578369140625e+02
1.214277954101562500e+02
1.774371337890625000e+02
4.926048278808593750e+00
1.988243293762207031e+01
6.807812500000000000e+01
1.514372863769531250e+02
3.453318023681640625e+01
1.414075927734375000e+02
1.526715087890625000e+01
1.735516357421875000e+02
2.898479843139648438e+01
1.219827117919921875e+02
3.263211669921875000e+02
1.657330627441406250e+02
9.758874893188476562e+00
4.504944229125976562e+01
2.385047607421875000e+02
1.603856506347656250e+02
4.731874084472656250e+01
2.083702239990234375e+02
-3.036642074584960938e-02
1.909135742187500000e+02
1.307146263122558594e+01
1.399841156005859375e+02
1.812051010131835938e+01
1.787960205078125000e+02
3.027528953552246094e+01
1.262631988525390625e+02
3.637220458984375000e+02
1.677802124023437500e+02
2.258612632751464844e+01
6.493022918701171875e+01
2.334731597900390625e+02
1.635817871093750000e+02
5.293186569213867188e+01
2.253253631591796875e+02
6.798207092285156250e+01
1.667523498535156250e+02
3.353599548339843750e+01
1.494385223388671875e+02
1.711431121826171875e+01
1.898193664550781250e+02
2.716421508789062500e+01
1.098345870971679688e+02
0.000000000000000000e+00
0.000000000000000000e+00
0.000000000000000000e+00
0.000000000000000000e+00
