1.741541595458984375e+02
1.713238983154296875e+02
2.599240875244140625e+01
8.945536041259765625e+01
3.232930908203125000e+02
1.580473327636718750e+02
4.790682983398437500e+01
2.477816925048828125e+02
1.413041534423828125e+02
1.752838592529296875e+02
9.875272750854492188e+00
4.090884399414062500e+01
2.199348297119140625e+02
1.741236114501953125e+02
2.625206947326660156e+01
1.049074325561523438e+02
2.002530059814453125e+02
1.662770233154296875e+02
2.277700805664062500e+01
9.927236175537109375e+01
3.315002136230468750e+02
1.591602172851562500e+02
5.507243347167968750e+01
2.463905639648437500e+02
2.206882934570312500e+02
1.739245147705078125e+02
2.461793518066406250e+01
9.316992187500000000e+01
3.888769836425781250e+02
1.566834716796875000e+02
2.661637878417968750e+01
2.490245971679687500e+02
1.531281127929687500e+02
1.734174194335937500e+02
8.478552818298339844e+00
3.504297637939453125e+01
3.784592895507812500e+02
1.487506103515625000e+02
3.703083419799804688e+01
2.652572021484375000e+02
2.424885711669921875e+02
1.700604400634765625e+02
1.375685691833496094e+01
9.079906463623046875e+01
3.205807495117187500e+02
1.741586456298828125e+02
5.319134140014648438e+01
2.330559387207031250e+02
1.534792480468750000e+02
1.762122802734375000e+02
8.989931106567382812e+00
3.338369750976562500e+01
3.535606384277343750e+02
1.589162292480468750e+02
3.954966735839843750e+01
2.437666625976562500e+02
3.894381408691406250e+02
1.380856628417968750e+02
2.525333976745605469e+01
2.573767700195312500e+02
2.123395538330078125e+02
1.644456481933593750e+02
3.905408096313476562e+01
1.127426300048828125e+02
3.332467346191406250e+02
1.785214538574218750e+02
5.114964675903320312e+01
2.241339721679687500e+02
7.919023895263671875e+01
1.822115478515625000e+02
1.277410411834716797e+01
4.013063430786132812e+01
3.901504516601562500e+02
1.740606079101562500e+02
2.547889328002929688e+01
2.377696075439453125e+02
2.125893707275390625e+02
1.732494049072265625e+02
3.796097183227539062e+01
1.062740173339843750e+02
3.527120361328125000e+02
1.458047180175781250e+02
4.002434539794921875e+01
2.419146270751953125e+02
7.996090698242187500e+01
1.790124511718750000e+02
1.185245323181152344e+01
3.936553955078125000e+01
0.000000000000000000e+00
0.000000000000000000e+00
0.000000000000000000e+00
0.000000000000000000e+00
