2.907887573242187500e+02
1.647814025878906250e+02
3.840847778320312500e+01
1.356821746826171875e+02
1.239777832031250000e+02
1.727088165283203125e+02
2.615411186218261719e+01
9.445923614501953125e+01
1.579178466796875000e+02
1.771365051269531250e+02
9.747714996337890625e+00
4.294822311401367188e+01
1.577602539062500000e+02
1.811331024169921875e+02
9.057129859924316406e+00
4.121656417846679688e+01
3.137704772949218750e+02
1.668550415039062500e+02
3.643317413330078125e+01
1.287183380126953125e+02
2.906392517089843750e+02
1.544296264648437500e+02
3.668735122680664062e+01
1.352893371582031250e+02
3.195575561523437500e+02
1.775305023193359375e+02
2.680469322204589844e+01
1.041870956420898438e+02
9.268887329101562500e+01
1.754988555908203125e+02
2.717630004882812500e+01
1.020661392211914062e+02
9.107003784179687500e+01
1.806345367431640625e+02
2.735499382019042969e+01
7.567128753662109375e+01
1.239135971069335938e+02
1.801754302978515625e+02
2.452797508239746094e+01
9.176204681396484375e+01
8.863551330566406250e+01
1.695654602050781250e+02
3.614739227294921875e+01
1.128719635009765625e+02
3.641486206054687500e+02
1.707162933349609375e+02
2.250356483459472656e+01
5.852029800415039062e+01
2.721079101562500000e+02
1.701178588867187500e+02
8.099791526794433594e+00
3.841835784912109375e+01
3.208426208496093750e+02
1.656950378417968750e+02
3.366962814331054688e+01
1.284857940673828125e+02
3.982036132812500000e+02
1.505010681152343750e+02
1.642561149597167969e+01
1.007406158447265625e+02
0.000000000000000000e+00
0.000000000000000000e+00
0.000000000000000000e+00
0.000000000000000000e+00
