1.167126083374023438e+02
1.661833953857421875e+02
3.641630172729492188e+01
1.550307312011718750e+02
1.677977447509765625e+02
1.712842712402343750e+02
2.055205345153808594e+01
1.000216598510742188e+02
1.153916625976562500e+02
1.634430541992187500e+02
3.665368652343750000e+01
1.496763763427734375e+02
1.461518554687500000e+02
1.708808135986328125e+02
2.226960182189941406e+01
1.221802673339843750e+02
1.675470581054687500e+02
1.796309661865234375e+02
2.089988708496093750e+01
9.205435943603515625e+01
2.016237792968750000e+02
1.667047882080078125e+02
9.504015922546386719e+00
3.891709136962890625e+01
1.461547698974609375e+02
1.748583679199218750e+02
2.220942878723144531e+01
8.781152343750000000e+01
2.687123718261718750e+02
1.710415039062500000e+02
8.512328147888183594e+00
3.773580932617187500e+01
3.637952270507812500e+02
1.689241638183593750e+02
2.323737144470214844e+01
5.987548065185546875e+01
2.356757965087890625e+02
1.728922119140625000e+02
1.132860088348388672e+01
4.419286727905273438e+01
2.669485778808593750e+02
1.716806945800781250e+02
8.602321624755859375e+00
3.454446792602539062e+01
2.019783630371093750e+02
1.665420227050781250e+02
8.834518432617187500e+00
3.268455505371093750e+01
2.157522888183593750e+02
1.727632141113281250e+02
8.634872436523437500e+00
2.983606147766113281e+01
2.166639404296875000e+02
1.754839477539062500e+02
6.763700962066650391e+00
2.220092201232910156e+01
0.000000000000000000e+00
0.000000000000000000e+00
0.000000000000000000e+00
0.000000000000000000e+00
