1.464326934814453125e+02
1.682183380126953125e+02
2.027710914611816406e+01
1.011398620605468750e+02
1.850612640380859375e+02
1.712966461181640625e+02
2.119828605651855469e+01
1.113277282714843750e+02
2.070088043212890625e+02
1.748102416992187500e+02
2.821722221374511719e+01
8.714635467529296875e+01
4.762952423095703125e+01
1.859692077636718750e+02
2.975493621826171875e+01
8.612648010253906250e+01
2.713515014648437500e+02
1.668446655273437500e+02
4.527291488647460938e+01
2.209332275390625000e+02
3.594874877929687500e+02
1.573290710449218750e+02
3.980992126464843750e+01
1.812850799560546875e+02
2.738813476562500000e+02
1.560918273925781250e+02
4.026242446899414062e+01
2.258281250000000000e+02
5.080377578735351562e+01
1.829858093261718750e+02
2.890342140197753906e+01
8.884199523925781250e+01
3.595594482421875000e+02
1.550350952148437500e+02
3.882559967041015625e+01
1.629103546142578125e+02
3.186533813476562500e+02
1.365551757812500000e+02
5.073913192749023438e+01
2.804017944335937500e+02
1.854228210449218750e+02
1.718825073242187500e+02
2.229760932922363281e+01
9.946266174316406250e+01
1.469083099365234375e+02
1.770485839843750000e+02
1.870170402526855469e+01
9.683383178710937500e+01
2.081665649414062500e+02
1.914331207275390625e+02
2.528627395629882812e+01
7.006699371337890625e+01
1.369037628173828125e+02
1.768036651611328125e+02
5.622539043426513672e+00
2.231542587280273438e+01
1.196439971923828125e+02
1.756676940917968750e+02
8.268318176269531250e+00
2.891161727905273438e+01
4.865749740600585938e+01
1.861457061767578125e+02
2.665242576599121094e+01
7.191973876953125000e+01
3.236289062500000000e+02
1.491387023925781250e+02
4.483826446533203125e+01
2.348617095947265625e+02
2.999323730468750000e+02
1.601438293457031250e+02
3.387315368652343750e+01
2.128867797851562500e+02
2.366741790771484375e+02
1.758618621826171875e+02
1.370640754699707031e+01
5.392115402221679688e+01
2.528127746582031250e+02
1.709822692871093750e+02
9.797073364257812500e+00
3.328358459472656250e+01
1.147642669677734375e+02
1.779396972656250000e+02
5.380494594573974609e+00
2.329833030700683594e+01
7.976410675048828125e+01
1.843814239501953125e+02
1.197448539733886719e+01
3.742757797241210938e+01
3.044041137695312500e+02
1.581801605224609375e+02
4.112699127197265625e+01
2.389325866699218750e+02
3.570186767578125000e+02
1.673596649169921875e+02
4.307867813110351562e+01
1.861113586425781250e+02
2.325034027099609375e+02
1.696818084716796875e+02
1.918305015563964844e+01
5.748387527465820312e+01
1.748969573974609375e+02
1.787503967285156250e+02
1.106674289703369141e+01
3.286198806762695312e+01
3.057904357910156250e+02
1.533109893798828125e+02
3.472372817993164062e+01
2.280640563964843750e+02
8.090070343017578125e+01
1.781361694335937500e+02
1.056148910522460938e+01
4.074881362915039062e+01
2.360971984863281250e+02
1.667301483154296875e+02
1.265159225463867188e+01
6.232009124755859375e+01
1.211970672607421875e+02
1.784076843261718750e+02
5.680676460266113281e+00
2.236190032958984375e+01
0.000000000000000000e+00
0.000000000000000000e+00
0.000000000000000000e+00
0.000000000000000000e+00
