7.939598846435546875e+01
1.637061309814453125e+02
2.617852401733398438e+01
1.264825820922851562e+02
1.137081680297851562e+02
1.652349700927734375e+02
2.302035903930664062e+01
1.279880065917968750e+02
1.549080505371093750e+02
1.611660156250000000e+02
2.622077751159667969e+01
1.177812957763671875e+02
1.565768432617187500e+02
1.712850799560546875e+02
2.480955696105957031e+01
1.103026428222656250e+02
1.498396911621093750e+02
1.585223999023437500e+02
3.387525177001953125e+01
1.216947860717773438e+02
7.738430786132812500e+01
1.673186035156250000e+02
3.147472572326660156e+01
1.208978881835937500e+02
1.377524108886718750e+02
1.721207275390625000e+02
2.043871307373046875e+01
9.526399993896484375e+01
3.219978637695312500e+02
1.227216186523437500e+02
9.426043701171875000e+01
2.965267944335937500e+02
1.077850265502929688e+02
1.665628814697265625e+02
3.163274765014648438e+01
1.242875137329101562e+02
2.217441864013671875e+02
1.595523986816406250e+02
5.254014968872070312e+01
2.327278900146484375e+02
2.233554229736328125e+02
1.455325164794921875e+02
4.863459014892578125e+01
2.439255065917968750e+02
1.373246612548828125e+02
1.750670166015625000e+02
2.126131057739257812e+01
1.021111984252929688e+02
2.120832519531250000e+02
1.604505004882812500e+02
3.433101654052734375e+01
2.100332641601562500e+02
7.922036743164062500e+01
1.726087951660156250e+02
2.458975791931152344e+01
9.760724639892578125e+01
1.124371337890625000e+02
1.734418334960937500e+02
2.279718589782714844e+01
9.448168945312500000e+01
1.824965057373046875e+02
1.697686157226562500e+02
1.113780307769775391e+01
5.350463104248046875e+01
3.316801147460937500e+02
9.660227966308593750e+01
8.320395660400390625e+01
2.971217346191406250e+02
1.500764007568359375e+02
1.665980529785156250e+02
3.316283798217773438e+01
1.177257614135742188e+02
2.546592559814453125e+02
1.613642883300781250e+02
2.390439796447753906e+01
7.073408508300781250e+01
2.437724914550781250e+02
1.775839080810546875e+02
4.497163009643554688e+01
2.028257141113281250e+02
1.823433380126953125e+02
1.716983184814453125e+02
1.183760547637939453e+01
6.147178268432617188e+01
0.000000000000000000e+00
0.000000000000000000e+00
0.000000000000000000e+00
0.000000000000000000e+00
