7.115475463867187500e+01
1.571124877929687500e+02
3.047249412536621094e+01
1.525263671875000000e+02
1.749569702148437500e+01
1.645489959716796875e+02
3.257636260986328125e+01
1.415815124511718750e+02
1.456031608581542969e+01
1.625873413085937500e+02
3.273430252075195312e+01
1.451240081787109375e+02
1.942382049560546875e+02
1.602338714599609375e+02
3.892083740234375000e+01
2.018346862792968750e+02
-7.126569747924804688e-01
1.628946533203125000e+02
1.258349990844726562e+01
1.715522918701171875e+02
2.268681335449218750e+02
1.371003112792968750e+02
5.053268051147460938e+01
2.567286376953125000e+02
1.743965530395507812e+01
1.765995483398437500e+02
3.340924835205078125e+01
1.295900726318359375e+02
6.965518188476562500e+01
1.494581451416015625e+02
3.427543640136718750e+01
1.454773559570312500e+02
2.277730102539062500e+02
1.457981567382812500e+02
5.044478225708007812e+01
2.593435058593750000e+02
1.583308258056640625e+02
1.819877319335937500e+02
1.001889133453369141e+01
4.576882553100585938e+01
1.941194915771484375e+02
1.512267150878906250e+02
3.985457611083984375e+01
2.041648406982421875e+02
-7.728867530822753906e-01
1.797415771484375000e+02
1.250363063812255859e+01
1.602078399658203125e+02
1.214604721069335938e+02
1.774933929443359375e+02
4.713068962097167969e+00
2.006594848632812500e+01
2.371601562500000000e+02
1.587904968261718750e+02
4.892882156372070312e+01
2.126404418945312500e+02
3.265079650878906250e+02
1.661804351806640625e+02
9.967267036437988281e+00
4.407901000976562500e+01
2.330160064697265625e+02
1.603085327148437500e+02
5.343563461303710938e+01
2.314993896484375000e+02
3.635288085937500000e+02
1.679064025878906250e+02
2.255597305297851562e+01
6.373786544799804688e+01
1.341908073425292969e+01
1.730498809814453125e+02
3.404703521728515625e+01
1.378615112304687500e+02
1.498181457519531250e+02
1.818751373291015625e+02
1.076288032531738281e+01
4.528709030151367188e+01
8.459043502807617188e-02
1.589602966308593750e+02
1.171279335021972656e+01
1.549445190429687500e+02
2.693791503906250000e+02
1.712200927734375000e+02
8.597166061401367188e+00
3.485029602050781250e+01
0.000000000000000000e+00
0.000000000000000000e+00
0.000000000000000000e+00
0.000000000000000000e+00
