2.425408477783203125e+02
1.704419860839843750e+02
2.150076484680175781e+01
1.298288421630859375e+02
1.972166290283203125e+02
1.570949554443359375e+02
2.839116668701171875e+01
1.753368835449218750e+02
1.963681793212890625e+02
1.614888916015625000e+02
3.021984863281250000e+01
1.525338287353515625e+02
1.288103332519531250e+02
1.715739288330078125e+02
1.841061782836914062e+01
6.866552734375000000e+01
1.301831970214843750e+02
1.761990356445312500e+02
1.833688735961914062e+01
6.624597930908203125e+01
1.093404312133789062e+02
1.746444244384765625e+02
1.073624992370605469e+01
4.305665969848632812e+01
2.377090454101562500e+02
1.652731323242187500e+02
3.096727943420410156e+01
1.403592071533203125e+02
1.304715423583984375e+02
1.793347167968750000e+02
1.463546180725097656e+01
5.113399505615234375e+01
2.542054901123046875e+02
1.637887878417968750e+02
1.718826484680175781e+01
1.296952972412109375e+02
2.570904541015625000e+02
1.628756866455078125e+02
1.639059257507324219e+01
1.162162475585937500e+02
9.228022766113281250e+01
1.839953613281250000e+02
1.108035182952880859e+01
3.733747863769531250e+01
1.223115692138671875e+02
1.768966674804687500e+02
5.767870903015136719e+00
2.373834228515625000e+01
1.314197845458984375e+02
1.789753723144531250e+02
1.349845981597900391e+01
6.131660079956054688e+01
2.405681457519531250e+02
1.810662536621093750e+02
2.260301208496093750e+01
1.219500503540039062e+02
3.624097595214843750e+02
1.687933044433593750e+02
2.413331794738769531e+01
6.463725280761718750e+01
0.000000000000000000e+00
0.000000000000000000e+00
0.000000000000000000e+00
0.000000000000000000e+00
