1.523461456298828125e+02
1.678582763671875000e+02
3.422235488891601562e+01
1.287718200683593750e+02
1.536546325683593750e+02
1.704235839843750000e+02
2.809869956970214844e+01
1.220910110473632812e+02
1.125482025146484375e+02
1.681781616210937500e+02
4.224166488647460938e+01
1.601431427001953125e+02
1.931242980957031250e+02
1.674913330078125000e+02
1.804239654541015625e+01
9.843711853027343750e+01
2.593506469726562500e+02
1.765471496582031250e+02
7.601244926452636719e+00
3.471064758300781250e+01
1.782486877441406250e+02
1.762663726806640625e+02
2.145811653137207031e+01
1.058895263671875000e+02
1.795068969726562500e+02
1.785789031982421875e+02
2.016516304016113281e+01
7.999021148681640625e+01
3.634436950683593750e+02
1.678251647949218750e+02
2.242503929138183594e+01
6.734364318847656250e+01
1.109028930664062500e+02
1.745446319580078125e+02
4.439943695068359375e+01
1.672741394042968750e+02
2.178589172363281250e+02
1.731307525634765625e+02
8.224684715270996094e+00
2.960134696960449219e+01
2.091422424316406250e+02
1.711941223144531250e+02
8.206821441650390625e+00
3.137332725524902344e+01
2.404037933349609375e+02
1.762790985107421875e+02
7.803407669067382812e+00
3.544899749755859375e+01
0.000000000000000000e+00
0.000000000000000000e+00
0.000000000000000000e+00
0.000000000000000000e+00
