1.387461090087890625e+02
1.661100921630859375e+02
2.570158576965332031e+01
1.011030273437500000e+02
2.574491882324218750e+02
1.635566253662109375e+02
4.158105087280273438e+01
2.291058044433593750e+02
3.489819335937500000e+02
1.623342437744140625e+02
3.167652320861816406e+01
1.608576049804687500e+02
1.720064697265625000e+02
1.711994323730468750e+02
2.693230247497558594e+01
1.096552581787109375e+02
3.471860046386718750e+02
1.615272216796875000e+02
3.411666107177734375e+01
1.492229156494140625e+02
2.878800964355468750e+02
1.505517272949218750e+02
7.659901428222656250e+01
2.666889648437500000e+02
2.006800537109375000e+02
1.697328186035156250e+02
1.881971740722656250e+01
8.995359802246093750e+01
2.893674621582031250e+02
1.593143768310546875e+02
7.836244964599609375e+01
2.624732360839843750e+02
1.743808898925781250e+02
1.627280578613281250e+02
2.299072837829589844e+01
1.172739868164062500e+02
3.050010375976562500e+02
1.801416931152343750e+02
5.167950820922851562e+01
1.995013275146484375e+02
7.602513122558593750e+01
1.874195556640625000e+02
2.173918151855468750e+01
6.227500152587890625e+01
1.669616394042968750e+02
1.609277496337890625e+02
3.495350646972656250e+01
1.206247940063476562e+02
1.667415466308593750e+02
1.686144256591796875e+02
3.597892761230468750e+01
1.146810531616210938e+02
1.199242019653320312e+02
1.739101562500000000e+02
8.800957679748535156e+00
3.148723220825195312e+01
2.595841674804687500e+02
1.563314208984375000e+02
3.826296615600585938e+01
2.252018890380859375e+02
3.038467407226562500e+02
2.156964721679687500e+02
5.443262481689453125e+01
1.563907318115234375e+02
3.686171875000000000e+02
1.668922119140625000e+02
1.674799156188964844e+01
7.007147216796875000e+01
1.944265899658203125e+02
1.670066070556640625e+02
1.684405899047851562e+01
9.530443572998046875e+01
7.121005249023437500e+01
1.972468566894531250e+02
2.770528221130371094e+01
6.574906158447265625e+01
2.375917816162109375e+02
1.682209167480468750e+02
1.175055694580078125e+01
5.925703430175781250e+01
1.572121582031250000e+02
1.705983581542968750e+02
1.081821060180664062e+01
4.929947280883789062e+01
2.563362426757812500e+02
1.834102172851562500e+02
4.483449554443359375e+01
2.149320678710937500e+02
3.490946350097656250e+02
1.720215911865234375e+02
2.649402046203613281e+01
1.253742141723632812e+02
2.367226257324218750e+02
1.720612030029296875e+02
1.243677806854248047e+01
6.023613357543945312e+01
1.145602569580078125e+02
1.745173492431640625e+02
7.054528713226318359e+00
3.097933959960937500e+01
3.515224914550781250e+02
1.607958526611328125e+02
3.676305389404296875e+01
1.495014038085937500e+02
1.327250518798828125e+02
1.638280792236328125e+02
3.809246444702148438e+01
1.039714355468750000e+02
1.185903549194335938e+00
2.164020233154296875e+02
2.002559471130371094e+01
6.356546401977539062e+01
-6.661052703857421875e-01
2.048617858886718750e+02
1.827783584594726562e+01
6.107291412353515625e+01
0.000000000000000000e+00
0.000000000000000000e+00
0.000000000000000000e+00
0.000000000000000000e+00
