1.562528991699218750e+02
1.705047302246093750e+02
2.647030639648437500e+01
9.625968170166015625e+01
2.899102172851562500e+02
1.663258361816406250e+02
4.843067550659179688e+01
2.286272430419921875e+02
1.978179626464843750e+02
1.765316467285156250e+02
2.813526916503906250e+01
1.022953414916992188e+02
2.259264984130859375e+02
1.737225494384765625e+02
2.003497695922851562e+01
8.944051361083984375e+01
1.928783111572265625e+02
1.729032745361328125e+02
3.869411849975585938e+01
1.085353698730468750e+02
1.519431457519531250e+02
1.745118255615234375e+02
9.188772201538085938e+00
4.616125106811523438e+01
3.910762023925781250e+02
1.519527435302734375e+02
2.396439933776855469e+01
1.941889648437500000e+02
9.352376937866210938e+00
1.922999267578125000e+02
3.426047134399414062e+01
8.163172912597656250e+01
3.352521057128906250e+02
1.435812377929687500e+02
5.060556411743164062e+01
2.658382568359375000e+02
3.386074829101562500e+02
1.488276672363281250e+02
4.716284179687500000e+01
2.370738983154296875e+02
3.229384765625000000e+02
1.435055236816406250e+02
8.120355987548828125e+01
2.689473266601562500e+02
1.922754058837890625e+02
1.638812561035156250e+02
3.928819656372070312e+01
1.150147781372070312e+02
3.918417663574218750e+02
1.582225189208984375e+02
2.391868019104003906e+01
2.064098205566406250e+02
1.880499267578125000e+02
1.671694946289062500e+02
1.981309509277343750e+01
9.895756530761718750e+01
2.869939575195312500e+02
1.830853118896484375e+02
5.236368560791015625e+01
2.148525085449218750e+02
1.203785858154296875e+02
1.745750427246093750e+02
7.528224468231201172e+00
3.152770805358886719e+01
1.380106506347656250e+02
1.775802154541015625e+02
7.325935363769531250e+00
3.268197250366210938e+01
2.946090087890625000e+02
1.521077575683593750e+02
4.077682876586914062e+01
2.322027435302734375e+02
2.392633514404296875e+02
1.762433624267578125e+02
1.171650791168212891e+01
5.331642913818359375e+01
1.507772521972656250e+02
1.672212219238281250e+02
3.936252212524414062e+01
1.011136398315429688e+02
7.993375396728515625e+01
1.779356536865234375e+02
1.154296016693115234e+01
4.096073150634765625e+01
3.776222229003906250e+00
1.978954010009765625e+02
4.781807708740234375e+01
9.786193847656250000e+01
1.504915618896484375e+02
1.768282318115234375e+02
9.887416839599609375e+00
4.815802764892578125e+01
3.907323608398437500e+02
1.466926879882812500e+02
2.432998847961425781e+01
1.778943786621093750e+02
2.016702880859375000e+02
1.747825622558593750e+02
2.424068832397460938e+01
8.982013702392578125e+01
0.000000000000000000e+00
0.000000000000000000e+00
0.000000000000000000e+00
0.000000000000000000e+00
