1.214447479248046875e+02
1.667860565185546875e+02
5.108282852172851562e+01
1.873772277832031250e+02
2.501089477539062500e+02
1.740182647705078125e+02
9.882637023925781250e+00
3.933192825317382812e+01
1.671647949218750000e+02
1.681513061523437500e+02
3.001742935180664062e+01
1.345583953857421875e+02
1.693410186767578125e+02
1.696023254394531250e+02
2.386228179931640625e+01
1.292276458740234375e+02
1.943887634277343750e+02
1.738909912109375000e+02
2.381743240356445312e+01
1.139282989501953125e+02
1.220247650146484375e+02
1.606854553222656250e+02
4.889749908447265625e+01
1.846636505126953125e+02
2.046929168701171875e+02
1.698474273681640625e+02
1.922164154052734375e+01
1.144534988403320312e+02
1.246471557617187500e+02
1.769036712646484375e+02
1.035666561126708984e+01
3.811254882812500000e+01
2.498871154785156250e+02
1.706562347412109375e+02
9.715698242187500000e+00
4.108072662353515625e+01
2.109184570312500000e+02
1.706220245361328125e+02
1.737578392028808594e+01
9.996585845947265625e+01
1.167302551269531250e+02
1.877571411132812500e+02
5.070745849609375000e+01
1.465343780517578125e+02
1.106878433227539062e+02
1.753683166503906250e+02
8.939679145812988281e+00
4.111881637573242188e+01
1.033624725341796875e+02
1.761760864257812500e+02
9.240159034729003906e+00
4.045408248901367188e+01
2.509094543457031250e+02
1.743424835205078125e+02
1.081300067901611328e+01
3.867710113525390625e+01
0.000000000000000000e+00
0.000000000000000000e+00
0.000000000000000000e+00
0.000000000000000000e+00
