1.038402862548828125e+02
1.697225494384765625e+02
3.755413818359375000e+01
1.285734558105468750e+02
1.543191680908203125e+02
1.783514709472656250e+02
1.491691875457763672e+01
8.069593048095703125e+01
1.318638610839843750e+02
1.714329681396484375e+02
2.013301658630371094e+01
1.163326339721679688e+02
1.402143554687500000e+02
1.733286437988281250e+02
2.029756164550781250e+01
9.224808502197265625e+01
1.322272796630859375e+02
1.728527526855468750e+02
2.110737037658691406e+01
9.364247131347656250e+01
3.625757446289062500e+02
1.671237030029296875e+02
2.335862350463867188e+01
6.478341674804687500e+01
2.730355834960937500e+02
1.708199005126953125e+02
8.172005653381347656e+00
3.774555206298828125e+01
1.362806091308593750e+02
1.808001251220703125e+02
2.083195114135742188e+01
9.284460449218750000e+01
2.174994659423828125e+02
1.717378387451171875e+02
8.382242202758789062e+00
3.021441268920898438e+01
0.000000000000000000e+00
0.000000000000000000e+00
0.000000000000000000e+00
0.000000000000000000e+00
