1.765407409667968750e+02
1.640202636718750000e+02
3.701334381103515625e+01
1.460693054199218750e+02
1.227896194458007812e+02
1.699898986816406250e+02
1.685899162292480469e+01
6.985115814208984375e+01
1.770583496093750000e+02
1.643893432617187500e+02
3.509699249267578125e+01
1.554917297363281250e+02
2.190519714355468750e+02
1.737880249023437500e+02
2.467179679870605469e+01
1.184969482421875000e+02
1.402238311767578125e+02
1.649140319824218750e+02
4.640725708007812500e+01
2.018701934814453125e+02
1.236439743041992188e+02
1.782138977050781250e+02
1.811510086059570312e+01
6.200239944458007812e+01
2.126659698486328125e+02
1.695532989501953125e+02
3.426527786254882812e+01
1.256688232421875000e+02
1.706947937011718750e+02
1.626534729003906250e+02
3.958298873901367188e+01
1.454070434570312500e+02
1.398605194091796875e+02
1.797470397949218750e+02
4.894382095336914062e+01
1.900765380859375000e+02
1.088741531372070312e+02
1.755266571044921875e+02
9.303754806518554688e+00
4.186316680908203125e+01
1.711917877197265625e+02
1.635515899658203125e+02
3.861855697631835938e+01
1.599446411132812500e+02
1.364449310302734375e+02
1.696908264160156250e+02
4.329525375366210938e+01
1.900972747802734375e+02
1.248564376831054688e+02
1.768334350585937500e+02
1.310627937316894531e+01
5.742018890380859375e+01
1.252889480590820312e+02
1.806901245117187500e+02
1.413282299041748047e+01
5.733506393432617188e+01
1.059618225097656250e+02
1.767649536132812500e+02
7.908159732818603516e+00
3.936592483520507812e+01
2.542618713378906250e+02
1.683418731689453125e+02
8.997252464294433594e+00
4.403160858154296875e+01
2.470435028076171875e+02
1.688954925537109375e+02
8.610279083251953125e+00
4.274686813354492188e+01
9.705429077148437500e+01
1.786005706787109375e+02
8.879137039184570312e+00
3.752709579467773438e+01
2.243330230712890625e+02
1.751684722900390625e+02
2.081374549865722656e+01
9.035241699218750000e+01
3.629065551757812500e+02
1.695386047363281250e+02
2.335072708129882812e+01
6.337061691284179688e+01
2.165647277832031250e+02
1.928325195312500000e+02
2.239082145690917969e+01
9.990605163574218750e+01
2.320547180175781250e+02
1.647619323730468750e+02
1.846878433227539062e+01
1.124231109619140625e+02
2.546530761718750000e+02
1.748982849121093750e+02
9.032048225402832031e+00
3.700553512573242188e+01
1.449311370849609375e+02
1.857987518310546875e+02
6.355512142181396484e+00
2.124246978759765625e+01
0.000000000000000000e+00
0.000000000000000000e+00
0.000000000000000000e+00
0.000000000000000000e+00
