3.525877075195312500e+02
1.616163635253906250e+02
5.754279708862304688e+01
2.425646820068359375e+02
2.408388977050781250e+02
1.715281829833984375e+02
2.562606811523437500e+01
9.597852325439453125e+01
2.447919616699218750e+02
1.648697662353515625e+02
2.442615699768066406e+01
1.084799728393554688e+02
3.599184265136718750e+02
1.554061279296875000e+02
5.526985168457031250e+01
2.534900512695312500e+02
1.379746093750000000e+02
1.768944702148437500e+02
9.546216964721679688e+00
3.910740661621093750e+01
2.179314117431640625e+02
1.680236206054687500e+02
2.456849288940429688e+01
9.741841125488281250e+01
3.496958618164062500e+02
1.643085784912109375e+02
6.302147674560546875e+01
2.525736389160156250e+02
1.535745391845703125e+02
1.726545715332031250e+02
8.208035469055175781e+00
3.564822387695312500e+01
1.996325988769531250e+02
1.694765777587890625e+02
2.337298202514648438e+01
9.198442840576171875e+01
1.414552459716796875e+02
1.757833251953125000e+02
8.578014373779296875e+00
3.808278656005859375e+01
1.257562942504882812e+02
1.755502929687500000e+02
8.135968208312988281e+00
2.934994888305664062e+01
3.605816650390625000e+02
1.647193603515625000e+02
5.393529891967773438e+01
2.526878051757812500e+02
1.536307373046875000e+02
1.749369659423828125e+02
9.146862983703613281e+00
3.636196517944335938e+01
1.193063659667968750e+02
1.739807128906250000e+02
8.402193069458007812e+00
3.170736503601074219e+01
2.418313751220703125e+02
1.744856414794921875e+02
2.436010360717773438e+01
1.020399398803710938e+02
3.392173156738281250e+02
1.604997863769531250e+02
7.586562347412109375e+01
2.456785736083984375e+02
1.975963134765625000e+02
1.673101196289062500e+02
1.900462532043457031e+01
9.272294616699218750e+01
2.092203826904296875e+02
1.598653259277343750e+02
4.011569213867187500e+01
1.115039062500000000e+02
2.411764678955078125e+02
1.595152740478515625e+02
3.379807281494140625e+01
1.181851119995117188e+02
2.346684570312500000e+02
1.616010437011718750e+02
3.554856491088867188e+01
1.149828491210937500e+02
1.747354278564453125e+02
1.802199859619140625e+02
1.169795894622802734e+01
3.034776115417480469e+01
0.000000000000000000e+00
0.000000000000000000e+00
0.000000000000000000e+00
0.000000000000000000e+00
