1.804914283752441406e+01
1.691847534179687500e+02
3.690343093872070312e+01
1.359344177246093750e+02
1.572293701171875000e+02
1.764367828369140625e+02
1.092755889892578125e+01
5.758551025390625000e+01
6.534084320068359375e+01
1.683415832519531250e+02
3.933439636230468750e+01
1.367710876464843750e+02
1.949717712402343750e+01
1.741036987304687500e+02
3.429122924804687500e+01
1.338408355712890625e+02
2.306754913330078125e+02
1.596812133789062500e+02
5.561855316162109375e+01
2.316932220458984375e+02
9.172663879394531250e+01
1.708381195068359375e+02
2.378232765197753906e+01
1.120634994506835938e+02
6.695586395263671875e+01
1.707616271972656250e+02
3.524323654174804688e+01
1.415036010742187500e+02
1.283488464355468750e+02
1.665417022705078125e+02
2.414598846435546875e+01
1.203583068847656250e+02
1.227239913940429688e+02
1.519134521484375000e+02
3.354825973510742188e+01
1.375432891845703125e+02
2.298833465576171875e+02
1.671323852539062500e+02
4.705471801757812500e+01
2.181271209716796875e+02
9.156245422363281250e+01
1.696208801269531250e+02
2.264895057678222656e+01
1.038542633056640625e+02
2.315774536132812500e+02
1.609095764160156250e+02
5.781459045410156250e+01
2.140401000976562500e+02
2.089861907958984375e+02
1.638239746093750000e+02
3.479165649414062500e+01
1.965903930664062500e+02
1.228169708251953125e+02
1.614037170410156250e+02
3.283291244506835938e+01
1.285332489013671875e+02
1.266824798583984375e+02
1.645942230224609375e+02
2.433068084716796875e+01
1.103833236694335938e+02
1.577853393554687500e+02
1.855375061035156250e+02
1.103897476196289062e+01
4.972890853881835938e+01
5.932150268554687500e+01
1.681997375488281250e+02
3.839288711547851562e+01
1.387015228271484375e+02
2.082968444824218750e+02
1.573130950927734375e+02
3.603923797607421875e+01
1.892323608398437500e+02
2.050971221923828125e+02
1.678949584960937500e+02
3.448806762695312500e+01
1.883914947509765625e+02
1.988278656005859375e+02
1.735458068847656250e+02
1.168333530426025391e+01
5.825645446777343750e+01
2.289788360595703125e+02
1.581567077636718750e+02
4.685528564453125000e+01
2.202435760498046875e+02
1.210330505371093750e+02
1.770852050781250000e+02
5.147185802459716797e+00
2.096255683898925781e+01
3.626134338378906250e+02
1.669806823730468750e+02
2.366245269775390625e+01
6.666688537597656250e+01
1.995291900634765625e+02
1.640685882568359375e+02
1.156887817382812500e+01
6.725195312500000000e+01
1.139602890014648438e+02
1.765416564941406250e+02
5.341401100158691406e+00
2.459981918334960938e+01
2.039248809814453125e+02
1.608756103515625000e+02
3.669742584228515625e+01
1.813062896728515625e+02
1.960375823974609375e+02
1.705954589843750000e+02
1.625781822204589844e+01
6.267235946655273438e+01
3.984563293457031250e+02
1.499808044433593750e+02
1.632133865356445312e+01
1.002921295166015625e+02
1.487722473144531250e+02
1.792303619384765625e+02
9.471756935119628906e+00
4.768993759155273438e+01
0.000000000000000000e+00
0.000000000000000000e+00
0.000000000000000000e+00
0.000000000000000000e+00
