3.669945144653320312e+01
1.524618377685546875e+02
3.359043884277343750e+01
1.667998046875000000e+02
2.294122314453125000e+02
1.493952636718750000e+02
4.191888809204101562e+01
2.328586273193359375e+02
2.272075347900390625e+02
1.559207000732421875e+02
4.576029586791992188e+01
2.398384704589843750e+02
1.900842742919921875e+02
1.603533020019531250e+02
4.136516952514648438e+01
2.072530364990234375e+02
1.582809143066406250e+02
1.797668762207031250e+02
1.042578029632568359e+01
4.870557785034179688e+01
3.164685668945312500e+02
1.678151397705078125e+02
9.676576614379882812e+00
4.310260009765625000e+01
3.881697692871093750e+02
1.556835174560546875e+02
2.710946083068847656e+01
1.792562866210937500e+02
3.653534698486328125e+01
1.589884948730468750e+02
3.467892837524414062e+01
1.659340057373046875e+02
3.892885742187500000e+02
1.497677307128906250e+02
2.594593048095703125e+01
1.747178802490234375e+02
1.046144943237304688e+02
1.743153991699218750e+02
1.074205207824707031e+01
4.234822082519531250e+01
3.633059387207031250e+02
1.697675476074218750e+02
2.232970428466796875e+01
6.460943603515625000e+01
7.929759979248046875e+01
1.810990753173828125e+02
1.247427558898925781e+01
4.213138961791992188e+01
3.813493652343750000e+02
1.537349853515625000e+02
3.323473358154296875e+01
1.827520904541015625e+02
1.877623901367187500e+02
1.688936157226562500e+02
3.750789260864257812e+01
1.894349365234375000e+02
7.957646942138671875e+01
1.782934875488281250e+02
1.185939693450927734e+01
4.064349365234375000e+01
1.208941879272460938e+02
1.766881103515625000e+02
6.088292121887207031e+00
2.127826118469238281e+01
1.489615783691406250e+02
1.813177185058593750e+02
1.076002025604248047e+01
4.641947555541992188e+01
2.570383300781250000e+02
1.693661651611328125e+02
1.730942726135253906e+01
6.732360839843750000e+01
3.147882080078125000e+02
1.687116546630859375e+02
9.415011405944824219e+00
4.144431686401367188e+01
0.000000000000000000e+00
0.000000000000000000e+00
0.000000000000000000e+00
0.000000000000000000e+00
