2.418142547607421875e+02
1.679686584472656250e+02
2.179266166687011719e+01
1.353867950439453125e+02
1.971643981933593750e+02
1.596723175048828125e+02
2.734592247009277344e+01
1.694172973632812500e+02
1.299326782226562500e+02
1.765003814697265625e+02
1.844959449768066406e+01
6.563613128662109375e+01
2.376374359130859375e+02
1.667973632812500000e+02
3.035449981689453125e+01
1.374720611572265625e+02
1.286391906738281250e+02
1.730253295898437500e+02
1.831670951843261719e+01
6.681455993652343750e+01
1.965597686767578125e+02
1.628563232421875000e+02
2.910452461242675781e+01
1.505446319580078125e+02
1.092865524291992188e+02
1.745306549072265625e+02
1.085510540008544922e+01
4.331732177734375000e+01
2.534940185546875000e+02
1.645817260742187500e+02
1.792694091796875000e+01
1.270939483642578125e+02
1.301462249755859375e+02
1.796768646240234375e+02
1.471258354187011719e+01
5.112414550781250000e+01
1.222627487182617188e+02
1.768793640136718750e+02
5.615532398223876953e+00
2.301934623718261719e+01
3.625874633789062500e+02
1.694766387939453125e+02
2.488076782226562500e+01
6.644625854492187500e+01
1.312449951171875000e+02
1.785182189941406250e+02
1.392187786102294922e+01
6.206132507324218750e+01
2.548984222412109375e+02
1.663072662353515625e+02
1.742465591430664062e+01
1.077503585815429688e+02
1.575383605957031250e+02
1.545765533447265625e+02
5.645197677612304688e+01
2.414632263183593750e+02
9.225100708007812500e+01
1.850748901367187500e+02
1.117314338684082031e+01
3.570692825317382812e+01
1.562240142822265625e+02
1.516316680908203125e+02
5.242810058593750000e+01
2.287599792480468750e+02
2.399099426269531250e+02
1.821354980468750000e+02
2.283689880371093750e+01
1.191072082519531250e+02
1.033090057373046875e+02
1.751938171386718750e+02
7.075919151306152344e+00
4.061400604248046875e+01
1.479227294921875000e+02
1.840642852783203125e+02
1.249997138977050781e+01
5.288669204711914062e+01
3.969424743652343750e+02
1.822106170654296875e+02
1.765144920349121094e+01
6.718204498291015625e+01
0.000000000000000000e+00
0.000000000000000000e+00
0.000000000000000000e+00
0.000000000000000000e+00
