2.932201232910156250e+02
1.577842864990234375e+02
3.834049987792968750e+01
1.455446777343750000e+02
1.238763504028320312e+02
1.729165649414062500e+02
2.583873558044433594e+01
9.525376892089843750e+01
9.386640167236328125e+01
1.736020507812500000e+02
2.764744186401367188e+01
1.051521759033203125e+02
1.578945312500000000e+02
1.813979949951171875e+02
8.566879272460937500e+00
4.181292724609375000e+01
3.238440246582031250e+02
1.685271759033203125e+02
2.759790039062500000e+01
1.235983047485351562e+02
2.929178466796875000e+02
1.514489440917968750e+02
3.664187622070312500e+01
1.416154022216796875e+02
3.230311889648437500e+02
1.654436340332031250e+02
3.083434295654296875e+01
1.271568374633789062e+02
8.985163879394531250e+01
1.698241271972656250e+02
3.558147430419921875e+01
1.121998138427734375e+02
1.580210876464843750e+02
1.770441284179687500e+02
9.475412368774414062e+00
4.306805038452148438e+01
1.239939270019531250e+02
1.798569335937500000e+02
2.427300453186035156e+01
9.191235351562500000e+01
9.267993164062500000e+01
1.804944915771484375e+02
2.709773445129394531e+01
7.738472747802734375e+01
2.722888183593750000e+02
1.699756774902343750e+02
8.041775703430175781e+00
3.847998046875000000e+01
3.652042846679687500e+02
1.678875732421875000e+02
2.066467475891113281e+01
6.462862396240234375e+01
8.799417114257812500e+01
1.681999206542968750e+02
3.742963409423828125e+01
1.081005706787109375e+02
3.228492736816406250e+02
1.779906768798828125e+02
2.274921607971191406e+01
1.008645858764648438e+02
3.987193908691406250e+02
1.504539184570312500e+02
1.595728015899658203e+01
1.015740966796875000e+02
0.000000000000000000e+00
0.000000000000000000e+00
0.000000000000000000e+00
0.000000000000000000e+00
