1.133620376586914062e+02
1.564720916748046875e+02
3.400510787963867188e+01
1.392890625000000000e+02
1.114943695068359375e+02
1.502496337890625000e+02
3.776119613647460938e+01
1.432141723632812500e+02
3.777317047119140625e+01
1.666675109863281250e+02
4.244180679321289062e+01
1.432838439941406250e+02
3.604708862304687500e+01
1.702734069824218750e+02
4.539797210693359375e+01
1.443194274902343750e+02
7.333917999267578125e+01
1.728205413818359375e+02
2.125418663024902344e+01
1.112665710449218750e+02
1.105652008056640625e+02
1.581210632324218750e+02
3.281404876708984375e+01
1.360888977050781250e+02
1.239204406738281250e-01
1.753157958984375000e+02
3.928807067871093750e+01
1.376959686279296875e+02
2.036053009033203125e+02
1.673493041992187500e+02
3.664406967163085938e+01
1.882999420166015625e+02
2.331967010498046875e+02
1.669097900390625000e+02
5.247316741943359375e+01
2.198214263916015625e+02
2.358627624511718750e+02
1.626908111572265625e+02
5.107575607299804688e+01
2.065111389160156250e+02
3.561973571777343750e-02
1.639872741699218750e+02
3.908644866943359375e+01
1.464153594970703125e+02
1.094179840087890625e+02
1.524096527099609375e+02
3.462377166748046875e+01
1.379074401855468750e+02
1.502552337646484375e+02
1.822875671386718750e+02
8.703247070312500000e+00
4.361681747436523438e+01
2.041347045898437500e+02
1.630414581298828125e+02
3.561882400512695312e+01
1.808737487792968750e+02
2.058950042724609375e+02
1.616072692871093750e+02
3.916979598999023438e+01
2.008390350341796875e+02
1.593546600341796875e+02
1.811819610595703125e+02
7.900617122650146484e+00
4.622075653076171875e+01
1.011492538452148438e+02
1.730858001708984375e+02
1.091602134704589844e+01
4.610094833374023438e+01
3.628677368164062500e+02
1.674545898437500000e+02
2.288655090332031250e+01
6.457324218750000000e+01
2.317935638427734375e+02
1.701665954589843750e+02
4.426366424560546875e+01
2.141619262695312500e+02
1.413816833496093750e+02
1.810658111572265625e+02
9.905849456787109375e+00
4.659133529663085938e+01
3.980126647949218750e+02
1.802271728515625000e+02
1.686678314208984375e+01
7.062304687500000000e+01
2.066533355712890625e+02
1.521191253662109375e+02
3.730450057983398438e+01
2.010364074707031250e+02
0.000000000000000000e+00
0.000000000000000000e+00
0.000000000000000000e+00
0.000000000000000000e+00
