1.262821655273437500e+02
1.681082305908203125e+02
2.679476165771484375e+01
1.070562515258789062e+02
3.632124023437500000e+02
1.608167419433593750e+02
3.591440582275390625e+01
1.465329742431640625e+02
3.368000793457031250e+02
1.569925231933593750e+02
3.575541687011718750e+01
1.556987609863281250e+02
1.026759185791015625e+02
1.697981567382812500e+02
2.532424545288085938e+01
1.163344039916992188e+02
3.334027099609375000e+02
1.576401062011718750e+02
3.485026931762695312e+01
1.517959899902343750e+02
1.259203414916992188e+02
1.740588073730468750e+02
2.666310119628906250e+01
1.025869827270507812e+02
1.562228088378906250e+02
1.751821746826171875e+02
1.109721183776855469e+01
4.554661941528320312e+01
2.702824401855468750e+02
1.697134857177734375e+02
8.961799621582031250e+00
3.868688583374023438e+01
3.347695312500000000e+02
1.665152435302734375e+02
4.016516876220703125e+01
1.505514831542968750e+02
9.808932495117187500e+01
1.688422088623046875e+02
3.296336746215820312e+01
1.171422500610351562e+02
9.379595947265625000e+01
1.709557037353515625e+02
3.445394134521484375e+01
1.166147460937500000e+02
3.102886352539062500e+02
1.720227966308593750e+02
1.128487586975097656e+01
4.397973632812500000e+01
3.622695922851562500e+02
1.721906280517578125e+02
3.670559692382812500e+01
1.397005310058593750e+02
3.627279968261718750e+02
1.599635314941406250e+02
4.531333160400390625e+01
1.496604156494140625e+02
3.996223449707031250e+02
1.497111968994140625e+02
1.521570110321044922e+01
1.053312759399414062e+02
1.031434555053710938e+02
1.766613311767578125e+02
2.392356872558593750e+01
8.810055541992187500e+01
3.352342224121093750e+02
1.733260192871093750e+02
8.200551033020019531e+00
4.125774002075195312e+01
1.212704238891601562e+02
1.691483459472656250e+02
3.571360778808593750e+01
1.051408843994140625e+02
3.311203308105468750e+02
1.720986175537109375e+02
3.895624923706054688e+01
1.405713195800781250e+02
3.987307739257812500e+02
1.730216674804687500e+02
1.672638893127441406e+01
7.973454284667968750e+01
3.659649658203125000e+02
1.729794921875000000e+02
2.796698188781738281e+01
1.198770904541015625e+02
3.112761535644531250e+02
1.653651580810546875e+02
9.570422172546386719e+00
5.039197540283203125e+01
3.346801147460937500e+02
1.666744384765625000e+02
8.976481437683105469e+00
4.784080123901367188e+01
1.563539886474609375e+02
1.801279602050781250e+02
1.044325542449951172e+01
4.235408401489257812e+01
0.000000000000000000e+00
0.000000000000000000e+00
0.000000000000000000e+00
0.000000000000000000e+00
