5.851864624023437500e+01
1.655876770019531250e+02
3.797821044921875000e+01
1.270587463378906250e+02
1.466107177734375000e+02
1.528455505371093750e+02
3.039322853088378906e+01
1.358190155029296875e+02
1.255550765991210938e+02
1.674880981445312500e+02
1.958031082153320312e+01
1.033838653564453125e+02
9.725077819824218750e+01
1.649697265625000000e+02
3.497959136962890625e+01
1.336181640625000000e+02
9.224076843261718750e+01
1.657275238037109375e+02
3.511630630493164062e+01
1.334879760742187500e+02
6.028924942016601562e+01
1.655065002441406250e+02
4.511847686767578125e+01
1.303007812500000000e+02
2.242680664062500000e+02
1.497449493408203125e+02
4.991230392456054688e+01
2.336907043457031250e+02
1.491402435302734375e+02
1.663895568847656250e+02
2.450692367553710938e+01
1.186003494262695312e+02
1.500030059814453125e+02
1.520979309082031250e+02
2.376311492919921875e+01
1.373987274169921875e+02
1.428367767333984375e+02
1.530068817138671875e+02
3.040120315551757812e+01
1.370093994140625000e+02
2.253292846679687500e+02
1.653706665039062500e+02
4.932728576660156250e+01
2.199136199951171875e+02
1.467400970458984375e+02
1.615398406982421875e+02
2.994684600830078125e+01
1.275920486450195312e+02
2.111013488769531250e+02
1.629525146484375000e+02
3.269585418701171875e+01
2.006190948486328125e+02
1.399626159667968750e+02
1.645933990478515625e+02
3.480747985839843750e+01
1.214257507324218750e+02
1.761458435058593750e+02
1.794970550537109375e+02
1.102389430999755859e+01
3.278674697875976562e+01
3.633700256347656250e+02
1.674519195556640625e+02
2.276311492919921875e+01
5.999354934692382812e+01
1.268931274414062500e+02
1.743220062255859375e+02
1.931099891662597656e+01
1.037009201049804688e+02
8.698503112792968750e+01
1.752737731933593750e+02
9.809822082519531250e+00
4.504197692871093750e+01
2.569374694824218750e+02
1.689230804443359375e+02
1.852742576599121094e+01
6.575631713867187500e+01
2.516518554687500000e+02
1.626200256347656250e+02
3.448027420043945312e+01
1.712700042724609375e+02
1.447111206054687500e+02
1.731363830566406250e+02
2.708724784851074219e+01
1.066401367187500000e+02
2.075919647216796875e+02
1.665407104492187500e+02
2.933669471740722656e+01
1.919630279541015625e+02
8.527647399902343750e+01
1.788761138916015625e+02
1.026630783081054688e+01
4.574015426635742188e+01
2.103362579345703125e+02
1.485523986816406250e+02
3.310061645507812500e+01
2.047967071533203125e+02
9.540899658203125000e+01
1.769261779785156250e+02
1.387108993530273438e+01
5.498004913330078125e+01
1.458759460449218750e+02
1.693201599121093750e+02
2.331027984619140625e+01
9.626779937744140625e+01
3.980168762207031250e+02
1.815968322753906250e+02
1.648524475097656250e+01
7.032037353515625000e+01
0.000000000000000000e+00
0.000000000000000000e+00
0.000000000000000000e+00
0.000000000000000000e+00
