1.543754730224609375e+02
1.772512817382812500e+02
2.185126686096191406e+01
8.456175231933593750e+01
1.161976165771484375e+02
1.691578674316406250e+02
3.526849365234375000e+01
1.289564971923828125e+02
2.163919830322265625e+02
1.720915222167968750e+02
9.734238624572753906e+00
3.080318641662597656e+01
1.088298797607421875e+02
1.676046447753906250e+02
3.359335327148437500e+01
1.327568206787109375e+02
1.367360229492187500e+02
1.724874725341796875e+02
1.897907829284667969e+01
1.098584594726562500e+02
2.730219421386718750e+02
1.704394073486328125e+02
8.832163810729980469e+00
3.885506439208984375e+01
1.296293945312500000e+02
1.645167541503906250e+02
2.094720649719238281e+01
1.361955718994140625e+02
3.629441223144531250e+02
1.665675506591796875e+02
2.293103218078613281e+01
6.774520874023437500e+01
1.398177490234375000e+02
1.730547943115234375e+02
1.711713218688964844e+01
9.596608734130859375e+01
1.547036285400390625e+02
1.910731201171875000e+02
2.105894088745117188e+01
7.002017974853515625e+01
1.030596694946289062e+02
1.760990295410156250e+02
1.149807453155517578e+01
4.141770935058593750e+01
2.357062530517578125e+02
1.708541259765625000e+02
1.071042251586914062e+01
4.787866973876953125e+01
0.000000000000000000e+00
0.000000000000000000e+00
0.000000000000000000e+00
0.000000000000000000e+00
