9.928823852539062500e+01
1.686933593750000000e+02
3.122969818115234375e+01
1.267836380004882812e+02
3.921707153320312500e+02
1.523567199707031250e+02
2.388667678833007812e+01
1.669352569580078125e+02
1.035455780029296875e+02
1.694216003417968750e+02
2.475539016723632812e+01
1.258797225952148438e+02
3.918996276855468750e+02
1.537348022460937500e+02
2.398670578002929688e+01
1.811295318603515625e+02
1.376235809326171875e+02
1.716910705566406250e+02
2.292523956298828125e+01
9.248592376708984375e+01
1.309159393310546875e+02
1.662375640869140625e+02
2.244147491455078125e+01
1.083773803710937500e+02
3.258412170410156250e+02
1.724387054443359375e+02
1.050149631500244141e+01
4.240238189697265625e+01
2.733115539550781250e+02
1.691051025390625000e+02
7.970854759216308594e+00
4.022447967529296875e+01
9.469821166992187500e+01
1.720798950195312500e+02
3.275139617919921875e+01
1.245796585083007812e+02
1.345746459960937500e+02
1.797563476562500000e+02
2.332940864562988281e+01
9.564331817626953125e+01
3.268458862304687500e+02
1.684285583496093750e+02
1.027647399902343750e+01
4.392835617065429688e+01
1.295773162841796875e+02
1.804839477539062500e+02
2.539159774780273438e+01
9.170231628417968750e+01
1.600301513671875000e+02
1.748099212646484375e+02
8.122160911560058594e+00
4.163526153564453125e+01
3.634632873535156250e+02
1.685819702148437500e+02
2.199382400512695312e+01
6.419485473632812500e+01
1.757465362548828125e+02
1.784114685058593750e+02
8.476331710815429688e+00
3.318154525756835938e+01
0.000000000000000000e+00
0.000000000000000000e+00
0.000000000000000000e+00
0.000000000000000000e+00
