2.952775268554687500e+02
1.558318786621093750e+02
3.698260116577148438e+01
1.474673461914062500e+02
1.244709701538085938e+02
1.736915588378906250e+02
2.445314598083496094e+01
9.412622833251953125e+01
9.487456512451171875e+01
1.734701080322265625e+02
2.704094886779785156e+01
1.055358886718750000e+02
3.244436340332031250e+02
1.695843505859375000e+02
2.767267990112304688e+01
1.230635833740234375e+02
1.578832855224609375e+02
1.818077239990234375e+02
8.419349670410156250e+00
4.125239944458007812e+01
3.238218994140625000e+02
1.666451263427734375e+02
3.120280838012695312e+01
1.258067932128906250e+02
2.951149597167968750e+02
1.513872833251953125e+02
3.582593917846679688e+01
1.417668762207031250e+02
1.243855514526367188e+02
1.794918212890625000e+02
2.329529953002929688e+01
9.241899108886718750e+01
9.052067565917968750e+01
1.701992797851562500e+02
3.517498016357421875e+01
1.114299850463867188e+02
2.722802429199218750e+02
1.698316955566406250e+02
8.142518997192382812e+00
3.864496612548828125e+01
1.581897430419921875e+02
1.777280426025390625e+02
9.168996810913085938e+00
4.206460571289062500e+01
3.639161682128906250e+02
1.694647979736328125e+02
2.172491836547851562e+01
6.148900604248046875e+01
9.236995697021484375e+01
1.821419372558593750e+02
2.666421508789062500e+01
7.413626861572265625e+01
8.894351196289062500e+01
1.683480377197265625e+02
3.670782470703125000e+01
1.083402481079101562e+02
0.000000000000000000e+00
0.000000000000000000e+00
0.000000000000000000e+00
0.000000000000000000e+00
