1.018784179687500000e+02
1.687952117919921875e+02
3.686391067504882812e+01
1.258337783813476562e+02
1.421060943603515625e+02
1.731926269531250000e+02
2.136741447448730469e+01
9.299845886230468750e+01
1.325242156982421875e+02
1.708950653076171875e+02
2.019829177856445312e+01
9.972791290283203125e+01
3.638465576171875000e+02
1.688348541259765625e+02
2.218927192687988281e+01
6.648159027099609375e+01
2.173209075927734375e+02
1.728394622802734375e+02
8.717632293701171875e+00
3.007014846801757812e+01
1.360435180664062500e+02
1.782785644531250000e+02
2.189505958557128906e+01
9.656288909912109375e+01
1.317074432373046875e+02
1.737184295654296875e+02
2.061868858337402344e+01
1.055253982543945312e+02
1.540704956054687500e+02
1.761919403076171875e+02
1.459592819213867188e+01
7.987344360351562500e+01
2.731006164550781250e+02
1.698110046386718750e+02
8.388667106628417969e+00
3.921166229248046875e+01
2.358783874511718750e+02
1.695636596679687500e+02
1.034052085876464844e+01
5.146001815795898438e+01
1.066080093383789062e+02
1.748035888671875000e+02
2.816864013671875000e+01
1.130078735351562500e+02
2.369352111816406250e+02
1.700719604492187500e+02
9.685859680175781250e+00
3.904454421997070312e+01
2.008692626953125000e+02
1.681661834716796875e+02
8.508337974548339844e+00
3.564124679565429688e+01
1.759502410888671875e+02
1.784954071044921875e+02
7.853270053863525391e+00
3.432111358642578125e+01
0.000000000000000000e+00
0.000000000000000000e+00
0.000000000000000000e+00
0.000000000000000000e+00
