1.659192047119140625e+02
1.766075744628906250e+02
1.786424827575683594e+01
8.755088806152343750e+01
1.420234832763671875e+02
1.689293670654296875e+02
2.384213638305664062e+01
1.154539184570312500e+02
1.146843948364257812e+02
1.664159851074218750e+02
3.347416687011718750e+01
1.399848480224609375e+02
1.156270904541015625e+02
1.668341369628906250e+02
3.261069488525390625e+01
1.512991180419921875e+02
2.165971679687500000e+02
1.721315917968750000e+02
8.932036399841308594e+00
3.124005699157714844e+01
1.438822174072265625e+02
1.711940765380859375e+02
2.199230384826660156e+01
1.014852600097656250e+02
1.103229522705078125e+02
1.662547607421875000e+02
3.176705169677734375e+01
1.378044891357421875e+02
3.638411254882812500e+02
1.669784851074218750e+02
2.232452964782714844e+01
6.382497406005859375e+01
2.721762390136718750e+02
1.701776733398437500e+02
7.782541751861572266e+00
3.995109939575195312e+01
1.641697998046875000e+02
1.826522979736328125e+02
1.796037673950195312e+01
8.739807128906250000e+01
2.314293823242187500e+02
1.741821136474609375e+02
1.222508811950683594e+01
4.266392898559570312e+01
1.665392456054687500e+02
1.767110290527343750e+02
2.050459289550781250e+01
8.511767578125000000e+01
2.712617187500000000e+02
1.749054260253906250e+02
8.812868118286132812e+00
3.630390548706054688e+01
3.986243286132812500e+02
1.486431732177734375e+02
1.604272651672363281e+01
1.042793807983398438e+02
3.980671386718750000e+02
1.800155944824218750e+02
1.666713905334472656e+01
7.128871154785156250e+01
2.354334869384765625e+02
1.721148681640625000e+02
1.141995429992675781e+01
4.494923782348632812e+01
1.609148101806640625e+02
1.775470733642578125e+02
6.595651626586914062e+00
1.902345085144042969e+01
0.000000000000000000e+00
0.000000000000000000e+00
0.000000000000000000e+00
0.000000000000000000e+00
