6.457482910156250000e+01
1.714531860351562500e+02
3.847702407836914062e+01
1.196585540771484375e+02
1.513034515380859375e+02
1.554066772460937500e+02
2.533837699890136719e+01
1.304814605712890625e+02
1.041157836914062500e+02
1.725871734619140625e+02
2.470423507690429688e+01
1.206939086914062500e+02
1.480650939941406250e+02
1.552630920410156250e+02
3.183033752441406250e+01
1.291503448486328125e+02
1.005481948852539062e+02
1.697962799072265625e+02
3.302453613281250000e+01
1.239739608764648438e+02
6.129611968994140625e+01
1.706247711181640625e+02
3.625421142578125000e+01
1.198488388061523438e+02
1.523154754638671875e+02
1.699277191162109375e+02
2.381527328491210938e+01
1.124117660522460938e+02
2.239638977050781250e+02
1.483507995605468750e+02
5.327732849121093750e+01
2.350249633789062500e+02
1.294600982666015625e+02
1.727287597656250000e+02
2.194266319274902344e+01
9.237377929687500000e+01
1.297158966064453125e+02
1.785361938476562500e+02
2.316707801818847656e+01
9.834876251220703125e+01
2.238391265869140625e+02
1.664035034179687500e+02
5.251376724243164062e+01
2.183750762939453125e+02
6.930968475341796875e+01
1.773982391357421875e+02
3.092884254455566406e+01
1.055392074584960938e+02
2.108705902099609375e+02
1.683226318359375000e+02
3.316186523437500000e+01
1.907705078125000000e+02
2.435359954833984375e+02
1.669728088378906250e+02
4.054276657104492188e+01
1.950020294189453125e+02
2.492426910400390625e+02
1.570684814453125000e+02
3.627096557617187500e+01
1.843270111083984375e+02
3.632092285156250000e+02
1.680538482666015625e+02
2.319017791748046875e+01
6.146862030029296875e+01
2.248267974853515625e+02
1.464134368896484375e+02
4.999998092651367188e+01
2.102104797363281250e+02
6.508133697509765625e+01
1.636383514404296875e+02
3.691809082031250000e+01
1.181072998046875000e+02
1.753495483398437500e+02
1.782014770507812500e+02
9.369709968566894531e+00
3.508413314819335938e+01
0.000000000000000000e+00
0.000000000000000000e+00
0.000000000000000000e+00
0.000000000000000000e+00
