1.555501403808593750e+02
1.768941040039062500e+02
2.204348564147949219e+01
8.528944396972656250e+01
1.144357910156250000e+02
1.671073608398437500e+02
3.967889022827148438e+01
1.307884979248046875e+02
1.068127746582031250e+02
1.693565673828125000e+02
3.690302276611328125e+01
1.275958251953125000e+02
2.732458801269531250e+02
1.709604492187500000e+02
8.501011848449707031e+00
3.765471649169921875e+01
1.368542633056640625e+02
1.731818542480468750e+02
2.129150199890136719e+01
1.100956649780273438e+02
2.163052062988281250e+02
1.724964904785156250e+02
8.492963790893554688e+00
2.942362976074218750e+01
1.399265747070312500e+02
1.756802825927734375e+02
1.893935585021972656e+01
8.775333404541015625e+01
2.362830352783203125e+02
1.718823852539062500e+02
1.044501590728759766e+01
4.498267745971679688e+01
3.635816040039062500e+02
1.660402984619140625e+02
2.160581970214843750e+01
6.798586273193359375e+01
1.564069213867187500e+02
1.900984954833984375e+02
2.065980529785156250e+01
7.211040496826171875e+01
3.990498962402343750e+02
1.475957489013671875e+02
1.520191097259521484e+01
1.048128128051757812e+02
0.000000000000000000e+00
0.000000000000000000e+00
0.000000000000000000e+00
0.000000000000000000e+00
