2.442862548828125000e+02
1.682371520996093750e+02
3.297736358642578125e+01
1.320129241943359375e+02
2.438736724853515625e+02
1.788345794677734375e+02
3.176252937316894531e+01
1.267353210449218750e+02
1.310670776367187500e+02
1.768321685791015625e+02
1.800687408447265625e+01
6.526380157470703125e+01
1.303680725097656250e+02
1.721399536132812500e+02
1.750605964660644531e+01
6.855232238769531250e+01
1.983541717529296875e+02
1.610452880859375000e+02
3.235338973999023438e+01
1.516682434082031250e+02
1.979068450927734375e+02
1.560166168212890625e+02
3.237629318237304688e+01
1.761089782714843750e+02
1.094050369262695312e+02
1.743936157226562500e+02
1.032998943328857422e+01
4.265748977661132812e+01
2.458426055908203125e+02
1.916556243896484375e+02
2.822958183288574219e+01
1.073143539428710938e+02
1.618797454833984375e+02
1.705781555175781250e+02
4.979671478271484375e+01
1.870932617187500000e+02
1.614024047851562500e+02
1.772171020507812500e+02
5.273741912841796875e+01
1.978369140625000000e+02
2.302723846435546875e+02
1.711089019775390625e+02
1.095334815979003906e+01
4.641808700561523438e+01
1.693121185302734375e+02
1.710766601562500000e+02
5.344343185424804688e+01
2.120548706054687500e+02
2.511698608398437500e+02
1.749682006835937500e+02
2.563432312011718750e+01
1.170062713623046875e+02
2.404715881347656250e+02
1.696268615722656250e+02
7.304312229156494141e+00
4.059338378906250000e+01
1.323161315917968750e+02
1.774412231445312500e+02
1.404887676239013672e+01
5.639776611328125000e+01
1.333078613281250000e+02
1.792119598388671875e+02
1.330249404907226562e+01
6.052992630004882812e+01
3.983894042968750000e+02
1.497082366943359375e+02
1.648429870605468750e+01
1.008881607055664062e+02
9.208706665039062500e+01
1.838112182617187500e+02
1.114410114288330078e+01
3.764681625366210938e+01
3.632119140625000000e+02
1.684860687255859375e+02
2.313388061523437500e+01
6.440969848632812500e+01
1.223835754394531250e+02
1.773945312500000000e+02
6.211266517639160156e+00
2.312996482849121094e+01
1.716613464355468750e+02
1.617569732666015625e+02
4.908982849121093750e+01
2.057349548339843750e+02
3.976898803710937500e+02
1.826146545410156250e+02
1.724784851074218750e+01
6.781974029541015625e+01
2.306825408935546875e+02
1.703693542480468750e+02
1.055324649810791016e+01
4.046376037597656250e+01
0.000000000000000000e+00
0.000000000000000000e+00
0.000000000000000000e+00
0.000000000000000000e+00
