1.556367340087890625e+02
1.706780700683593750e+02
2.644602203369140625e+01
9.606150817871093750e+01
2.883193969726562500e+02
1.701313781738281250e+02
4.594455337524414062e+01
2.201360015869140625e+02
1.984549407958984375e+02
1.753927612304687500e+02
2.606335067749023438e+01
1.040407714843750000e+02
1.501390266418457031e+01
1.883078918457031250e+02
2.990789413452148438e+01
8.992042541503906250e+01
3.367330932617187500e+02
1.433180236816406250e+02
4.659326934814453125e+01
2.670369873046875000e+02
1.928205566406250000e+02
1.712981414794921875e+02
3.804443359375000000e+01
1.111207580566406250e+02
3.904312744140625000e+02
1.536439056396484375e+02
2.421735572814941406e+01
1.864997863769531250e+02
2.254611206054687500e+02
1.715842895507812500e+02
1.882178115844726562e+01
9.075886535644531250e+01
1.519388427734375000e+02
1.734965057373046875e+02
9.243954658508300781e+00
4.700821304321289062e+01
3.414854125976562500e+02
1.544979095458984375e+02
4.019718551635742188e+01
2.252354431152343750e+02
1.890213317871093750e+02
1.656014862060546875e+02
1.965303421020507812e+01
1.031577758789062500e+02
2.854578247070312500e+02
1.821609191894531250e+02
5.156287765502929688e+01
2.171551361083984375e+02
1.202544784545898438e+02
1.744031219482421875e+02
7.506447315216064453e+00
3.189313888549804688e+01
1.923433380126953125e+02
1.625167999267578125e+02
3.888716888427734375e+01
1.166959762573242188e+02
1.809733200073242188e+01
1.906563110351562500e+02
3.007434654235839844e+01
8.591466522216796875e+01
3.230686645507812500e+02
1.463254241943359375e+02
7.822903442382812500e+01
2.638501892089843750e+02
3.154840698242187500e+02
1.540005493164062500e+02
3.023888397216796875e+01
2.270197143554687500e+02
2.024952545166015625e+02
1.722725524902343750e+02
2.241006660461425781e+01
9.626239776611328125e+01
3.912636108398437500e+02
1.620230712890625000e+02
2.421978950500488281e+01
1.977563018798828125e+02
1.498589172363281250e+02
1.663206634521484375e+02
3.919573974609375000e+01
1.028823852539062500e+02
1.379664306640625000e+02
1.774024200439453125e+02
7.188893318176269531e+00
3.281531524658203125e+01
2.386588592529296875e+02
1.749122619628906250e+02
1.203464889526367188e+01
5.484191131591796875e+01
3.900631408691406250e+02
1.476932678222656250e+02
2.465571975708007812e+01
1.762653656005859375e+02
1.865348663330078125e+02
1.561607666015625000e+02
3.605608749389648438e+01
1.236590652465820312e+02
2.945004882812500000e+02
1.533462829589843750e+02
3.809392547607421875e+01
2.297632446289062500e+02
1.567625732421875000e+02
1.816048278808593750e+02
2.496378326416015625e+01
8.871299743652343750e+01
2.381915588378906250e+02
1.653677825927734375e+02
1.148341178894042969e+01
6.560775756835937500e+01
3.709929504394531250e+02
1.632536468505859375e+02
1.716168975830078125e+01
6.974483489990234375e+01
7.993852996826171875e+01
1.782304534912109375e+02
1.158788871765136719e+01
4.041415405273437500e+01
0.000000000000000000e+00
0.000000000000000000e+00
0.000000000000000000e+00
0.000000000000000000e+00
