8.516183853149414062e+00
1.668785247802734375e+02
3.755891799926757812e+01
1.408257141113281250e+02
1.196266479492187500e+02
1.643439178466796875e+02
3.140451431274414062e+01
1.260974349975585938e+02
1.222960205078125000e+02
1.651547393798828125e+02
2.765265083312988281e+01
1.267167587280273438e+02
5.639061737060546875e+01
1.664302062988281250e+02
3.221804809570312500e+01
1.422528991699218750e+02
1.035981559753417969e+01
1.726089477539062500e+02
3.533045578002929688e+01
1.366705932617187500e+02
8.197547149658203125e+01
1.669456329345703125e+02
3.481323623657226562e+01
1.226935424804687500e+02
1.574415588378906250e+02
1.775663604736328125e+02
1.050243282318115234e+01
5.380943679809570312e+01
2.311818542480468750e+02
1.598643035888671875e+02
5.408398056030273438e+01
2.323831481933593750e+02
1.198921661376953125e+02
1.530483093261718750e+02
3.329776000976562500e+01
1.371708526611328125e+02
2.297310180664062500e+02
1.646167907714843750e+02
4.671434020996093750e+01
2.239860229492187500e+02
2.079849853515625000e+02
1.647866821289062500e+02
3.682561111450195312e+01
1.954041748046875000e+02
8.383183288574218750e+01
1.709452972412109375e+02
3.035242462158203125e+01
1.142958602905273438e+02
5.684170532226562500e+01
1.696982421875000000e+02
3.263486099243164062e+01
1.425848541259765625e+02
2.049870605468750000e+02
1.680494995117187500e+02
3.524697494506835938e+01
1.880314788818359375e+02
3.631044921875000000e+02
1.677643127441406250e+02
2.260656356811523438e+01
6.509952545166015625e+01
6.174498367309570312e+01
1.729292297363281250e+02
2.357595252990722656e+01
1.249459838867187500e+02
2.005663146972656250e+02
1.618447570800781250e+02
1.047667503356933594e+01
7.097059631347656250e+01
2.314964904785156250e+02
1.655632171630859375e+02
5.758293914794921875e+01
2.043526306152343750e+02
2.287985534667968750e+02
1.603727111816406250e+02
4.581120300292968750e+01
2.157148437500000000e+02
2.073644561767578125e+02
1.569007263183593750e+02
3.745151138305664062e+01
1.906906890869140625e+02
1.097208404541015625e+01
1.686759185791015625e+02
4.491104125976562500e+01
1.375884094238281250e+02
2.040677337646484375e+02
1.598318634033203125e+02
3.665402984619140625e+01
1.842138061523437500e+02
8.095171356201171875e+01
1.596233520507812500e+02
3.686939620971679688e+01
1.254216766357421875e+02
1.930571899414062500e+02
1.684214172363281250e+02
1.710771942138671875e+01
5.876274108886718750e+01
1.206331100463867188e+02
1.760906982421875000e+02
5.734967231750488281e+00
2.211390686035156250e+01
0.000000000000000000e+00
0.000000000000000000e+00
0.000000000000000000e+00
0.000000000000000000e+00
