3.564819641113281250e+02
1.631763153076171875e+02
3.430093002319335938e+01
1.268544692993164062e+02
2.929273681640625000e+02
1.685131835937500000e+02
3.793104171752929688e+01
1.500994567871093750e+02
3.559683837890625000e+02
1.550239562988281250e+02
3.493869018554687500e+01
1.337378692626953125e+02
2.935074157714843750e+02
1.640841369628906250e+02
3.473600006103515625e+01
1.468785247802734375e+02
2.067890777587890625e+02
1.651618347167968750e+02
4.625841903686523438e+01
2.271097869873046875e+02
1.453977966308593750e+02
1.713692321777343750e+02
1.842670249938964844e+01
6.970442199707031250e+01
1.460278015136718750e+02
1.765526275634765625e+02
1.788544082641601562e+01
6.708333587646484375e+01
1.692193145751953125e+02
1.731764221191406250e+02
3.874576950073242188e+01
1.773758392333984375e+02
1.090044174194335938e+02
1.743101654052734375e+02
1.055751705169677734e+01
4.285599899291992188e+01
3.579000244140625000e+02
1.670042266845703125e+02
2.923231887817382812e+01
1.220116653442382812e+02
8.565594482421875000e+01
1.774647521972656250e+02
1.090890121459960938e+01
4.193563842773437500e+01
2.114981231689453125e+02
1.599448852539062500e+02
4.168735885620117188e+01
2.140154418945312500e+02
2.477477416992187500e+02
1.673419799804687500e+02
7.691795349121093750e+00
4.235958862304687500e+01
2.059290161132812500e+02
1.667993774414062500e+02
4.453514862060546875e+01
2.490924682617187500e+02
1.214319076538085938e+02
1.769020843505859375e+02
5.845250129699707031e+00
2.236986923217773438e+01
3.973650817871093750e+02
1.760069580078125000e+02
1.689760589599609375e+01
7.671263885498046875e+01
1.996790618896484375e+02
1.629855346679687500e+02
4.263589477539062500e+01
2.304265289306640625e+02
1.742713775634765625e+02
1.676452636718750000e+02
3.948399734497070312e+01
1.914345855712890625e+02
8.457772827148437500e+01
1.808930511474609375e+02
1.259424400329589844e+01
4.115274047851562500e+01
1.685446166992187500e+02
1.647276611328125000e+02
3.860684967041015625e+01
1.769217987060546875e+02
1.288627624511718750e+02
1.778923034667968750e+02
5.204078674316406250e+00
2.062369346618652344e+01
2.417201690673828125e+02
1.697044525146484375e+02
8.995203018188476562e+00
3.812915039062500000e+01
0.000000000000000000e+00
0.000000000000000000e+00
0.000000000000000000e+00
0.000000000000000000e+00
