3.374289321899414062e+01
1.735185546875000000e+02
3.759624481201171875e+01
1.408996124267578125e+02
1.053596954345703125e+02
1.601718139648437500e+02
3.065868759155273438e+01
1.341681213378906250e+02
2.036797485351562500e+02
1.630599212646484375e+02
3.440041732788085938e+01
1.957023010253906250e+02
6.059375762939453125e+01
1.743513488769531250e+02
2.598432922363281250e+01
1.131285171508789062e+02
3.276305389404296875e+01
1.657954101562500000e+02
4.031850051879882812e+01
1.435834197998046875e+02
1.039856109619140625e+02
1.519466857910156250e+02
3.262323760986328125e+01
1.397424316406250000e+02
2.338695678710937500e+02
1.565139160156250000e+02
5.242083358764648438e+01
2.398578643798828125e+02
2.037327270507812500e+02
1.565126037597656250e+02
3.352163696289062500e+01
1.924018096923828125e+02
1.072438888549804688e+02
1.645728607177734375e+02
2.648412513732910156e+01
1.278541336059570312e+02
-7.323746681213378906e-01
1.791326904296875000e+02
1.619163513183593750e+01
1.341268310546875000e+02
2.462340736389160156e+01
1.724345550537109375e+02
4.282807540893554688e+01
1.423127441406250000e+02
2.379364318847656250e+02
1.619166564941406250e+02
4.969055938720703125e+01
2.091543579101562500e+02
1.588465423583984375e+02
1.831828918457031250e+02
8.813358306884765625e+00
4.360017776489257812e+01
5.493734741210937500e+01
1.702239990234375000e+02
3.404490280151367188e+01
1.204850769042968750e+02
2.332626724243164062e+01
1.648133850097656250e+02
4.494857788085937500e+01
1.457426300048828125e+02
1.501925811767578125e+02
1.829426879882812500e+02
8.691442489624023438e+00
4.129617309570312500e+01
2.053478393554687500e+02
1.575760955810546875e+02
4.061954879760742188e+01
2.092198181152343750e+02
3.632076721191406250e+02
1.671732330322265625e+02
2.268312072753906250e+01
6.407415771484375000e+01
2.730095825195312500e+02
1.708301239013671875e+02
9.170022964477539062e+00
3.790863800048828125e+01
-5.616292953491210938e-01
1.565744628906250000e+02
1.357733917236328125e+01
1.578849029541015625e+02
4.372406005859375000e-02
2.078430633544921875e+02
1.567290210723876953e+01
1.067716445922851562e+02
0.000000000000000000e+00
0.000000000000000000e+00
0.000000000000000000e+00
0.000000000000000000e+00
