1.526214599609375000e+00
1.666986694335937500e+02
4.338471984863281250e+01
1.618339385986328125e+02
8.333665466308593750e+01
1.551806488037109375e+02
3.983600234985351562e+01
1.501742553710937500e+02
3.833196258544921875e+01
1.671670837402343750e+02
2.376588821411132812e+01
1.295429687500000000e+02
1.993405151367187500e+02
1.597208557128906250e+02
3.489748764038085938e+01
1.987709503173828125e+02
3.626051330566406250e+01
1.636254882812500000e+02
2.882125091552734375e+01
1.341415405273437500e+02
8.229692840576171875e+01
1.471179809570312500e+02
4.032954406738281250e+01
1.502378997802734375e+02
1.584175872802734375e+02
1.807870941162109375e+02
1.039733791351318359e+01
4.955956268310546875e+01
1.981751251220703125e+02
1.526063232421875000e+02
3.646657180786132812e+01
2.011537475585937500e+02
1.588073425292968750e+02
1.892924346923828125e+02
1.075284099578857422e+01
4.382397842407226562e+01
2.330772399902343750e+02
1.490340576171875000e+02
5.279517745971679688e+01
2.539917144775390625e+02
2.305582885742187500e+02
1.428636474609375000e+02
4.433182144165039062e+01
2.448119506835937500e+02
3.700656890869140625e+00
1.654178924560546875e+02
3.999568557739257812e+01
1.449918823242187500e+02
2.364454345703125000e+02
1.584345703125000000e+02
4.943212890625000000e+01
2.127142791748046875e+02
3.630602111816406250e+02
1.671671752929687500e+02
2.205402755737304688e+01
6.308777618408203125e+01
1.932422637939453125e+00
1.860296630859375000e+02
4.501625823974609375e+01
1.445324554443359375e+02
3.572217178344726562e+01
1.736484680175781250e+02
2.171510887145996094e+01
1.153935470581054688e+02
2.285489654541015625e+02
1.482173767089843750e+02
4.825220870971679688e+01
2.560310668945312500e+02
1.441640014648437500e+02
1.890305938720703125e+02
1.225214481353759766e+01
4.460910034179687500e+01
1.216960220336914062e+02
1.783946380615234375e+02
4.950092792510986328e+00
1.821050071716308594e+01
2.699328002929687500e+02
1.697868652343750000e+02
9.566221237182617188e+00
3.921856307983398438e+01
1.442138977050781250e+02
1.852185058593750000e+02
1.253680515289306641e+01
4.076756286621093750e+01
0.000000000000000000e+00
0.000000000000000000e+00
0.000000000000000000e+00
0.000000000000000000e+00
