1.237091751098632812e+02
1.727495880126953125e+02
2.522719383239746094e+01
9.532836151123046875e+01
3.031381225585937500e+02
1.589699096679687500e+02
3.070386695861816406e+01
1.415562896728515625e+02
3.294533691406250000e+02
1.621341400146484375e+02
2.462252807617187500e+01
1.328894042968750000e+02
9.472447204589843750e+01
1.738315734863281250e+02
2.743339157104492188e+01
1.048976058959960938e+02
3.046545715332031250e+02
1.628722839355468750e+02
2.594194984436035156e+01
1.337466125488281250e+02
3.269454040527343750e+02
1.620392456054687500e+02
2.972124481201171875e+01
1.328739013671875000e+02
3.053235473632812500e+02
1.594188537597656250e+02
3.385432815551757812e+01
1.413282470703125000e+02
1.578176879882812500e+02
1.803457641601562500e+02
8.314477920532226562e+00
4.364520645141601562e+01
9.023520660400390625e+01
1.698077697753906250e+02
3.518858337402343750e+01
1.120381851196289062e+02
2.723434143066406250e+02
1.695326080322265625e+02
8.138302803039550781e+00
3.991102218627929688e+01
3.643090820312500000e+02
1.700520324707031250e+02
2.250121116638183594e+01
5.842028045654296875e+01
1.238849334716796875e+02
1.815369110107421875e+02
2.391617202758789062e+01
8.903829956054687500e+01
1.580547943115234375e+02
1.779576873779296875e+02
8.790183067321777344e+00
4.138606643676757812e+01
8.893360900878906250e+01
1.674174804687500000e+02
3.661037445068359375e+01
1.102777862548828125e+02
2.211126708984375000e+02
1.661431579589843750e+02
9.224334716796875000e+00
3.927911758422851562e+01
2.368729095458984375e+02
1.675015106201171875e+02
1.001535034179687500e+01
4.563061523437500000e+01
3.009674987792968750e+02
1.518095092773437500e+02
3.299185943603515625e+01
1.401727294921875000e+02
8.995701599121093750e+01
1.844175415039062500e+02
2.641415786743164062e+01
6.701188659667968750e+01
2.364653320312500000e+02
1.710220031738281250e+02
1.021561717987060547e+01
4.613829040527343750e+01
2.976268615722656250e+02
1.696930847167968750e+02
9.670007705688476562e+00
4.812820816040039062e+01
2.977390136718750000e+02
1.661111755371093750e+02
9.950836181640625000e+00
4.912979507446289062e+01
2.022286682128906250e+02
1.659846038818359375e+02
7.807470798492431641e+00
3.358660125732421875e+01
0.000000000000000000e+00
0.000000000000000000e+00
0.000000000000000000e+00
0.000000000000000000e+00
