1.153751831054687500e+02
1.701729431152343750e+02
3.495630264282226562e+01
1.200236511230468750e+02
1.558781127929687500e+02
1.576835021972656250e+02
2.789713668823242188e+01
1.214149780273437500e+02
8.902079010009765625e+01
1.715722045898437500e+02
2.552651977539062500e+01
1.190046768188476562e+02
1.530172424316406250e+02
1.543785095214843750e+02
3.303388595581054688e+01
1.260047607421875000e+02
2.417487030029296875e+02
1.047048645019531250e+02
1.335469665527343750e+02
3.157264404296875000e+02
2.749261169433593750e+02
1.111965637207031250e+02
1.054110946655273438e+02
2.999127197265625000e+02
1.190091552734375000e+02
1.732023620605468750e+02
2.888724517822265625e+01
1.140226593017578125e+02
2.327948303222656250e+02
1.592406921386718750e+02
3.941069412231445312e+01
1.505029449462890625e+02
8.460975646972656250e+01
1.704991149902343750e+02
3.413428878784179688e+01
1.190280303955078125e+02
3.628733825683593750e+02
1.652069396972656250e+02
2.244748687744140625e+01
7.092401123046875000e+01
2.415011901855468750e+02
1.597224731445312500e+02
4.032854461669921875e+01
1.493611755371093750e+02
2.403028411865234375e+02
1.696840209960937500e+02
4.359012603759765625e+01
1.484210510253906250e+02
2.726378479003906250e+02
1.200109863281250000e+02
1.072737350463867188e+02
2.607173461914062500e+02
2.445278320312500000e+02
1.196051177978515625e+02
1.341208343505859375e+02
2.590529479980468750e+02
1.428177642822265625e+02
1.733306884765625000e+02
1.687082672119140625e+01
7.706900787353515625e+01
2.145834960937500000e+02
1.615985107421875000e+02
3.371623611450195312e+01
1.450831756591796875e+02
2.723377380371093750e+02
1.630748596191406250e+02
2.039287948608398438e+01
1.064648208618164062e+02
2.340515899658203125e+02
1.616468200683593750e+02
3.864132308959960938e+01
1.618070831298828125e+02
1.201435012817382812e+02
1.778205566406250000e+02
6.231036663055419922e+00
2.034449195861816406e+01
1.436154632568359375e+02
1.714821166992187500e+02
1.586017227172851562e+01
6.797662353515625000e+01
1.567999267578125000e+02
1.767447204589843750e+02
2.562239456176757812e+01
1.000363922119140625e+02
3.984285278320312500e+02
1.458887329101562500e+02
1.611564826965332031e+01
1.067955780029296875e+02
1.129873962402343750e+02
1.781654357910156250e+02
5.322860717773437500e+00
2.247272300720214844e+01
2.739562072753906250e+02
1.598042755126953125e+02
1.814689826965332031e+01
8.096598052978515625e+01
3.980949707031250000e+02
1.790734405517578125e+02
1.680914688110351562e+01
7.293953704833984375e+01
0.000000000000000000e+00
0.000000000000000000e+00
0.000000000000000000e+00
0.000000000000000000e+00
