9.036175537109375000e+01
1.652897186279296875e+02
3.791445159912109375e+01
1.342519836425781250e+02
5.650076293945312500e+01
1.662524566650390625e+02
3.220003128051757812e+01
1.254738769531250000e+02
5.945970916748046875e+01
1.692003784179687500e+02
2.722769546508789062e+01
1.217575378417968750e+02
1.224822540283203125e+02
1.650081634521484375e+02
1.936044692993164062e+01
1.112195510864257812e+02
2.273801574707031250e+02
1.598132019042968750e+02
4.819390487670898438e+01
2.324682159423828125e+02
1.446921539306640625e+02
1.690923614501953125e+02
2.647427177429199219e+01
1.168177719116210938e+02
9.538202667236328125e+01
1.626750640869140625e+02
3.843465805053710938e+01
1.379678344726562500e+02
1.411312408447265625e+02
1.624528503417968750e+02
3.272752761840820312e+01
1.268756637573242188e+02
1.417065429687500000e+02
1.549741363525390625e+02
3.133211326599121094e+01
1.339418334960937500e+02
1.457780914306640625e+02
1.545676574707031250e+02
3.174866676330566406e+01
1.325022125244140625e+02
2.258636169433593750e+02
1.519413146972656250e+02
4.990193176269531250e+01
2.296573333740234375e+02
1.485756072998046875e+02
1.703997802734375000e+02
2.474526977539062500e+01
1.127189102172851562e+02
2.112005310058593750e+02
1.680484924316406250e+02
2.871364784240722656e+01
1.894449920654296875e+02
1.452856445312500000e+02
1.662301025390625000e+02
3.186846542358398438e+01
1.199135894775390625e+02
2.074927825927734375e+02
1.684565124511718750e+02
2.970596122741699219e+01
1.870737915039062500e+02
1.222490615844726562e+02
1.694294128417968750e+02
1.931803703308105469e+01
1.126618804931640625e+02
3.642943420410156250e+02
1.672546081542968750e+02
2.168537521362304688e+01
6.241522979736328125e+01
1.444879760742187500e+02
1.694828796386718750e+02
2.508442497253417969e+01
9.882820129394531250e+01
2.106530303955078125e+02
1.537692108154296875e+02
3.012943458557128906e+01
1.942677917480468750e+02
2.065443420410156250e+02
1.603022460937500000e+02
3.055353164672851562e+01
1.812090606689453125e+02
1.493162841796875000e+02
1.607961425781250000e+02
2.380902481079101562e+01
1.185952606201171875e+02
1.880088500976562500e+02
1.713177337646484375e+02
1.177067565917968750e+01
6.285950469970703125e+01
9.105002593994140625e+01
1.761228179931640625e+02
1.590801048278808594e+01
5.701385879516601562e+01
0.000000000000000000e+00
0.000000000000000000e+00
0.000000000000000000e+00
0.000000000000000000e+00
