1.159066009521484375e+02
1.559045104980468750e+02
3.365372467041015625e+01
1.403859100341796875e+02
5.128255462646484375e+01
1.682597351074218750e+02
3.098837661743164062e+01
1.467891082763671875e+02
1.524862289428710938e+00
1.661906890869140625e+02
3.959012603759765625e+01
1.415647583007812500e+02
1.148669586181640625e+02
1.549665527343750000e+02
3.703805160522460938e+01
1.341966094970703125e+02
4.991379547119140625e+01
1.680995788574218750e+02
3.623988342285156250e+01
1.386082916259765625e+02
7.836540985107421875e+01
1.724201202392578125e+02
2.502116966247558594e+01
1.116458663940429688e+02
2.317903442382812500e+02
1.570488281250000000e+02
5.423499298095703125e+01
2.376716308593750000e+02
1.194084167480468750e+00
1.699719543457031250e+02
4.159495544433593750e+01
1.440629119873046875e+02
2.080470275878906250e+02
1.636433258056640625e+02
3.638415908813476562e+01
1.967884826660156250e+02
2.332205200195312500e+02
1.596663208007812500e+02
5.548804092407226562e+01
2.153008880615234375e+02
2.044576568603515625e+02
1.683605499267578125e+02
3.602230453491210938e+01
1.865674133300781250e+02
1.579218750000000000e+02
1.792444458007812500e+02
1.015797042846679688e+01
4.866124725341796875e+01
4.484383392333984375e+01
1.650003051757812500e+02
3.557932662963867188e+01
1.453585052490234375e+02
2.302848815917968750e+02
1.655415954589843750e+02
4.654157257080078125e+01
2.221151733398437500e+02
7.790270996093750000e+01
1.716385498046875000e+02
2.406628608703613281e+01
1.007036895751953125e+02
2.081025695800781250e+02
1.575589294433593750e+02
3.597357940673828125e+01
1.907793884277343750e+02
2.041769409179687500e+02
1.617245178222656250e+02
3.610916900634765625e+01
1.821024475097656250e+02
1.496062011718750000e+02
1.823236389160156250e+02
9.605525970458984375e+00
4.302552032470703125e+01
4.565713500976562500e+01
1.722972717285156250e+02
3.457022094726562500e+01
1.395587310791015625e+02
2.298101501464843750e+02
1.573831176757812500e+02
4.482144927978515625e+01
2.200854644775390625e+02
1.004624328613281250e+02
1.738689727783203125e+02
1.091132640838623047e+01
4.346712112426757812e+01
3.628242492675781250e+02
1.676179351806640625e+02
2.351391792297363281e+01
6.511695098876953125e+01
0.000000000000000000e+00
0.000000000000000000e+00
0.000000000000000000e+00
0.000000000000000000e+00
