3.237364807128906250e+02
1.714936218261718750e+02
5.087345886230468750e+01
1.549136810302734375e+02
3.256337280273437500e+02
1.703072814941406250e+02
5.601443481445312500e+01
1.579459228515625000e+02
1.607803192138671875e+02
1.717257995605468750e+02
1.636853790283203125e+01
7.910694885253906250e+01
1.806782226562500000e+02
1.659414367675781250e+02
3.576554870605468750e+01
1.945639801025390625e+02
2.116710510253906250e+02
1.669770812988281250e+02
4.304486465454101562e+01
2.243208007812500000e+02
3.225384521484375000e+02
1.840331420898437500e+02
5.382497406005859375e+01
1.499456329345703125e+02
3.249615478515625000e+02
1.811698608398437500e+02
5.777318191528320312e+01
1.555109252929687500e+02
1.082782287597656250e+02
1.747596435546875000e+02
1.097119235992431641e+01
4.217091369628906250e+01
3.243948974609375000e+02
1.651731567382812500e+02
4.581143188476562500e+01
1.444764862060546875e+02
1.215031890869140625e+02
1.779804840087890625e+02
5.578701496124267578e+00
2.140510749816894531e+01
3.114865722656250000e+02
1.696565093994140625e+02
2.381464958190917969e+01
1.173168029785156250e+02
3.124311828613281250e+02
1.679225769042968750e+02
2.160807037353515625e+01
1.030477066040039062e+02
3.649275817871093750e+02
1.677494964599609375e+02
2.011252593994140625e+01
6.608046722412109375e+01
2.124256744384765625e+02
1.550234375000000000e+02
4.059337997436523438e+01
2.236761932373046875e+02
1.599822235107421875e+02
1.694885559082031250e+02
1.607304763793945312e+01
7.417085266113281250e+01
3.040602111816406250e+02
1.725466156005859375e+02
2.700786972045898438e+01
9.466020965576171875e+01
1.279834594726562500e+02
1.780331878662109375e+02
4.877525329589843750e+00
1.958831405639648438e+01
2.961482543945312500e+02
1.667418365478515625e+02
8.812947273254394531e+00
4.659943771362304688e+01
3.074673156738281250e+02
1.653728027343750000e+02
3.251221847534179688e+01
1.277944946289062500e+02
3.037985534667968750e+02
1.783839721679687500e+02
2.910425567626953125e+01
9.708216857910156250e+01
1.804669952392578125e+02
1.633135681152343750e+02
3.635673141479492188e+01
1.786181640625000000e+02
8.108079528808593750e+01
1.764457550048828125e+02
1.096320343017578125e+01
4.307721328735351562e+01
3.984509582519531250e+02
1.509749755859375000e+02
1.652788734436035156e+01
9.987199401855468750e+01
1.800424804687500000e+02
1.871109161376953125e+02
3.958276367187500000e+01
1.744662780761718750e+02
3.010115356445312500e+02
1.672422027587890625e+02
3.451891326904296875e+01
1.213451156616210938e+02
3.284081115722656250e+02
1.653197021484375000e+02
5.096758270263671875e+01
1.437418670654296875e+02
2.119438781738281250e+02
1.852320556640625000e+02
4.206361389160156250e+01
2.112425384521484375e+02
0.000000000000000000e+00
0.000000000000000000e+00
0.000000000000000000e+00
0.000000000000000000e+00
