1.602126464843750000e+02
1.756000366210937500e+02
2.175561523437500000e+01
8.737146759033203125e+01
1.381068725585937500e+02
1.665814819335937500e+02
2.361089324951171875e+01
1.208661041259765625e+02
1.396850891113281250e+02
1.742585144042968750e+02
2.195718574523925781e+01
9.431912994384765625e+01
2.730479736328125000e+02
1.696014709472656250e+02
8.444499969482421875e+00
3.921255874633789062e+01
1.103801803588867188e+02
1.872171173095703125e+02
2.224734497070312500e+01
8.635704803466796875e+01
2.169866943359375000e+02
1.732008361816406250e+02
8.404415130615234375e+00
2.983787918090820312e+01
1.587779998779296875e+02
1.867653045654296875e+02
2.059041786193847656e+01
7.859212493896484375e+01
3.627686767578125000e+02
1.666002807617187500e+02
2.455937957763671875e+01
6.711647796630859375e+01
1.314416046142578125e+02
1.685186309814453125e+02
3.626208114624023438e+01
1.189636611938476562e+02
1.179933471679687500e+02
1.682566223144531250e+02
3.573575210571289062e+01
1.328251953125000000e+02
1.073460388183593750e+02
1.663325958251953125e+02
3.352985000610351562e+01
1.355987243652343750e+02
0.000000000000000000e+00
0.000000000000000000e+00
0.000000000000000000e+00
0.000000000000000000e+00
