3.305053100585937500e+02
1.652488250732421875e+02
5.523688507080078125e+01
2.311672668457031250e+02
1.820782928466796875e+02
1.685507812500000000e+02
2.219644927978515625e+01
9.283404541015625000e+01
2.026491546630859375e+02
1.685476531982421875e+02
2.392982673645019531e+01
9.996663665771484375e+01
1.788348846435546875e+02
1.712525634765625000e+02
2.429695701599121094e+01
8.713808441162109375e+01
1.414418487548828125e+02
1.763589019775390625e+02
1.032623291015625000e+01
4.101198959350585938e+01
3.924145507812500000e+02
1.582960205078125000e+02
2.305949020385742188e+01
2.453368377685546875e+02
2.362652435302734375e+02
1.689971771240234375e+02
2.279315376281738281e+01
1.010651473999023438e+02
3.565881042480468750e+02
1.628228912353515625e+02
4.078767776489257812e+01
2.345184020996093750e+02
3.925379638671875000e+02
1.393551940917968750e+02
2.261279869079589844e+01
2.553273773193359375e+02
3.345148010253906250e+02
1.637997131347656250e+02
4.506784439086914062e+01
2.104188079833984375e+02
3.260313720703125000e+02
1.651430206298828125e+02
4.847499847412109375e+01
2.284372863769531250e+02
3.594850463867187500e+02
1.567652893066406250e+02
3.731369781494140625e+01
2.211550750732421875e+02
3.930686645507812500e+02
1.681129150390625000e+02
2.269773292541503906e+01
2.496980438232421875e+02
1.521874084472656250e+02
1.741841278076171875e+02
8.531558036804199219e+00
3.349356460571289062e+01
1.187507553100585938e+02
1.741152801513671875e+02
8.402257919311523438e+00
3.210791778564453125e+01
3.278655395507812500e+02
1.787171630859375000e+02
6.254238128662109375e+01
2.235577850341796875e+02
1.259325866699218750e+02
1.750440979003906250e+02
8.164492607116699219e+00
3.097535133361816406e+01
7.956761169433593750e+01
1.815342712402343750e+02
1.269433879852294922e+01
4.151542282104492188e+01
1.518616638183593750e+02
1.758601074218750000e+02
8.802902221679687500e+00
3.413737487792968750e+01
2.311061096191406250e+02
1.745432128906250000e+02
2.467938804626464844e+01
1.031667404174804688e+02
2.245478973388671875e+02
1.758047332763671875e+02
2.396017456054687500e+01
8.490740966796875000e+01
8.762136077880859375e+01
1.768587646484375000e+02
1.224159240722656250e+01
4.287065124511718750e+01
2.243426971435546875e+02
1.777321777343750000e+02
2.636610221862792969e+01
9.717186737060546875e+01
3.237371520996093750e+02
1.595994567871093750e+02
7.759297180175781250e+01
2.440798339843750000e+02
0.000000000000000000e+00
0.000000000000000000e+00
0.000000000000000000e+00
0.000000000000000000e+00
