1.145107116699218750e+02
1.566705932617187500e+02
3.371338653564453125e+01
1.391672973632812500e+02
1.121845703125000000e+02
1.502528991699218750e+02
3.795819854736328125e+01
1.429910278320312500e+02
7.412463378906250000e+01
1.684315490722656250e+02
2.245011138916015625e+01
1.161128540039062500e+02
2.360019683837890625e-01
1.713340911865234375e+02
3.883710098266601562e+01
1.422098083496093750e+02
-1.186618804931640625e-01
1.653655090332031250e+02
3.903530883789062500e+01
1.453602752685546875e+02
2.340439910888671875e+02
1.640378112792968750e+02
5.084395217895507812e+01
2.271062774658203125e+02
3.819174194335937500e+01
1.708766479492187500e+02
4.148614120483398438e+01
1.427308807373046875e+02
3.852272796630859375e+01
1.669046478271484375e+02
3.975299453735351562e+01
1.428494873046875000e+02
2.034663543701171875e+02
1.679889526367187500e+02
3.688246536254882812e+01
1.868029632568359375e+02
2.366056213378906250e+02
1.607777404785156250e+02
5.033081436157226562e+01
2.111387329101562500e+02
1.088641967773437500e+02
1.583208465576171875e+02
3.595388412475585938e+01
1.360346679687500000e+02
2.040969543457031250e+02
1.625095825195312500e+02
3.561616134643554688e+01
1.814061889648437500e+02
2.064636077880859375e+02
1.629835662841796875e+02
3.832232284545898438e+01
1.975052185058593750e+02
1.499456329345703125e+02
1.825750732421875000e+02
8.939684867858886719e+00
4.305663299560546875e+01
1.080192031860351562e+02
1.532795715332031250e+02
3.729652786254882812e+01
1.359393768310546875e+02
2.324919433593750000e+02
1.702180328369140625e+02
4.308069229125976562e+01
2.158129577636718750e+02
1.593085784912109375e+02
1.810451049804687500e+02
7.933022499084472656e+00
4.677835083007812500e+01
3.631181335449218750e+02
1.678533630371093750e+02
2.273045349121093750e+01
6.468537902832031250e+01
1.010640487670898438e+02
1.732522583007812500e+02
1.101567649841308594e+01
4.532364654541015625e+01
7.414362335205078125e+01
1.723569030761718750e+02
2.243024826049804688e+01
9.771692657470703125e+01
7.049674987792968750e+01
1.630360260009765625e+02
3.244210815429687500e+01
1.272223205566406250e+02
1.415669403076171875e+02
1.816214599609375000e+02
1.019981575012207031e+01
4.619620513916015625e+01
2.068767089843750000e+02
1.549464111328125000e+02
3.707597732543945312e+01
1.950540466308593750e+02
8.316211700439453125e-01
1.605493469238281250e+02
2.896899032592773438e+01
1.521610870361328125e+02
1.993624877929687500e+02
1.736537780761718750e+02
1.024363517761230469e+01
5.625535964965820312e+01
3.981519470214843750e+02
1.810048065185546875e+02
1.654578781127929688e+01
7.049639129638671875e+01
2.009677276611328125e+02
1.697160644531250000e+02
8.739099502563476562e+00
5.544507217407226562e+01
0.000000000000000000e+00
0.000000000000000000e+00
0.000000000000000000e+00
0.000000000000000000e+00
