2.190551757812500000e+02
1.669108581542968750e+02
2.594606018066406250e+01
9.928449249267578125e+01
2.457214813232421875e+02
1.660763854980468750e+02
2.757705307006835938e+01
1.091098175048828125e+02
2.029519653320312500e+02
1.696069335937500000e+02
2.061284446716308594e+01
8.955973052978515625e+01
2.429590301513671875e+02
1.621952209472656250e+02
3.414138793945312500e+01
1.160672912597656250e+02
2.468279113769531250e+02
1.731339874267578125e+02
2.669654846191406250e+01
1.050639419555664062e+02
1.379942626953125000e+02
1.765264739990234375e+02
8.957697868347167969e+00
3.868867874145507812e+01
3.563967895507812500e+02
1.494799041748046875e+02
5.016528320312500000e+01
2.674672546386718750e+02
3.641890258789062500e+02
1.456063079833984375e+02
5.018103027343750000e+01
2.735260925292968750e+02
3.613642578125000000e+02
1.599183502197265625e+02
5.372394943237304688e+01
2.618915710449218750e+02
1.541118164062500000e+02
1.760737915039062500e+02
8.458117485046386719e+00
3.522096633911132812e+01
1.539749450683593750e+02
1.720153808593750000e+02
7.913493156433105469e+00
3.714360046386718750e+01
3.555951538085937500e+02
1.661189880371093750e+02
5.203489303588867188e+01
2.489939422607421875e+02
1.194251861572265625e+02
1.719033813476562500e+02
1.011302757263183594e+01
3.524755859375000000e+01
1.418801574707031250e+02
1.760044555664062500e+02
8.334510803222656250e+00
3.718535232543945312e+01
1.254336090087890625e+02
1.743487243652343750e+02
8.366944313049316406e+00
3.241313171386718750e+01
2.433579559326171875e+02
1.673197631835937500e+02
3.378762817382812500e+01
1.157836761474609375e+02
8.803794860839843750e+01
1.759825439453125000e+02
1.266033554077148438e+01
4.449645614624023438e+01
7.943526458740234375e+01
1.853702850341796875e+02
1.265613269805908203e+01
3.640965652465820312e+01
2.125240478515625000e+02
1.617056274414062500e+02
3.820183181762695312e+01
1.078978652954101562e+02
3.684258117675781250e+02
1.807634735107421875e+02
4.284613800048828125e+01
1.659010925292968750e+02
0.000000000000000000e+00
0.000000000000000000e+00
0.000000000000000000e+00
0.000000000000000000e+00
