2.841942138671875000e+02
1.643502655029296875e+02
2.721973037719726562e+01
1.060259399414062500e+02
3.592477416992187500e+02
1.670956115722656250e+02
4.463892745971679688e+01
1.662927703857421875e+02
3.600594482421875000e+02
1.736157226562500000e+02
4.415694427490234375e+01
1.728580474853515625e+02
1.712123260498046875e+02
1.756995391845703125e+02
1.714301109313964844e+01
8.021121978759765625e+01
3.593724975585937500e+02
1.636166839599609375e+02
5.220181655883789062e+01
1.772636413574218750e+02
3.602788696289062500e+02
1.626337585449218750e+02
5.110461807250976562e+01
1.962368011474609375e+02
1.587531890869140625e+02
1.820374755859375000e+02
1.108460235595703125e+01
4.600555801391601562e+01
1.082289505004882812e+02
1.750931396484375000e+02
1.103085327148437500e+01
4.173033142089843750e+01
2.565138549804687500e+02
1.692515563964843750e+02
8.290905952453613281e+00
4.213991928100585938e+01
2.789549560546875000e+02
1.632984924316406250e+02
3.564065551757812500e+01
1.064455718994140625e+02
1.881906890869140625e+02
1.633798522949218750e+02
3.398608016967773438e+01
1.961041412353515625e+02
1.881671600341796875e+02
1.595120239257812500e+02
3.378912353515625000e+01
1.844723510742187500e+02
2.563180847167968750e+02
1.736774902343750000e+02
9.007610321044921875e+00
3.914187622070312500e+01
1.212087707519531250e+02
1.775158233642578125e+02
5.609006404876708984e+00
2.203978729248046875e+01
2.145766754150390625e+02
1.533990783691406250e+02
4.217467498779296875e+01
2.273835449218750000e+02
3.538374938964843750e+02
1.598920898437500000e+02
1.714502525329589844e+01
8.977242279052734375e+01
2.147383728027343750e+02
1.602999420166015625e+02
4.336282348632812500e+01
2.320637512207031250e+02
3.511346130371093750e+02
1.605886688232421875e+02
2.005018615722656250e+01
1.482796630859375000e+02
-7.589731216430664062e-01
1.538740234375000000e+02
2.447018814086914062e+01
1.851208343505859375e+02
-6.503276824951171875e-01
1.700358428955078125e+02
1.853926277160644531e+01
1.539495849609375000e+02
1.494919738769531250e+02
1.826337585449218750e+02
1.038381767272949219e+01
4.483538055419921875e+01
1.593465423583984375e+02
1.887158813476562500e+02
1.041449928283691406e+01
4.365213775634765625e+01
2.253901672363281250e+02
1.849364318847656250e+02
4.586496734619140625e+01
1.586470947265625000e+02
3.533579406738281250e+02
1.676786804199218750e+02
1.806575775146484375e+01
8.939941406250000000e+01
8.068813323974609375e+01
1.773346252441406250e+02
1.136096477508544922e+01
4.183849334716796875e+01
2.213381958007812500e+02
1.684351501464843750e+02
4.661355972290039062e+01
2.199568481445312500e+02
-1.653089523315429688e-01
1.561063232421875000e+02
1.636887931823730469e+01
1.562360229492187500e+02
0.000000000000000000e+00
0.000000000000000000e+00
0.000000000000000000e+00
0.000000000000000000e+00
