1.357810363769531250e+02
1.671006469726562500e+02
2.321883773803710938e+01
9.748768615722656250e+01
3.385032958984375000e+02
1.584844360351562500e+02
3.756151962280273438e+01
1.542266387939453125e+02
1.698349761962890625e+02
1.681719512939453125e+02
2.238918113708496094e+01
1.148275833129882812e+02
1.709444427490234375e+02
1.662407531738281250e+02
2.289725494384765625e+01
1.103910675048828125e+02
3.388643798828125000e+02
1.617200317382812500e+02
3.741435623168945312e+01
1.621928863525390625e+02
1.915675811767578125e+02
1.692167663574218750e+02
2.198744392395019531e+01
9.131776428222656250e+01
2.557941741943359375e+02
1.717251892089843750e+02
4.030654144287109375e+01
2.149509887695312500e+02
7.715394592285156250e+01
1.982021484375000000e+02
2.580603981018066406e+01
6.750371551513671875e+01
2.881803283691406250e+02
1.583733673095703125e+02
7.870475006103515625e+01
2.661977844238281250e+02
3.657183532714843750e+02
1.682097473144531250e+02
1.805275726318359375e+01
6.853788757324218750e+01
8.036941528320312500e+01
1.874503784179687500e+02
2.122827529907226562e+01
6.382383728027343750e+01
1.200107574462890625e+00
2.030158996582031250e+02
3.331469726562500000e+01
1.855293579101562500e+02
3.004346618652343750e+02
2.070298156738281250e+02
5.123613357543945312e+01
1.746050262451171875e+02
2.846571350097656250e+02
1.510339965820312500e+02
8.130643463134765625e+01
2.650008544921875000e+02
2.373276824951171875e+02
1.675225524902343750e+02
1.178875446319580078e+01
6.132567596435546875e+01
2.573168640136718750e+02
1.624818420410156250e+02
3.747206497192382812e+01
2.112279815673828125e+02
1.193709182739257812e+02
1.751414337158203125e+02
8.615923881530761719e+00
2.996028518676757812e+01
1.377029724121093750e+02
1.818410949707031250e+02
2.051401710510253906e+01
8.901750183105468750e+01
2.511140899658203125e+02
1.754529724121093750e+02
3.937388229370117188e+01
2.077904052734375000e+02
2.562363281250000000e+02
1.944536132812500000e+02
3.928401565551757812e+01
1.934447631835937500e+02
2.875777282714843750e+02
1.481804046630859375e+02
5.116751480102539062e+01
2.643403015136718750e+02
0.000000000000000000e+00
0.000000000000000000e+00
0.000000000000000000e+00
0.000000000000000000e+00
