2.462855529785156250e+02
1.727965850830078125e+02
3.422602462768554688e+01
1.274752273559570312e+02
2.449438323974609375e+02
1.776594848632812500e+02
3.541415786743164062e+01
1.278482208251953125e+02
1.320867462158203125e+02
1.768065185546875000e+02
1.746615219116210938e+01
6.525779724121093750e+01
1.309039306640625000e+02
1.721819152832031250e+02
1.731314659118652344e+01
6.795483398437500000e+01
1.091608123779296875e+02
1.739319610595703125e+02
1.036797142028808594e+01
4.380606460571289062e+01
1.982448425292968750e+02
1.606528167724609375e+02
3.420201492309570312e+01
1.465825805664062500e+02
1.978540649414062500e+02
1.546077270507812500e+02
3.379980087280273438e+01
1.857419586181640625e+02
1.346775054931640625e+02
1.808189392089843750e+02
1.250030040740966797e+01
5.965629959106445312e+01
1.728038787841796875e+02
1.659051818847656250e+02
5.017831802368164062e+01
1.973123779296875000e+02
1.216470870971679688e+02
1.772270507812500000e+02
5.879204750061035156e+00
2.375936508178710938e+01
1.617719421386718750e+02
1.762346496582031250e+02
4.662313461303710938e+01
1.722057647705078125e+02
2.321183166503906250e+02
1.712755279541015625e+02
1.058342075347900391e+01
4.760389328002929688e+01
1.709039611816406250e+02
1.732019348144531250e+02
5.307032775878906250e+01
2.054468536376953125e+02
2.502534637451171875e+02
1.789368896484375000e+02
2.687019729614257812e+01
1.130014648437500000e+02
2.409566650390625000e+02
1.680768737792968750e+02
6.674627304077148438e+00
4.275087738037109375e+01
9.492317199707031250e+01
1.750163574218750000e+02
1.007099533081054688e+01
4.197092819213867188e+01
1.026657562255859375e+02
1.754169311523437500e+02
8.016572952270507812e+00
4.051589202880859375e+01
3.629854125976562500e+02
1.675951843261718750e+02
2.372320365905761719e+01
6.522610473632812500e+01
0.000000000000000000e+00
0.000000000000000000e+00
0.000000000000000000e+00
0.000000000000000000e+00
