2.967979431152343750e+02
1.682075805664062500e+02
2.616644096374511719e+01
1.203203887939453125e+02
1.073604965209960938e+02
1.806910400390625000e+02
2.790758132934570312e+01
9.252725982666015625e+01
2.367540740966796875e+02
1.579213562011718750e+02
8.251662445068359375e+01
2.468073577880859375e+02
5.368317794799804688e+01
2.033208465576171875e+02
2.596270179748535156e+01
5.123663711547851562e+01
1.068208465576171875e+02
1.724573059082031250e+02
2.671947860717773438e+01
9.719911193847656250e+01
2.253504486083984375e+02
1.575392456054687500e+02
3.761458587646484375e+01
2.106232147216796875e+02
2.938642883300781250e+02
1.665080566406250000e+02
3.215660095214843750e+01
1.234604187011718750e+02
1.026348571777343750e+02
1.654592895507812500e+02
3.672861480712890625e+01
1.110738067626953125e+02
5.568589019775390625e+01
1.965711975097656250e+02
2.224644279479980469e+01
4.989056396484375000e+01
1.277287139892578125e+02
1.251655578613281250e+02
8.471263885498046875e+01
2.851162719726562500e+02
2.266810302734375000e+02
1.503373565673828125e+02
3.661620712280273438e+01
2.021254882812500000e+02
3.641331481933593750e+02
1.678968200683593750e+02
2.257191658020019531e+01
6.102332687377929688e+01
2.939220275878906250e+02
1.584683380126953125e+02
3.175110816955566406e+01
1.266298217773437500e+02
2.514985961914062500e+02
1.616154022216796875e+02
4.884850311279296875e+01
2.356787414550781250e+02
2.397225646972656250e+02
1.667938232421875000e+02
7.879649353027343750e+01
2.491820526123046875e+02
7.899449920654296875e+01
1.851217651367187500e+02
1.251788902282714844e+01
3.707220077514648438e+01
2.980673828125000000e+02
1.689418945312500000e+02
2.362311744689941406e+01
1.035767593383789062e+02
2.522469635009765625e+02
1.642267456054687500e+02
4.852248764038085938e+01
2.041755371093750000e+02
2.248901977539062500e+02
1.758918762207031250e+02
3.985963058471679688e+01
2.004036712646484375e+02
1.016222229003906250e+02
1.725896606445312500e+02
3.851214218139648438e+01
1.076022720336914062e+02
8.861110687255859375e+01
1.753991699218750000e+02
9.625082015991210938e+00
4.388595581054687500e+01
2.160546264648437500e+02
1.716092071533203125e+02
8.144858360290527344e+00
3.402919387817382812e+01
2.457108612060546875e+02
1.795957946777343750e+02
4.547182083129882812e+01
1.969001312255859375e+02
0.000000000000000000e+00
0.000000000000000000e+00
0.000000000000000000e+00
0.000000000000000000e+00
