1.089044799804687500e+02
1.697917022705078125e+02
3.320271682739257812e+01
1.309954528808593750e+02
1.549138946533203125e+02
1.765493316650390625e+02
1.667537498474121094e+01
8.540866088867187500e+01
1.128362960815429688e+02
1.719513397216796875e+02
3.765987014770507812e+01
1.225877456665039062e+02
1.401114654541015625e+02
1.738098754882812500e+02
1.748083686828613281e+01
9.312494659423828125e+01
1.302882537841796875e+02
1.664526672363281250e+02
1.956696510314941406e+01
1.299027099609375000e+02
2.162066192626953125e+02
1.714033660888671875e+02
1.029164218902587891e+01
3.195195388793945312e+01
3.633125305175781250e+02
1.683969421386718750e+02
2.244597434997558594e+01
6.369527435302734375e+01
1.374915466308593750e+02
1.786078186035156250e+02
1.738180923461914062e+01
9.775696563720703125e+01
2.729006652832031250e+02
1.710241699218750000e+02
8.750093460083007812e+00
3.740551757812500000e+01
3.974205932617187500e+02
1.801668701171875000e+02
1.730129432678222656e+01
7.095989227294921875e+01
1.083118362426757812e+02
1.906804351806640625e+02
2.379187583923339844e+01
7.878594970703125000e+01
2.357653350830078125e+02
1.712473144531250000e+02
1.050785160064697266e+01
4.727374267578125000e+01
1.551186523437500000e+02
1.918903808593750000e+02
1.661139488220214844e+01
6.862689208984375000e+01
0.000000000000000000e+00
0.000000000000000000e+00
0.000000000000000000e+00
0.000000000000000000e+00
