1.512785339355468750e+02
1.643336181640625000e+02
2.232167053222656250e+01
1.041611938476562500e+02
3.145452499389648438e+01
1.865875091552734375e+02
2.887225151062011719e+01
9.043050384521484375e+01
1.923379669189453125e+02
1.737192535400390625e+02
2.507612037658691406e+01
1.046534805297851562e+02
3.759352111816406250e+02
1.600834045410156250e+02
3.759209823608398438e+01
2.011597747802734375e+02
3.754465332031250000e+02
1.602640686035156250e+02
3.689408493041992188e+01
1.825475158691406250e+02
1.913328247070312500e+02
1.632746734619140625e+02
2.221498298645019531e+01
1.156224975585937500e+02
2.196798248291015625e+02
1.754031829833984375e+02
1.826331138610839844e+01
8.798239898681640625e+01
3.133477172851562500e+02
1.585620117187500000e+02
3.086466598510742188e+01
2.141371612548828125e+02
3.324993896484375000e+02
1.596218414306640625e+02
5.245207595825195312e+01
2.331791687011718750e+02
2.796482238769531250e+02
1.697887573242187500e+02
4.331623458862304688e+01
2.151316070556640625e+02
3.349592590332031250e+02
1.550770416259765625e+02
4.684369659423828125e+01
2.236620788574218750e+02
1.864664764404296875e+02
1.590452728271484375e+02
3.471560668945312500e+01
1.229535140991210938e+02
2.818240356445312500e+02
1.603371582031250000e+02
3.926592636108398438e+01
2.165007781982421875e+02
3.138509521484375000e+02
1.590013122558593750e+02
2.973066139221191406e+01
1.811333160400390625e+02
1.970093688964843750e+02
1.760004882812500000e+02
2.557891845703125000e+01
1.017094039916992188e+02
3.191896667480468750e+02
1.511665039062500000e+02
8.062245941162109375e+01
2.518561401367187500e+02
3.331711959838867188e+01
1.875939636230468750e+02
3.195017051696777344e+01
8.694425964355468750e+01
1.484750671386718750e+02
1.711054077148437500e+02
2.229960441589355469e+01
9.161345672607421875e+01
2.842742614746093750e+02
1.668794708251953125e+02
4.539720535278320312e+01
2.202925109863281250e+02
1.874299011230468750e+02
1.697770996093750000e+02
3.593803405761718750e+01
1.120169296264648438e+02
1.205443496704101562e+02
1.755569610595703125e+02
7.339911460876464844e+00
2.963808822631835938e+01
3.756640625000000000e+02
1.508914642333984375e+02
3.598104858398437500e+01
1.680420227050781250e+02
3.219744567871093750e+02
1.561386718750000000e+02
4.578362655639648438e+01
2.422488250732421875e+02
1.368699035644531250e+02
1.740019226074218750e+02
7.602262973785400391e+00
3.287100982666015625e+01
2.863676452636718750e+02
1.511776428222656250e+02
4.303578567504882812e+01
2.335581817626953125e+02
7.867218780517578125e+01
1.829722595214843750e+02
1.310397243499755859e+01
3.898296356201171875e+01
7.960258483886718750e+01
1.782959899902343750e+02
1.226846694946289062e+01
4.049244308471679688e+01
8.675843811035156250e+01
1.766577301025390625e+02
1.062387275695800781e+01
4.284607696533203125e+01
3.749009094238281250e+02
1.875629730224609375e+02
4.013366699218750000e+01
1.778990783691406250e+02
3.261738891601562500e+02
1.514111785888671875e+02
3.797232437133789062e+01
2.318055725097656250e+02
1.374561920166015625e+02
1.769625244140625000e+02
7.764277458190917969e+00
3.217839813232421875e+01
0.000000000000000000e+00
0.000000000000000000e+00
0.000000000000000000e+00
0.000000000000000000e+00
