1.500057220458984375e+02
1.637727966308593750e+02
2.292983245849609375e+01
1.236418457031250000e+02
1.225209884643554688e+02
1.628133239746093750e+02
2.158684158325195312e+01
1.125799713134765625e+02
3.092789916992187500e+02
1.636277008056640625e+02
3.420129776000976562e+01
1.392592468261718750e+02
1.759541320800781250e+02
1.616512756347656250e+02
2.512972450256347656e+01
1.078051834106445312e+02
2.395997924804687500e+02
1.524788055419921875e+02
3.973303222656250000e+01
2.285723571777343750e+02
2.395269622802734375e+02
1.676525268554687500e+02
4.057303619384765625e+01
2.149800262451171875e+02
3.791169357299804688e+01
1.310160064697265625e+02
8.892722320556640625e+01
2.900820617675781250e+02
1.515196228027343750e+02
1.633029937744140625e+02
2.385194206237792969e+01
1.170667648315429688e+02
1.226134185791015625e+02
1.748530883789062500e+02
2.168886566162109375e+01
1.014497222900390625e+02
3.647377624511718750e+02
1.692401123046875000e+02
2.152812004089355469e+01
5.868794250488281250e+01
1.477627105712890625e+02
1.650881042480468750e+02
3.109803581237792969e+01
1.215988006591796875e+02
1.461802215576171875e+02
1.763346405029296875e+02
2.634803390502929688e+01
9.985854339599609375e+01
1.479510650634765625e+02
1.596736755371093750e+02
3.169151687622070312e+01
1.234198608398437500e+02
2.710173034667968750e+02
1.783266296386718750e+02
4.622065353393554688e+01
2.019426269531250000e+02
3.981152038574218750e+02
1.473662567138671875e+02
1.645050811767578125e+01
1.045996322631835938e+02
1.110840072631835938e+02
1.717008056640625000e+02
1.787889099121093750e+01
8.326403808593750000e+01
3.083905944824218750e+02
1.656033630371093750e+02
3.549103927612304688e+01
1.514807281494140625e+02
2.735269775390625000e+02
1.733502502441406250e+02
4.204400634765625000e+01
1.840316925048828125e+02
2.358911132812500000e+02
1.659519653320312500e+02
3.783907699584960938e+01
2.013606414794921875e+02
2.420310363769531250e+02
1.561945495605468750e+02
3.694562530517578125e+01
1.887791290283203125e+02
3.129932250976562500e+02
1.755382690429687500e+02
2.726562118530273438e+01
1.150846633911132812e+02
0.000000000000000000e+00
0.000000000000000000e+00
0.000000000000000000e+00
0.000000000000000000e+00
