1.366845550537109375e+02
1.662437133789062500e+02
2.670790290832519531e+01
9.962489318847656250e+01
1.712563476562500000e+02
1.693557586669921875e+02
2.440435791015625000e+01
1.130663375854492188e+02
2.554910736083984375e+02
1.719714965820312500e+02
4.069814682006835938e+01
2.145146026611328125e+02
3.423000488281250000e+02
1.600922241210937500e+02
3.623460006713867188e+01
1.513034820556640625e+02
1.738877105712890625e+02
1.605921325683593750e+02
2.248838043212890625e+01
1.227767715454101562e+02
2.905393371582031250e+02
1.591031951904296875e+02
7.832470703125000000e+01
2.625465393066406250e+02
1.935216827392578125e+02
1.687504730224609375e+02
1.943393325805664062e+01
9.171630859375000000e+01
7.607012176513671875e+01
1.865143737792968750e+02
2.369929504394531250e+01
6.499752044677734375e+01
2.001087036132812500e+02
1.718329162597656250e+02
1.858298873901367188e+01
8.770235443115234375e+01
2.862219543457031250e+02
1.499617156982421875e+02
8.025251007080078125e+01
2.695879211425781250e+02
3.441386108398437500e+02
1.590673217773437500e+02
3.443252563476562500e+01
1.669053039550781250e+02
7.234537506103515625e+01
1.989749603271484375e+02
2.965209770202636719e+01
6.571588897705078125e+01
1.202427368164062500e+02
1.747315826416015625e+02
8.356144905090332031e+00
3.014113044738769531e+01
3.036894836425781250e+02
1.908756713867187500e+02
4.982169342041015625e+01
1.797650909423828125e+02
2.581375732421875000e+02
1.626403503417968750e+02
3.649388504028320312e+01
2.117369842529296875e+02
2.367312469482421875e+02
1.665875091552734375e+02
1.238224983215332031e+01
6.186728286743164062e+01
3.029342651367187500e+02
2.133470764160156250e+02
5.230390930175781250e+01
1.623453216552734375e+02
2.554041748046875000e+02
1.921874084472656250e+02
4.094420242309570312e+01
1.971749267578125000e+02
1.664833374023437500e+02
1.630208129882812500e+02
3.449354553222656250e+01
1.169910736083984375e+02
1.570417938232421875e+02
1.729831085205078125e+02
1.199178791046142578e+01
4.792865371704101562e+01
1.661395874023437500e+02
1.673253784179687500e+02
3.497748565673828125e+01
1.168019409179687500e+02
3.666728210449218750e+02
1.676914978027343750e+02
1.776290512084960938e+01
6.903707122802734375e+01
1.318474273681640625e+02
1.628012084960937500e+02
3.760142135620117188e+01
1.050982894897460938e+02
2.331964721679687500e+02
1.673687744140625000e+02
1.867784309387207031e+01
6.016452407836914062e+01
1.143877716064453125e+02
1.749566802978515625e+02
7.216884136199951172e+00
3.019915580749511719e+01
3.983285217285156250e+02
1.772671051025390625e+02
1.638768005371093750e+01
7.566252899169921875e+01
2.888191223144531250e+02
1.450163269042968750e+02
4.445696258544921875e+01
2.716380615234375000e+02
0.000000000000000000e+00
0.000000000000000000e+00
0.000000000000000000e+00
0.000000000000000000e+00
