1.032389297485351562e+02
1.709505615234375000e+02
3.793111038208007812e+01
1.272923736572265625e+02
1.331477508544921875e+02
1.725139465332031250e+02
1.872953414916992188e+01
1.113481903076171875e+02
1.537667388916015625e+02
1.798007202148437500e+02
1.585543537139892578e+01
7.888252258300781250e+01
1.330695037841796875e+02
1.716796569824218750e+02
1.981594085693359375e+01
9.852396392822265625e+01
1.422716064453125000e+02
1.724457244873046875e+02
1.886571502685546875e+01
9.535634613037109375e+01
3.631335144042968750e+02
1.674400329589843750e+02
2.251952552795410156e+01
6.401538085937500000e+01
1.365875244140625000e+02
1.777411956787109375e+02
2.028904151916503906e+01
9.791913604736328125e+01
2.730466613769531250e+02
1.707973327636718750e+02
8.210731506347656250e+00
3.762312698364257812e+01
2.174784393310546875e+02
1.718744354248046875e+02
8.317139625549316406e+00
3.038314437866210938e+01
2.357195281982421875e+02
1.714387359619140625e+02
1.069650936126708984e+01
4.753665161132812500e+01
2.251792755126953125e+02
1.726391296386718750e+02
8.483979225158691406e+00
3.010074996948242188e+01
0.000000000000000000e+00
0.000000000000000000e+00
0.000000000000000000e+00
0.000000000000000000e+00
