1.849163970947265625e+02
1.737594299316406250e+02
2.566261672973632812e+01
1.080939865112304688e+02
1.093152847290039062e+02
1.613817138671875000e+02
5.044334411621093750e+01
1.938980712890625000e+02
1.581483917236328125e+02
1.633043823242187500e+02
3.031488418579101562e+01
1.414071807861328125e+02
1.125927581787109375e+02
1.678901062011718750e+02
4.821115112304687500e+01
1.654559173583984375e+02
1.628236236572265625e+02
1.636050109863281250e+02
2.313513183593750000e+01
1.397168579101562500e+02
1.863538360595703125e+02
1.756159820556640625e+02
2.414821624755859375e+01
9.183209991455078125e+01
1.626763458251953125e+02
1.685856018066406250e+02
3.065434455871582031e+01
1.291495208740234375e+02
1.463037261962890625e+02
1.711907348632812500e+02
2.067116546630859375e+01
1.272077789306640625e+02
2.483152923583984375e+02
1.698712921142578125e+02
8.705420494079589844e+00
4.004840850830078125e+01
2.027288513183593750e+02
1.703636016845703125e+02
1.623094558715820312e+01
9.309462738037109375e+01
1.027172393798828125e+02
1.768372039794921875e+02
8.861732482910156250e+00
4.055021286010742188e+01
1.650330200195312500e+02
1.674094543457031250e+02
2.445490455627441406e+01
1.292722015380859375e+02
1.440827026367187500e+02
1.825417022705078125e+02
2.138609313964843750e+01
1.226534423828125000e+02
2.543818511962890625e+02
1.770715332031250000e+02
9.110260009765625000e+00
3.343429565429687500e+01
0.000000000000000000e+00
0.000000000000000000e+00
0.000000000000000000e+00
0.000000000000000000e+00
