1.557818145751953125e+02
1.723101654052734375e+02
1.911129760742187500e+01
7.879248809814453125e+01
2.120027465820312500e+02
1.653227386474609375e+02
4.157426834106445312e+01
2.250199890136718750e+02
1.787875976562500000e+02
1.674483337402343750e+02
3.784839248657226562e+01
1.914471282958984375e+02
3.226558227539062500e+02
1.694697265625000000e+02
4.389730834960937500e+01
1.546038513183593750e+02
2.130417327880859375e+02
1.563121948242187500e+02
3.859545516967773438e+01
2.214150238037109375e+02
3.202801513671875000e+02
1.663384552001953125e+02
1.398938083648681641e+01
9.805879974365234375e+01
1.087626571655273438e+02
1.749847717285156250e+02
1.009465408325195312e+01
4.086282348632812500e+01
1.213767852783203125e+02
1.786163177490234375e+02
4.929916381835937500e+00
2.064891624450683594e+01
2.930476684570312500e+02
1.730460205078125000e+02
8.336813926696777344e+00
4.000185012817382812e+01
1.559657592773437500e+02
1.689144592285156250e+02
1.865834808349609375e+01
7.573706054687500000e+01
2.489285278320312500e+02
1.673837127685546875e+02
1.021509552001953125e+01
4.575432586669921875e+01
3.629239196777343750e+02
1.695014648437500000e+02
2.214064407348632812e+01
6.023443984985351562e+01
3.221586914062500000e+02
1.862482299804687500e+02
4.605116653442382812e+01
1.455514984130859375e+02
1.292690582275390625e+02
1.792855072021484375e+02
4.104360103607177734e+00
1.810577201843261719e+01
1.374883575439453125e+02
1.771923675537109375e+02
4.635868549346923828e+00
2.208026885986328125e+01
3.977100219726562500e+02
1.753256378173828125e+02
1.689565658569335938e+01
7.676767730712890625e+01
3.972348937988281250e+02
1.518318786621093750e+02
1.699137306213378906e+01
9.996736145019531250e+01
3.231017456054687500e+02
1.654066162109375000e+02
3.898621368408203125e+01
1.432415313720703125e+02
1.792196655273437500e+02
1.889335632324218750e+02
4.004016494750976562e+01
1.700010375976562500e+02
1.792217102050781250e+02
1.616587219238281250e+02
3.661628723144531250e+01
1.823255767822265625e+02
2.488314208984375000e+02
1.681625061035156250e+02
9.989638328552246094e+00
5.078919982910156250e+01
2.120414581298828125e+02
1.862933959960937500e+02
4.232349395751953125e+01
2.088679656982421875e+02
2.933893127441406250e+02
1.690506744384765625e+02
8.579930305480957031e+00
4.371369552612304688e+01
0.000000000000000000e+00
0.000000000000000000e+00
0.000000000000000000e+00
0.000000000000000000e+00
