2.032416992187500000e+02
1.687980957031250000e+02
2.353735733032226562e+01
9.063562011718750000e+01
2.213380584716796875e+02
1.647380981445312500e+02
2.564864158630371094e+01
1.007846679687500000e+02
3.625621643066406250e+02
1.529723358154296875e+02
5.227062988281250000e+01
2.764391174316406250e+02
3.651974792480468750e+02
1.516105041503906250e+02
4.859870910644531250e+01
2.626536865234375000e+02
2.437717895507812500e+02
1.636695251464843750e+02
3.607432556152343750e+01
1.144364395141601562e+02
2.487309112548828125e+02
1.683247985839843750e+02
2.746165084838867188e+01
1.051854171752929688e+02
2.487858428955078125e+02
1.732571411132812500e+02
2.835659599304199219e+01
1.046013336181640625e+02
1.376923522949218750e+02
1.755075683593750000e+02
8.955548286437988281e+00
3.940784454345703125e+01
1.541735839843750000e+02
1.712932586669921875e+02
7.671944141387939453e+00
3.835524749755859375e+01
1.543337249755859375e+02
1.750715942382812500e+02
8.243533134460449219e+00
3.710566711425781250e+01
2.439092102050781250e+02
1.704704284667968750e+02
3.657139968872070312e+01
1.097868499755859375e+02
1.429749908447265625e+02
1.749189910888671875e+02
7.708631515502929688e+00
3.883697128295898438e+01
3.583956909179687500e+02
1.573827819824218750e+02
4.691675949096679688e+01
2.519380493164062500e+02
1.194314804077148438e+02
1.732772827148437500e+02
1.002974319458007812e+01
3.445147705078125000e+01
1.190105056762695312e+02
1.776815032958984375e+02
9.969341278076171875e+00
3.089893722534179688e+01
1.263680801391601562e+02
1.742944946289062500e+02
7.852155208587646484e+00
3.271067047119140625e+01
3.574303588867187500e+02
1.699595184326171875e+02
4.996291732788085938e+01
2.426059875488281250e+02
1.264156951904296875e+02
1.777793121337890625e+02
8.011631965637207031e+00
3.049773597717285156e+01
0.000000000000000000e+00
0.000000000000000000e+00
0.000000000000000000e+00
0.000000000000000000e+00
