1.676564025878906250e+02
1.726124267578125000e+02
2.291283988952636719e+01
9.016424560546875000e+01
3.085194091796875000e+02
1.611723022460937500e+02
4.373957061767578125e+01
2.374286499023437500e+02
2.355612640380859375e+02
1.767543640136718750e+02
1.963051223754882812e+01
8.380387115478515625e+01
1.922960815429687500e+02
1.654459075927734375e+02
2.272454452514648438e+01
1.045775070190429688e+02
2.070884704589843750e+02
1.753425903320312500e+02
2.948256874084472656e+01
1.020639572143554688e+02
1.434899291992187500e+02
1.759538421630859375e+02
1.036792469024658203e+01
4.121033096313476562e+01
3.397434082031250000e+02
1.479813232421875000e+02
3.796923828125000000e+01
2.371168212890625000e+02
3.382616882324218750e+02
1.630458984375000000e+02
3.780071640014648438e+01
2.276104736328125000e+02
2.008671417236328125e+02
1.701233825683593750e+02
3.897615814208984375e+01
1.116814880371093750e+02
3.677417297363281250e+02
1.664048767089843750e+02
4.647084808349609375e+01
1.993686370849609375e+02
1.994848022460937500e+02
1.608711395263671875e+02
3.806519317626953125e+01
1.210257339477539062e+02
2.071587982177734375e+02
1.713376007080078125e+02
3.797195434570312500e+01
1.110874862670898438e+02
1.543593292236328125e+02
1.737804412841796875e+02
7.431161880493164062e+00
3.363108444213867188e+01
3.695755920410156250e+02
1.881239318847656250e+02
4.526349258422851562e+01
1.788719482421875000e+02
2.118876342773437500e+02
1.729415130615234375e+02
2.720142555236816406e+01
1.077589797973632812e+02
3.091646423339843750e+02
1.492855224609375000e+02
3.924562835693359375e+01
2.365580444335937500e+02
1.202371063232421875e+02
1.742420959472656250e+02
7.827864646911621094e+00
3.185176086425781250e+01
3.307754516601562500e+02
1.454598083496093750e+02
8.465546417236328125e+01
2.626930541992187500e+02
3.070843200683593750e+02
1.838013305664062500e+02
4.562220382690429688e+01
2.142106170654296875e+02
1.537882995605468750e+02
1.759701080322265625e+02
8.170082092285156250e+00
3.509808731079101562e+01
3.188323974609375000e+02
1.650225677490234375e+02
5.022550582885742188e+01
2.290074768066406250e+02
1.695683135986328125e+02
1.843383789062500000e+02
2.030480003356933594e+01
8.296195983886718750e+01
1.434600524902343750e+02
1.827989807128906250e+02
1.111174774169921875e+01
3.739598083496093750e+01
3.409038085937500000e+02
1.521157226562500000e+02
3.580541229248046875e+01
1.984164276123046875e+02
2.068770446777343750e+02
1.714786682128906250e+02
2.361864280700683594e+01
9.631867980957031250e+01
2.190839843750000000e+02
1.731691894531250000e+02
6.178166866302490234e+00
1.575958156585693359e+01
8.056799316406250000e+01
1.780897216796875000e+02
1.122271728515625000e+01
4.036571502685546875e+01
0.000000000000000000e+00
0.000000000000000000e+00
0.000000000000000000e+00
0.000000000000000000e+00
