2.292831420898437500e+02
1.521302490234375000e+02
4.093714904785156250e+01
2.273190765380859375e+02
2.269832916259765625e+02
1.535970764160156250e+02
4.571292495727539062e+01
2.437059173583984375e+02
3.794627990722656250e+02
1.552723083496093750e+02
3.630912017822265625e+01
1.795296783447265625e+02
3.137793273925781250e+02
1.690469818115234375e+02
1.044698715209960938e+01
4.173955154418945312e+01
3.863533630371093750e+02
1.534163513183593750e+02
2.972168350219726562e+01
1.846699676513671875e+02
1.053403244018554688e+02
1.750394287109375000e+02
1.037869358062744141e+01
4.209652709960937500e+01
1.583263397216796875e+02
1.804261474609375000e+02
1.024579811096191406e+01
4.702796936035156250e+01
7.951890563964843750e+01
1.800478210449218750e+02
1.197033214569091797e+01
4.337697982788085938e+01
3.162933044433593750e+02
1.700851135253906250e+02
9.988280296325683594e+00
3.989691925048828125e+01
3.789233398437500000e+02
1.498986511230468750e+02
3.663101959228515625e+01
1.753449249267578125e+02
2.320491409301757812e+01
1.681617126464843750e+02
4.328758239746093750e+01
1.495088653564453125e+02
7.930370330810546875e+01
1.781946563720703125e+02
1.192619228363037109e+01
4.075308990478515625e+01
3.618680419921875000e+02
1.687496795654296875e+02
2.499658203125000000e+01
6.586337280273437500e+01
1.850406036376953125e+02
1.695302124023437500e+02
4.142221832275390625e+01
1.875894775390625000e+02
2.427197265625000000e+01
1.543544158935546875e+02
4.140729522705078125e+01
1.622210693359375000e+02
3.173600959777832031e+01
1.510679779052734375e+02
3.657459640502929688e+01
1.701615905761718750e+02
1.890937194824218750e+02
1.645512390136718750e+02
4.291960144042968750e+01
2.005405883789062500e+02
2.578913269042968750e+02
1.691968231201171875e+02
1.619947624206542969e+01
6.554334259033203125e+01
1.758967437744140625e+02
1.785182342529296875e+02
8.226805686950683594e+00
3.271011734008789062e+01
1.207830276489257812e+02
1.767084350585937500e+02
5.959106445312500000e+00
2.165055084228515625e+01
3.867633056640625000e+02
1.478553771972656250e+02
2.903716087341308594e+01
1.777823638916015625e+02
2.318322143554687500e+02
1.523756103515625000e+02
3.753639602661132812e+01
1.988177032470703125e+02
1.488386383056640625e+02
1.829228363037109375e+02
1.115011310577392578e+01
4.400765609741210938e+01
2.616508789062500000e+02
1.724632263183593750e+02
1.255133533477783203e+01
4.791825103759765625e+01
0.000000000000000000e+00
0.000000000000000000e+00
0.000000000000000000e+00
0.000000000000000000e+00
