2.918808898925781250e+02
1.618965148925781250e+02
3.949029541015625000e+01
1.406175537109375000e+02
1.237864608764648438e+02
1.731479949951171875e+02
2.561814498901367188e+01
9.451163482666015625e+01
1.579435424804687500e+02
1.769673309326171875e+02
9.628447532653808594e+00
4.304454421997070312e+01
3.215869750976562500e+02
1.649919281005859375e+02
3.271984100341796875e+01
1.296603698730468750e+02
9.369029235839843750e+01
1.738845977783203125e+02
2.728150177001953125e+01
1.045013732910156250e+02
1.577761535644531250e+02
1.808089294433593750e+02
8.764907836914062500e+00
4.246595764160156250e+01
9.276412963867187500e+01
1.788665161132812500e+02
2.702413749694824219e+01
8.091885375976562500e+01
1.238823394775390625e+02
1.797597351074218750e+02
2.402014541625976562e+01
9.226333618164062500e+01
3.130592041015625000e+02
1.641191864013671875e+02
3.756305694580078125e+01
1.319626770019531250e+02
8.937609863281250000e+01
1.697558441162109375e+02
3.589508056640625000e+01
1.121329879760742188e+02
3.207615966796875000e+02
1.779477996826171875e+02
2.550700378417968750e+01
1.015454635620117188e+02
2.721421813964843750e+02
1.699955291748046875e+02
8.182579994201660156e+00
3.845760345458984375e+01
2.918591003417968750e+02
1.553239135742187500e+02
3.668315124511718750e+01
1.333355560302734375e+02
3.237069396972656250e+02
1.705830688476562500e+02
2.788395881652832031e+01
1.204536056518554688e+02
3.212820739746093750e+02
1.715504302978515625e+02
2.335326385498046875e+01
9.798691558837890625e+01
8.759596252441406250e+01
1.678598022460937500e+02
3.767234420776367188e+01
1.083711776733398438e+02
0.000000000000000000e+00
0.000000000000000000e+00
0.000000000000000000e+00
0.000000000000000000e+00
