1.242903442382812500e+02
1.706140441894531250e+02
2.627618980407714844e+01
1.010200119018554688e+02
3.172961730957031250e+02
1.557913208007812500e+02
5.646910858154296875e+01
1.555086822509765625e+02
3.361133728027343750e+02
1.633361358642578125e+02
4.249843978881835938e+01
1.426653747558593750e+02
9.218960571289062500e+01
1.708034973144531250e+02
3.540455245971679688e+01
1.131099395751953125e+02
1.247838287353515625e+02
1.789967651367187500e+02
2.571826553344726562e+01
9.430034637451171875e+01
1.015003204345703125e+02
1.727127380371093750e+02
2.508587455749511719e+01
1.099739761352539062e+02
3.154898376464843750e+02
1.570458374023437500e+02
3.777196121215820312e+01
1.523816070556640625e+02
1.569223022460937500e+02
1.796463165283203125e+02
8.662114143371582031e+00
4.384674835205078125e+01
1.570704193115234375e+02
1.769972534179687500e+02
9.684445381164550781e+00
4.346498489379882812e+01
3.016466369628906250e+02
1.629358520507812500e+02
1.138438510894775391e+01
5.286904144287109375e+01
2.718080139160156250e+02
1.699321441650390625e+02
7.726034641265869141e+00
3.858109283447265625e+01
9.577761840820312500e+01
1.800046386718750000e+02
2.873038864135742188e+01
9.667967224121093750e+01
9.658403015136718750e+01
1.702919616699218750e+02
3.538635253906250000e+01
1.129369812011718750e+02
2.359204406738281250e+02
1.710057983398437500e+02
1.127766704559326172e+01
4.606999969482421875e+01
3.378745117187500000e+02
1.739841003417968750e+02
4.071298217773437500e+01
1.359213714599609375e+02
3.167580261230468750e+02
1.714508056640625000e+02
5.761515808105468750e+01
1.413065032958984375e+02
2.365041046142578125e+02
1.682402801513671875e+02
1.101257228851318359e+01
4.459071731567382812e+01
3.033123168945312500e+02
1.698816986083984375e+02
1.114684867858886719e+01
4.742449569702148438e+01
0.000000000000000000e+00
0.000000000000000000e+00
0.000000000000000000e+00
0.000000000000000000e+00
