1.570662536621093750e+02
1.634530639648437500e+02
2.882806777954101562e+01
1.113027725219726562e+02
1.540357208251953125e+02
1.604525146484375000e+02
3.553316497802734375e+01
1.164377670288085938e+02
9.336259460449218750e+01
1.728309173583984375e+02
2.784591293334960938e+01
1.139166336059570312e+02
1.185461120605468750e+02
1.672602386474609375e+02
3.459389877319335938e+01
1.212930068969726562e+02
1.235205535888671875e+02
1.687613067626953125e+02
2.721773910522460938e+01
1.188092651367187500e+02
2.165031433105468750e+02
1.429707946777343750e+02
8.757038116455078125e+01
2.495662231445312500e+02
2.801854553222656250e+02
1.657124023437500000e+02
3.490885162353515625e+01
1.262304687500000000e+02
9.031320190429687500e+01
1.727100067138671875e+02
3.424171447753906250e+01
1.106690597534179688e+02
3.632038574218750000e+02
1.685299377441406250e+02
2.270617675781250000e+01
6.358011627197265625e+01
2.045356903076171875e+02
1.469308624267578125e+02
9.292140960693359375e+01
2.438244323730468750e+02
7.158787536621093750e+01
1.917277984619140625e+02
2.395463180541992188e+01
5.463565444946289062e+01
2.824982299804687500e+02
1.732758178710937500e+02
2.806241989135742188e+01
1.116864776611328125e+02
1.252501449584960938e+02
1.776439361572265625e+02
2.436519241333007812e+01
8.160553741455078125e+01
2.184145050048828125e+02
1.915718536376953125e+02
2.312961196899414062e+01
8.180748748779296875e+01
1.182897872924804688e+02
1.624286193847656250e+02
3.636118698120117188e+01
1.192564239501953125e+02
1.667055053710937500e+02
1.604705200195312500e+02
2.167066383361816406e+01
1.116773223876953125e+02
2.783412475585937500e+02
1.575427551269531250e+02
3.718133163452148438e+01
1.284638214111328125e+02
1.179083023071289062e+02
1.803543853759765625e+02
1.086095142364501953e+01
4.781811904907226562e+01
0.000000000000000000e+00
0.000000000000000000e+00
0.000000000000000000e+00
0.000000000000000000e+00
