1.518809814453125000e+02
1.657507629394531250e+02
2.251274490356445312e+01
1.304823303222656250e+02
1.178966369628906250e+02
1.640263061523437500e+02
4.119945907592773438e+01
1.638581848144531250e+02
1.742107543945312500e+02
1.688933715820312500e+02
2.404164123535156250e+01
1.048110504150390625e+02
1.727535095214843750e+02
1.751207885742187500e+02
2.301731872558593750e+01
1.009355773925781250e+02
2.634346923828125000e+02
1.711548614501953125e+02
8.153978347778320312e+00
3.905166244506835938e+01
2.634549560546875000e+02
1.757622680664062500e+02
8.132102966308593750e+00
3.543635559082031250e+01
2.078684692382812500e+02
1.678287048339843750e+02
8.281447410583496094e+00
3.751669311523437500e+01
1.199508972167968750e+02
1.653827209472656250e+02
3.732165527343750000e+01
1.419357757568359375e+02
1.532602996826171875e+02
1.742733459472656250e+02
1.962721061706542969e+01
9.032329559326171875e+01
1.040826797485351562e+02
1.760599060058593750e+02
1.059100151062011719e+01
4.155010604858398438e+01
3.637138061523437500e+02
1.684330444335937500e+02
2.363501167297363281e+01
6.552182006835937500e+01
1.492611389160156250e+02
1.664723205566406250e+02
2.985899353027343750e+01
1.315254821777343750e+02
3.992427062988281250e+02
1.483923950195312500e+02
1.525031089782714844e+01
1.028914871215820312e+02
1.185227813720703125e+02
1.724308471679687500e+02
1.028597927093505859e+01
3.084055328369140625e+01
1.280704803466796875e+02
1.660377044677734375e+02
1.050639820098876953e+01
2.935552978515625000e+01
0.000000000000000000e+00
0.000000000000000000e+00
0.000000000000000000e+00
0.000000000000000000e+00
