1.512422027587890625e+02
1.631529235839843750e+02
1.950339126586914062e+01
1.071221084594726562e+02
1.907112426757812500e+02
1.706902465820312500e+02
2.330378150939941406e+01
1.097844696044921875e+02
1.487068939208984375e+02
1.673848266601562500e+02
2.194497680664062500e+01
9.745002746582031250e+01
1.923312988281250000e+02
1.615906219482421875e+02
2.113937568664550781e+01
1.211945419311523438e+02
3.835246276855468750e+01
1.915035705566406250e+02
2.769802474975585938e+01
8.493648529052734375e+01
3.675444030761718750e+02
1.589432678222656250e+02
4.550113677978515625e+01
2.036858520507812500e+02
3.698564147949218750e+02
1.579799346923828125e+02
4.172545242309570312e+01
1.882541503906250000e+02
2.785939941406250000e+02
1.638027801513671875e+02
4.283373641967773438e+01
2.243045959472656250e+02
3.116706542968750000e+02
1.563346405029296875e+02
3.053879356384277344e+01
2.175221252441406250e+02
2.796300964355468750e+02
1.559641876220703125e+02
4.062483596801757812e+01
2.247607727050781250e+02
3.128087768554687500e+02
1.555383911132812500e+02
2.796770858764648438e+01
1.885530090332031250e+02
3.332392272949218750e+02
1.612541198730468750e+02
4.748406982421875000e+01
2.090882110595703125e+02
2.169253997802734375e+02
1.712106628417968750e+02
1.825260162353515625e+01
9.308734130859375000e+01
1.204687957763671875e+02
1.753630218505859375e+02
7.668483734130859375e+00
2.988810157775878906e+01
3.328211364746093750e+02
1.757072601318359375e+02
5.014709854125976562e+01
2.015146179199218750e+02
1.836435546875000000e+02
1.618327178955078125e+02
3.499406433105468750e+01
1.189497680664062500e+02
2.534304656982421875e+02
1.706162414550781250e+02
9.072425842285156250e+00
3.432822036743164062e+01
7.960891723632812500e+01
1.843280944824218750e+02
1.180097007751464844e+01
3.774570083618164062e+01
3.249272460937500000e+02
1.534993286132812500e+02
4.246825408935546875e+01
2.264077911376953125e+02
3.205662536621093750e+02
1.588981018066406250e+02
5.089385223388671875e+01
2.355923461914062500e+02
1.529597015380859375e+02
1.769853973388671875e+02
1.710195350646972656e+01
9.797964477539062500e+01
3.099031982421875000e+02
1.654737854003906250e+02
3.403807830810546875e+01
2.214946746826171875e+02
0.000000000000000000e+00
0.000000000000000000e+00
0.000000000000000000e+00
0.000000000000000000e+00
