1.843322296142578125e+02
1.723640136718750000e+02
2.056970787048339844e+01
1.105954589843750000e+02
1.458931579589843750e+02
1.669044494628906250e+02
2.018730545043945312e+01
1.034555206298828125e+02
2.069596557617187500e+02
1.734035949707031250e+02
2.900308227539062500e+01
9.006852722167968750e+01
2.690326843261718750e+02
1.609994659423828125e+02
4.489311218261718750e+01
2.326898498535156250e+02
5.186529922485351562e+01
1.849276428222656250e+02
2.730289268493652344e+01
8.516119384765625000e+01
3.589384155273437500e+02
1.594391632080078125e+02
3.730651855468750000e+01
1.773728027343750000e+02
2.715215148925781250e+02
1.551009826660156250e+02
4.150940322875976562e+01
2.281060333251953125e+02
3.594800720214843750e+02
1.556016998291015625e+02
3.610097122192382812e+01
1.597810974121093750e+02
4.859762191772460938e+01
1.915038909912109375e+02
2.808177757263183594e+01
7.509051513671875000e+01
3.172885437011718750e+02
1.444082031250000000e+02
5.178548431396484375e+01
2.700040283203125000e+02
2.627012023925781250e+02
1.584102630615234375e+02
4.706742858886718750e+01
2.364706726074218750e+02
1.460402679443359375e+02
1.774434509277343750e+02
1.905232620239257812e+01
9.653413391113281250e+01
1.852357330322265625e+02
1.722041931152343750e+02
2.085348510742187500e+01
9.863285064697265625e+01
3.000093994140625000e+02
1.565791625976562500e+02
7.871974945068359375e+01
2.461558990478515625e+02
2.527064208984375000e+02
1.709727783203125000e+02
1.012261390686035156e+01
3.391299819946289062e+01
3.048259277343750000e+02
1.595084991455078125e+02
4.162578201293945312e+01
2.411162414550781250e+02
1.199506225585937500e+02
1.755098266601562500e+02
8.112236022949218750e+00
2.902358627319335938e+01
2.358244171142578125e+02
1.652363891601562500e+02
1.283014774322509766e+01
6.541036987304687500e+01
2.080613555908203125e+02
1.909884948730468750e+02
2.608215713500976562e+01
7.076621246337890625e+01
7.991278076171875000e+01
1.846995544433593750e+02
1.174945449829101562e+01
3.691102981567382812e+01
5.449260711669921875e+01
1.869564208984375000e+02
2.302607917785644531e+01
7.049271392822265625e+01
3.000242919921875000e+02
1.637335510253906250e+02
3.284089279174804688e+01
2.046024322509765625e+02
2.320461883544921875e+02
1.694652099609375000e+02
1.981117057800292969e+01
5.714041900634765625e+01
1.372092437744140625e+02
1.775115509033203125e+02
5.542330265045166016e+00
2.013660240173339844e+01
2.364864807128906250e+02
1.744364318847656250e+02
1.332121276855468750e+01
5.580712127685546875e+01
1.148865509033203125e+02
1.782150878906250000e+02
5.343271255493164062e+00
2.286337661743164062e+01
8.095329284667968750e+01
1.779424438476562500e+02
1.031712436676025391e+01
4.124804687500000000e+01
0.000000000000000000e+00
0.000000000000000000e+00
0.000000000000000000e+00
0.000000000000000000e+00
