1.261473541259765625e+02
1.687307434082031250e+02
2.733560180664062500e+01
1.052073287963867188e+02
3.290633544921875000e+02
1.576146545410156250e+02
4.115438842773437500e+01
1.534273529052734375e+02
1.019630584716796875e+02
1.686318206787109375e+02
2.522684288024902344e+01
1.183286972045898438e+02
3.329078979492187500e+02
1.560753479003906250e+02
4.543488693237304688e+01
1.583937377929687500e+02
3.595523681640625000e+02
1.623932189941406250e+02
3.643869018554687500e+01
1.435349426269531250e+02
1.252877883911132812e+02
1.751005554199218750e+02
2.753374290466308594e+01
1.007203216552734375e+02
9.807860565185546875e+01
1.686818389892578125e+02
3.220600509643554688e+01
1.171855239868164062e+02
9.404391479492187500e+01
1.708655853271484375e+02
3.385628890991210938e+01
1.160266723632812500e+02
2.702814331054687500e+02
1.692259216308593750e+02
9.294830322265625000e+00
3.927964782714843750e+01
1.565340423583984375e+02
1.756483917236328125e+02
1.090666389465332031e+01
4.434948730468750000e+01
3.995295715332031250e+02
1.474024963378906250e+02
1.525832557678222656e+01
1.074826507568359375e+02
1.215480575561523438e+02
1.687342529296875000e+02
3.601026916503906250e+01
1.057234878540039062e+02
3.630751342773437500e+02
1.765711364746093750e+02
2.820676612854003906e+01
1.116124954223632812e+02
3.251133117675781250e+02
1.709392700195312500e+02
4.812639999389648438e+01
1.422785491943359375e+02
1.025034332275390625e+02
1.775167694091796875e+02
2.414664840698242188e+01
8.615937042236328125e+01
3.300882568359375000e+02
1.701380157470703125e+02
5.216492080688476562e+01
1.431174011230468750e+02
3.124519958496093750e+02
1.752346954345703125e+02
9.941055297851562500e+00
4.000461959838867188e+01
2.360045623779296875e+02
1.721056823730468750e+02
1.089824485778808594e+01
4.572712707519531250e+01
3.988848571777343750e+02
1.741930084228515625e+02
1.631571769714355469e+01
7.906621551513671875e+01
0.000000000000000000e+00
0.000000000000000000e+00
0.000000000000000000e+00
0.000000000000000000e+00
