1.282635040283203125e+02
1.653192291259765625e+02
2.700854492187500000e+01
1.120146789550781250e+02
3.509937744140625000e+02
1.598273010253906250e+02
4.990525436401367188e+01
1.662691040039062500e+02
3.503561401367187500e+02
1.580406188964843750e+02
4.696739578247070312e+01
1.592405853271484375e+02
1.031350326538085938e+02
1.673223266601562500e+02
2.558782768249511719e+01
1.231051483154296875e+02
9.882614135742187500e+01
1.674010925292968750e+02
3.202302551269531250e+01
1.226774139404296875e+02
1.274816284179687500e+02
1.741720275878906250e+02
2.670777130126953125e+01
1.031996154785156250e+02
9.373551940917968750e+01
1.691214294433593750e+02
3.453652572631835938e+01
1.230772857666015625e+02
2.711001586914062500e+02
1.689802551269531250e+02
8.053392410278320312e+00
4.072312164306640625e+01
1.229635009765625000e+02
1.673190460205078125e+02
3.545401000976562500e+01
1.084916687011718750e+02
3.180833129882812500e+02
1.666898803710937500e+02
9.135455131530761719e+00
4.691334915161132812e+01
3.149657287597656250e+02
1.644693756103515625e+02
8.209233283996582031e+00
4.822854232788085938e+01
1.571096038818359375e+02
1.760000305175781250e+02
8.803569793701171875e+00
4.465607452392578125e+01
1.519742431640625000e+02
1.813484497070312500e+02
1.037606906890869141e+01
4.389259338378906250e+01
1.064682083129882812e+02
1.739889373779296875e+02
2.210483741760253906e+01
9.306972503662109375e+01
1.519525299072265625e+02
1.763386688232421875e+02
1.054388141632080078e+01
4.197021102905273438e+01
0.000000000000000000e+00
0.000000000000000000e+00
0.000000000000000000e+00
0.000000000000000000e+00
