5.630051422119140625e+01
1.644049377441406250e+02
2.946236038208007812e+01
1.340637969970703125e+02
8.935700988769531250e+01
1.653764343261718750e+02
3.517578125000000000e+01
1.342468109130859375e+02
5.836026000976562500e+01
1.658902587890625000e+02
2.602198791503906250e+01
1.310097198486328125e+02
1.403121643066406250e+02
1.528658447265625000e+02
3.229587173461914062e+01
1.366131591796875000e+02
2.279718475341796875e+02
1.620829467773437500e+02
4.788646697998046875e+01
2.276278839111328125e+02
1.433459930419921875e+02
1.675240020751953125e+02
2.571102142333984375e+01
1.180605697631835938e+02
2.119174194335937500e+02
1.663548126220703125e+02
2.735399818420410156e+01
1.940051574707031250e+02
1.432785186767578125e+02
1.655976257324218750e+02
2.549387741088867188e+01
1.081054840087890625e+02
1.395583038330078125e+02
1.630385131835937500e+02
3.322523880004882812e+01
1.246127395629882812e+02
2.264141235351562500e+02
1.530351867675781250e+02
4.934175109863281250e+01
2.290433197021484375e+02
9.398886871337890625e+01
1.713455200195312500e+02
2.539462852478027344e+01
1.232492752075195312e+02
3.638074645996093750e+02
1.671990356445312500e+02
2.193300247192382812e+01
6.309633255004882812e+01
2.115043792724609375e+02
1.547426605224609375e+02
2.862388229370117188e+01
1.933598937988281250e+02
2.080553588867187500e+02
1.652217102050781250e+02
2.908032417297363281e+01
1.947407684326171875e+02
1.437110900878906250e+02
1.538556213378906250e+02
3.622581863403320312e+01
1.307738647460937500e+02
2.376639556884765625e+02
1.602562408447265625e+02
4.529373168945312500e+01
2.318179626464843750e+02
1.229071426391601562e+02
1.683065185546875000e+02
1.907728767395019531e+01
1.006934356689453125e+02
2.066431732177734375e+02
1.599405517578125000e+02
3.102321243286132812e+01
1.826327056884765625e+02
3.982163391113281250e+02
1.798051910400390625e+02
1.658994674682617188e+01
7.251962280273437500e+01
3.987899169921875000e+02
1.485871887207031250e+02
1.597348785400390625e+01
1.038440856933593750e+02
0.000000000000000000e+00
0.000000000000000000e+00
0.000000000000000000e+00
0.000000000000000000e+00
