1.678267669677734375e+02
1.676072692871093750e+02
3.069554519653320312e+01
1.358856964111328125e+02
1.227515716552734375e+02
1.637534790039062500e+02
4.996556854248046875e+01
1.942047119140625000e+02
2.498487396240234375e+02
1.750016784667968750e+02
1.016507053375244141e+01
3.801238250732421875e+01
1.698271942138671875e+02
1.700506744384765625e+02
2.441542816162109375e+01
1.286235046386718750e+02
2.006213073730468750e+02
1.696102600097656250e+02
2.260205268859863281e+01
1.136808624267578125e+02
2.085733489990234375e+02
1.651855773925781250e+02
2.001452827453613281e+01
1.126086578369140625e+02
1.244839096069335938e+02
1.638937377929687500e+02
4.687941360473632812e+01
1.749288177490234375e+02
1.096039428710937500e+02
1.746046295166015625e+02
1.001746177673339844e+01
4.232425308227539062e+01
2.159377593994140625e+02
1.662827911376953125e+02
1.928249359130859375e+01
1.052289962768554688e+02
1.238880996704101562e+02
1.755697631835937500e+02
1.160651779174804688e+01
5.317903518676757812e+01
1.967075958251953125e+02
1.780469665527343750e+02
2.097420120239257812e+01
1.026123046875000000e+02
1.248488159179687500e+02
1.754991455078125000e+02
1.120360851287841797e+01
4.368409729003906250e+01
1.025918502807617188e+02
1.757816619873046875e+02
9.274028778076171875e+00
4.154705429077148438e+01
2.497162933349609375e+02
1.703557281494140625e+02
9.589060783386230469e+00
4.150030136108398438e+01
1.662506256103515625e+02
1.678194580078125000e+02
3.148613929748535156e+01
1.468385772705078125e+02
0.000000000000000000e+00
0.000000000000000000e+00
0.000000000000000000e+00
0.000000000000000000e+00
