1.048260650634765625e+02
1.668560180664062500e+02
2.387966537475585938e+01
1.299715881347656250e+02
9.964655303955078125e+01
1.672091979980468750e+02
3.174154472351074219e+01
1.282623443603515625e+02
1.391638336181640625e+02
1.729146118164062500e+02
2.116374588012695312e+01
9.072752380371093750e+01
3.925956420898437500e+02
1.556626739501953125e+02
2.369826126098632812e+01
1.767669372558593750e+02
3.938005981445312500e+02
1.418188781738281250e+02
2.188694953918457031e+01
1.890056915283203125e+02
1.327760467529296875e+02
1.699961853027343750e+02
1.978617668151855469e+01
9.975672912597656250e+01
1.349513397216796875e+02
1.766099243164062500e+02
2.175647354125976562e+01
1.011688385009765625e+02
3.643034057617187500e+02
1.673633575439453125e+02
2.123326683044433594e+01
6.945782470703125000e+01
1.320427093505859375e+02
1.782483520507812500e+02
2.150929069519042969e+01
9.661112976074218750e+01
3.276553344726562500e+02
1.667556762695312500e+02
9.930690765380859375e+00
4.669261550903320312e+01
9.410982513427734375e+01
1.715204467773437500e+02
3.358655929565429688e+01
1.235439453125000000e+02
2.735337829589843750e+02
1.691207885742187500e+02
7.965857028961181641e+00
3.925497436523437500e+01
3.265808105468750000e+02
1.723322601318359375e+02
1.168406963348388672e+01
4.255436325073242188e+01
3.990829772949218750e+02
1.471571044921875000e+02
1.611332702636718750e+01
1.974972229003906250e+02
1.757828063964843750e+02
1.790278625488281250e+02
8.299942016601562500e+00
3.319144439697265625e+01
1.539813995361328125e+02
1.768512115478515625e+02
1.506604671478271484e+01
7.473626708984375000e+01
0.000000000000000000e+00
0.000000000000000000e+00
0.000000000000000000e+00
0.000000000000000000e+00
