1.849323120117187500e+02
1.722673645019531250e+02
2.774357604980468750e+01
1.129079132080078125e+02
1.137907714843750000e+02
1.629423522949218750e+02
4.971326065063476562e+01
1.772870025634765625e+02
1.109553375244140625e+02
1.594312438964843750e+02
5.375600433349609375e+01
1.970235443115234375e+02
2.033800201416015625e+02
1.671569824218750000e+02
1.943579101562500000e+01
1.027285995483398438e+02
1.821140899658203125e+02
1.700993957519531250e+02
3.465771484375000000e+01
1.175130386352539062e+02
2.486760711669921875e+02
1.697076110839843750e+02
9.812280654907226562e+00
4.151139831542968750e+01
1.590952606201171875e+02
1.615264892578125000e+02
2.925482368469238281e+01
1.459141235351562500e+02
1.638072509765625000e+02
1.661893463134765625e+02
2.863062286376953125e+01
1.340988159179687500e+02
1.628081970214843750e+02
1.648908996582031250e+02
2.328832626342773438e+01
1.373351440429687500e+02
1.647295074462890625e+02
1.660135650634765625e+02
2.417101860046386719e+01
1.307301025390625000e+02
2.487506713867187500e+02
1.732535552978515625e+02
1.100962924957275391e+01
3.910514450073242188e+01
1.033430023193359375e+02
1.752786407470703125e+02
8.792078971862792969e+00
4.327498626708984375e+01
3.625759277343750000e+02
1.678947296142578125e+02
2.374135398864746094e+01
6.420380401611328125e+01
1.871099243164062500e+02
1.789184265136718750e+02
2.403384208679199219e+01
8.336507415771484375e+01
1.093671417236328125e+02
1.735423431396484375e+02
9.497779846191406250e+00
4.337759399414062500e+01
0.000000000000000000e+00
0.000000000000000000e+00
0.000000000000000000e+00
0.000000000000000000e+00
