1.412951660156250000e+02
1.682981109619140625e+02
2.448509216308593750e+01
1.160385665893554688e+02
1.657571411132812500e+02
1.757686157226562500e+02
1.803790473937988281e+01
8.882465362548828125e+01
2.163830871582031250e+02
1.724077148437500000e+02
9.099750518798828125e+00
3.092726135253906250e+01
1.429926300048828125e+02
1.718989410400390625e+02
2.238176727294921875e+01
9.980583953857421875e+01
1.162656021118164062e+02
1.683195953369140625e+02
3.132085227966308594e+01
1.490819091796875000e+02
1.146756896972656250e+02
1.668643188476562500e+02
3.405252075195312500e+01
1.387632293701171875e+02
1.098185043334960938e+02
1.681895141601562500e+02
3.159626770019531250e+01
1.341947937011718750e+02
3.635481872558593750e+02
1.673628082275390625e+02
2.265300178527832031e+01
6.179457855224609375e+01
2.723432922363281250e+02
1.700705871582031250e+02
7.801970481872558594e+00
4.010290908813476562e+01
1.660797576904296875e+02
1.766820068359375000e+02
2.147513389587402344e+01
8.543228912353515625e+01
1.636607818603515625e+02
1.820558624267578125e+02
1.823702049255371094e+01
8.891351318359375000e+01
2.714651184082031250e+02
1.753849945068359375e+02
8.520676612854003906e+00
3.555720138549804688e+01
3.986558837890625000e+02
1.475336914062500000e+02
1.587316131591796875e+01
1.053497543334960938e+02
1.608997955322265625e+02
1.766832427978515625e+02
6.558724403381347656e+00
1.941994094848632812e+01
0.000000000000000000e+00
0.000000000000000000e+00
0.000000000000000000e+00
0.000000000000000000e+00
