2.971861267089843750e+02
1.692895507812500000e+02
3.907903671264648438e+01
1.540589752197265625e+02
3.528054809570312500e+02
1.636018829345703125e+02
2.366157150268554688e+01
1.282526855468750000e+02
2.087941589355468750e+02
1.621451873779296875e+02
4.411165237426757812e+01
2.326185607910156250e+02
2.984196166992187500e+02
1.605889587402343750e+02
3.509931182861328125e+01
1.531134490966796875e+02
1.464296875000000000e+02
1.730505065917968750e+02
1.945557403564453125e+01
6.482151794433593750e+01
2.968655700683593750e+02
1.649448852539062500e+02
4.855043411254882812e+01
1.634936065673828125e+02
1.092675476074218750e+02
1.748830566406250000e+02
1.090347003936767578e+01
4.183023452758789062e+01
1.464517669677734375e+02
1.809023284912109375e+02
1.970352935791015625e+01
5.929998016357421875e+01
1.696452941894531250e+02
1.687579040527343750e+02
3.945394897460937500e+01
1.866194610595703125e+02
2.103815612792968750e+02
1.684321289062500000e+02
4.166014099121093750e+01
1.960687255859375000e+02
1.751885986328125000e+02
1.662175903320312500e+02
3.937092971801757812e+01
1.918903961181640625e+02
3.497564086914062500e+02
1.605943298339843750e+02
3.038875579833984375e+01
1.314969482421875000e+02
8.578182983398437500e+01
1.775148468017578125e+02
1.043149757385253906e+01
4.105855941772460938e+01
1.215264739990234375e+02
1.769156036376953125e+02
5.576617717742919922e+00
2.243872261047363281e+01
2.081989288330078125e+02
1.673322906494140625e+02
4.421323013305664062e+01
2.481385192871093750e+02
1.369329833984375000e+02
1.770744628906250000e+02
4.716676235198974609e+00
2.065437698364257812e+01
3.969895935058593750e+02
1.784703979492187500e+02
1.759518051147460938e+01
7.331854248046875000e+01
1.294536285400390625e+02
1.783844451904296875e+02
4.754802703857421875e+00
1.958217430114746094e+01
1.690182342529296875e+02
1.609917907714843750e+02
3.987152862548828125e+01
1.826317749023437500e+02
2.959450988769531250e+02
1.928154144287109375e+02
4.156850433349609375e+01
1.304214782714843750e+02
2.807543640136718750e+02
1.643186492919921875e+02
1.169158744812011719e+01
4.951180648803710938e+01
2.344047698974609375e+02
1.661934356689453125e+02
1.677416229248046875e+01
7.003101348876953125e+01
2.478385925292968750e+02
1.669652099609375000e+02
7.783501148223876953e+00
4.293959045410156250e+01
1.752411041259765625e+02
1.596380004882812500e+02
4.041466140747070312e+01
1.850525054931640625e+02
3.528686523437500000e+02
1.650655975341796875e+02
2.239583778381347656e+01
1.104334945678710938e+02
3.967756042480468750e+02
1.518263702392578125e+02
1.728862571716308594e+01
9.954190826416015625e+01
0.000000000000000000e+00
0.000000000000000000e+00
0.000000000000000000e+00
0.000000000000000000e+00
