1.551245117187500000e+02
1.576473846435546875e+02
2.658677864074707031e+01
1.236349716186523438e+02
3.266774291992187500e+02
1.275326995849609375e+02
9.002488708496093750e+01
2.851528015136718750e+02
1.509734344482421875e+02
1.561488494873046875e+02
3.325658035278320312e+01
1.249162063598632812e+02
1.090456695556640625e+02
1.663953247070312500e+02
3.297028350830078125e+01
1.256347045898437500e+02
1.141976165771484375e+02
1.685474395751953125e+02
3.194417572021484375e+01
1.211488113403320312e+02
1.404911193847656250e+02
1.726189117431640625e+02
1.820437431335449219e+01
8.250493621826171875e+01
8.170318603515625000e+01
1.755593872070312500e+02
2.486953735351562500e+01
8.110867309570312500e+01
1.126984176635742188e+02
1.739514160156250000e+02
2.671433067321777344e+01
1.125455169677734375e+02
2.256301422119140625e+02
1.594758911132812500e+02
4.872555923461914062e+01
2.332200317382812500e+02
1.564643402099609375e+02
1.732873382568359375e+02
2.549820518493652344e+01
1.067818222045898438e+02
1.175566101074218750e+02
1.682403259277343750e+02
2.498198890686035156e+01
1.210468444824218750e+02
2.258866729736328125e+02
1.447517547607421875e+02
4.682788085937500000e+01
2.459538879394531250e+02
8.152155303955078125e+01
1.868770751953125000e+02
2.540174865722656250e+01
8.579843139648437500e+01
1.816110687255859375e+02
1.682522735595703125e+02
1.106476497650146484e+01
5.768740463256835938e+01
2.710473632812500000e+02
1.689582977294921875e+02
2.206286621093750000e+01
9.761269378662109375e+01
2.126091156005859375e+02
1.645717773437500000e+02
2.896846580505371094e+01
2.007644653320312500e+02
2.599218750000000000e+02
1.221558532714843750e+02
1.533021697998046875e+02
3.022310791015625000e+02
8.737707519531250000e+01
1.717374572753906250e+02
2.147233581542968750e+01
8.461782073974609375e+01
3.265011596679687500e+02
1.091412353515625000e+02
9.009006500244140625e+01
2.725455017089843750e+02
1.411492004394531250e+02
1.724907226562500000e+02
1.772359466552734375e+01
6.690592956542968750e+01
2.116006927490234375e+02
1.514110412597656250e+02
3.140035438537597656e+01
1.991436767578125000e+02
2.594593811035156250e+02
1.625894622802734375e+02
3.337113571166992188e+01
1.378300170898437500e+02
2.744704284667968750e+02
1.640569305419921875e+02
1.726966857910156250e+01
6.959668731689453125e+01
1.802322692871093750e+02
1.717781524658203125e+02
1.197406196594238281e+01
5.950904464721679688e+01
0.000000000000000000e+00
0.000000000000000000e+00
0.000000000000000000e+00
0.000000000000000000e+00
