3.665698242187500000e+02
1.589695129394531250e+02
4.760324859619140625e+01
1.377302093505859375e+02
1.435967102050781250e+02
1.732195281982421875e+02
1.753266906738281250e+01
7.408850097656250000e+01
2.824231567382812500e+02
1.749318389892578125e+02
3.406912994384765625e+01
1.388240966796875000e+02
2.831452331542968750e+02
1.582478332519531250e+02
3.283103942871093750e+01
1.548357849121093750e+02
2.790878295898437500e+02
1.637946472167968750e+02
1.036634635925292969e+01
4.885364532470703125e+01
3.674472656250000000e+02
1.561925964355468750e+02
4.569072341918945312e+01
1.301475372314453125e+02
1.686144561767578125e+02
1.704573059082031250e+02
3.670419692993164062e+01
1.813693084716796875e+02
1.092825698852539062e+02
1.747982940673828125e+02
1.051619243621826172e+01
4.250164413452148438e+01
1.425215301513671875e+02
1.714488220214843750e+02
1.838167381286621094e+01
7.064171600341796875e+01
2.392912445068359375e+02
1.677174835205078125e+02
1.016455173492431641e+01
4.503706741333007812e+01
2.388106536865234375e+02
1.698563079833984375e+02
9.917501449584960938e+00
4.773688507080078125e+01
1.967718505859375000e+02
1.661540832519531250e+02
4.529441452026367188e+01
2.233729705810546875e+02
1.677906188964843750e+02
1.643150939941406250e+02
3.791364288330078125e+01
1.774893951416015625e+02
1.214857254028320312e+02
1.768007812500000000e+02
6.539532661437988281e+00
2.365670967102050781e+01
8.650164794921875000e+01
1.779467010498046875e+02
1.040795612335205078e+01
3.971821212768554688e+01
2.844126586914062500e+02
1.898221130371093750e+02
2.743591499328613281e+01
1.112955322265625000e+02
2.489096832275390625e+02
1.669298706054687500e+02
6.874329090118408203e+00
3.985221099853515625e+01
1.290139465332031250e+02
1.784920349121093750e+02
5.883337020874023438e+00
2.059823226928710938e+01
2.077610168457031250e+02
1.812605895996093750e+02
4.453676986694335938e+01
1.925030517578125000e+02
1.368055572509765625e+02
1.770848693847656250e+02
5.311074733734130859e+00
2.065612220764160156e+01
0.000000000000000000e+00
0.000000000000000000e+00
0.000000000000000000e+00
0.000000000000000000e+00
