2.544309692382812500e+02
1.638157196044921875e+02
3.014385795593261719e+01
1.464533081054687500e+02
2.537074432373046875e+02
1.744006042480468750e+02
3.132333183288574219e+01
1.347833709716796875e+02
1.338671569824218750e+02
1.785368499755859375e+02
1.783164596557617188e+01
6.362822723388671875e+01
1.086435699462890625e+02
1.729725494384765625e+02
1.019392204284667969e+01
4.474766159057617188e+01
1.562915039062500000e+02
1.708397369384765625e+02
3.386526870727539062e+01
1.598669738769531250e+02
2.559593505859375000e+02
1.789313354492187500e+02
2.563524055480957031e+01
1.280881805419921875e+02
1.616386871337890625e+02
1.644673767089843750e+02
3.550322723388671875e+01
1.713618011474609375e+02
2.590610351562500000e+02
1.635215759277343750e+02
2.916236495971679688e+01
1.440565643310546875e+02
1.771429443359375000e+02
1.815790252685546875e+02
4.874678802490234375e+01
1.919048156738281250e+02
2.414748840332031250e+02
1.683893890380859375e+02
6.768022060394287109e+00
4.265629959106445312e+01
1.328533325195312500e+02
1.755170440673828125e+02
1.878324890136718750e+01
6.259749984741210938e+01
2.322620086669921875e+02
1.743649597167968750e+02
8.649223327636718750e+00
4.336042785644531250e+01
1.290127563476562500e+02
1.776547698974609375e+02
5.708440780639648438e+00
2.105344390869140625e+01
2.583343200683593750e+02
1.741319732666015625e+02
2.240426826477050781e+01
1.241025161743164062e+02
1.210339813232421875e+02
1.772541961669921875e+02
6.665744304656982422e+00
2.229394912719726562e+01
1.779565124511718750e+02
1.776045227050781250e+02
4.662438964843750000e+01
1.721143646240234375e+02
2.674059753417968750e+02
1.703037719726562500e+02
1.894966125488281250e+01
1.270042877197265625e+02
1.381992340087890625e+02
1.807821044921875000e+02
1.969942474365234375e+01
6.142921447753906250e+01
1.981980285644531250e+02
1.612137451171875000e+02
3.457714080810546875e+01
1.746352996826171875e+02
1.624267425537109375e+02
1.767212524414062500e+02
3.847129440307617188e+01
1.662602081298828125e+02
0.000000000000000000e+00
0.000000000000000000e+00
0.000000000000000000e+00
0.000000000000000000e+00
