2.692413635253906250e+02
1.676452484130859375e+02
2.267565345764160156e+01
9.305603790283203125e+01
1.131285476684570312e+01
1.545881347656250000e+02
4.904686737060546875e+01
1.632144622802734375e+02
1.050055770874023438e+02
1.750675201416015625e+02
1.151575088500976562e+01
4.275212860107421875e+01
1.775437469482421875e+02
1.717930908203125000e+02
1.702879714965820312e+01
8.341172027587890625e+01
8.576089859008789062e+00
1.608437652587890625e+02
5.499856185913085938e+01
1.639527893066406250e+02
2.258556976318359375e+02
1.497091522216796875e+02
4.413639450073242188e+01
2.541432189941406250e+02
3.105301818847656250e+02
1.678681640625000000e+02
1.141730785369873047e+01
4.473171997070312500e+01
1.069986267089843750e+02
1.753699493408203125e+02
1.139362716674804688e+01
4.302664566040039062e+01
2.286362609863281250e+02
1.628540954589843750e+02
4.211695098876953125e+01
2.062324066162109375e+02
3.743938598632812500e+02
1.575160064697265625e+02
2.899418067932128906e+01
1.753780822753906250e+02
3.745499877929687500e+02
1.521268920898437500e+02
2.925150299072265625e+01
1.674933013916015625e+02
3.925131225585937500e+02
1.579906616210937500e+02
2.359281539916992188e+01
1.823149261474609375e+02
1.866960296630859375e+02
1.676321411132812500e+02
3.781519699096679688e+01
1.904873657226562500e+02
1.898613281250000000e+02
1.617058715820312500e+02
4.098776245117187500e+01
2.045853271484375000e+02
7.900158691406250000e+01
1.800204467773437500e+02
1.238718795776367188e+01
4.317589950561523438e+01
7.965451049804687500e+01
1.779356384277343750e+02
1.184459877014160156e+01
4.070843124389648438e+01
3.922941589355468750e+02
1.684151916503906250e+02
2.583633804321289062e+01
1.864590606689453125e+02
7.856134414672851562e+00
1.589055175781250000e+02
4.389782333374023438e+01
1.527325439453125000e+02
3.103661193847656250e+02
1.731000976562500000e+02
1.082135486602783203e+01
4.031953430175781250e+01
3.990509948730468750e+02
1.531568908691406250e+02
1.548447799682617188e+01
1.927757873535156250e+02
3.995743103027343750e+02
1.746520996093750000e+02
1.618831253051757812e+01
1.737691192626953125e+02
1.575923614501953125e+02
1.795330200195312500e+02
1.038157939910888672e+01
4.993374633789062500e+01
2.610620117187500000e+02
1.708622894287109375e+02
8.821403503417968750e+00
3.796836090087890625e+01
1.213736953735351562e+02
1.782179718017578125e+02
4.945724964141845703e+00
2.059603309631347656e+01
1.764592285156250000e+02
1.687975769042968750e+02
1.725721740722656250e+01
7.423307800292968750e+01
0.000000000000000000e+00
0.000000000000000000e+00
0.000000000000000000e+00
0.000000000000000000e+00
