1.801856536865234375e+02
1.653418426513671875e+02
3.522791671752929688e+01
1.448135986328125000e+02
2.161401672363281250e+02
1.720649414062500000e+02
3.358604812622070312e+01
1.246228103637695312e+02
2.181075744628906250e+02
1.740961608886718750e+02
2.701340103149414062e+01
1.227603225708007812e+02
1.233697280883789062e+02
1.690066223144531250e+02
1.791859245300292969e+01
7.140641784667968750e+01
1.792600860595703125e+02
1.642827453613281250e+02
3.622901535034179688e+01
1.554740753173828125e+02
1.436199951171875000e+02
1.669634399414062500e+02
4.098475646972656250e+01
1.978921508789062500e+02
1.244397048950195312e+02
1.780291748046875000e+02
1.931731033325195312e+01
6.263994979858398438e+01
1.091168212890625000e+02
1.756118316650390625e+02
9.905516624450683594e+00
4.191833496093750000e+01
2.577162780761718750e+02
1.739637756347656250e+02
8.675679206848144531e+00
4.058142852783203125e+01
1.421912078857421875e+02
1.837739105224609375e+02
4.551036453247070312e+01
1.826742248535156250e+02
2.336202239990234375e+02
1.700673522949218750e+02
1.903673362731933594e+01
9.654983520507812500e+01
2.324951629638671875e+02
1.693514251708984375e+02
1.977983856201171875e+01
1.161904830932617188e+02
1.260552368164062500e+02
1.797565155029296875e+02
1.459664821624755859e+01
5.915164184570312500e+01
1.259747924804687500e+02
1.772823028564453125e+02
1.340871906280517578e+01
5.667922210693359375e+01
1.051757431030273438e+02
1.770028076171875000e+02
8.112890243530273438e+00
3.897568893432617188e+01
9.468983459472656250e+01
1.835743713378906250e+02
1.134846019744873047e+01
3.894082260131835938e+01
9.630593109130859375e+01
1.775592498779296875e+02
9.770538330078125000e+00
3.960189437866210938e+01
0.000000000000000000e+00
0.000000000000000000e+00
0.000000000000000000e+00
0.000000000000000000e+00
