2.756984558105468750e+02
1.646423797607421875e+02
3.644175338745117188e+01
1.439949340820312500e+02
3.787720336914062500e+02
1.621213684082031250e+02
3.709144210815429688e+01
1.367474822998046875e+02
1.434759368896484375e+02
1.732418212890625000e+02
1.635620880126953125e+01
7.294268798828125000e+01
1.091172866821289062e+02
1.744794769287109375e+02
1.091380882263183594e+01
4.260988616943359375e+01
1.691463165283203125e+02
1.692622985839843750e+02
3.465075302124023438e+01
1.801283721923828125e+02
2.741832275390625000e+02
1.724689941406250000e+02
3.864223098754882812e+01
1.405402679443359375e+02
8.536782836914062500e+01
1.810577392578125000e+02
1.312450218200683594e+01
4.178479385375976562e+01
1.422433471679687500e+02
1.705142822265625000e+02
1.694076156616210938e+01
7.270716094970703125e+01
1.686802673339843750e+02
1.674570465087890625e+02
3.509829711914062500e+01
1.710589599609375000e+02
1.978427734375000000e+02
1.687803039550781250e+02
4.233325576782226562e+01
2.168671112060546875e+02
2.391093139648437500e+02
1.680351257324218750e+02
9.853297233581542969e+00
4.386402893066406250e+01
1.008560028076171875e+02
1.747791595458984375e+02
9.317713737487792969e+00
4.219719696044921875e+01
8.633399963378906250e+01
1.782325134277343750e+02
1.198936653137207031e+01
4.121323394775390625e+01
1.987918701171875000e+02
1.543041839599609375e+02
4.068651962280273438e+01
2.226835021972656250e+02
1.215068969726562500e+02
1.762037811279296875e+02
6.294702529907226562e+00
2.430873680114746094e+01
2.382049560546875000e+02
1.703047180175781250e+02
1.009135055541992188e+01
4.631190872192382812e+01
3.843063659667968750e+02
1.636217346191406250e+02
3.309127426147460938e+01
1.364627685546875000e+02
3.627914428710937500e+02
1.717772521972656250e+02
2.260336303710937500e+01
6.270552062988281250e+01
1.293246917724609375e+02
1.783486938476562500e+02
5.813843727111816406e+00
2.164282035827636719e+01
2.489385070800781250e+02
1.673536987304687500e+02
7.067473888397216797e+00
3.797577667236328125e+01
1.573755493164062500e+02
1.810317230224609375e+02
1.060110950469970703e+01
4.685696411132812500e+01
9.792159271240234375e+01
1.751498565673828125e+02
1.029112720489501953e+01
4.098266601562500000e+01
1.367109527587890625e+02
1.772663269042968750e+02
5.159983158111572266e+00
2.069822311401367188e+01
2.110987854003906250e+02
1.780349121093750000e+02
4.104179382324218750e+01
1.724906158447265625e+02
0.000000000000000000e+00
0.000000000000000000e+00
0.000000000000000000e+00
0.000000000000000000e+00
