1.851586151123046875e+02
1.728754730224609375e+02
2.335543251037597656e+01
1.068969955444335938e+02
1.616339111328125000e+02
1.617749938964843750e+02
2.368490600585937500e+01
1.426413879394531250e+02
1.578655395507812500e+02
1.645874023437500000e+02
3.007669258117675781e+01
1.380025177001953125e+02
1.144992446899414062e+02
1.641940307617187500e+02
4.051926803588867188e+01
1.730075225830078125e+02
1.119726715087890625e+02
1.654061889648437500e+02
4.313088607788085938e+01
1.870255737304687500e+02
1.860193939208984375e+02
1.704966125488281250e+02
2.262881851196289062e+01
1.034671478271484375e+02
1.460715026855468750e+02
1.679053344726562500e+02
1.951846313476562500e+01
1.337010040283203125e+02
2.474652252197265625e+02
1.688058624267578125e+02
8.998492240905761719e+00
4.156816482543945312e+01
3.628376770019531250e+02
1.672138214111328125e+02
2.410337829589843750e+01
6.596537017822265625e+01
2.167437744140625000e+02
1.715851287841796875e+02
7.491003990173339844e+00
3.178115463256835938e+01
1.614400482177734375e+02
1.690639801025390625e+02
3.337911987304687500e+01
1.274090194702148438e+02
1.029935073852539062e+02
1.762705230712890625e+02
9.660049438476562500e+00
4.027386474609375000e+01
0.000000000000000000e+00
0.000000000000000000e+00
0.000000000000000000e+00
0.000000000000000000e+00
