1.633009643554687500e+02
1.743728485107421875e+02
2.007859039306640625e+01
8.998025512695312500e+01
1.398600616455078125e+02
1.681152038574218750e+02
2.444955635070800781e+01
1.174690628051757812e+02
2.165724029541015625e+02
1.728104705810546875e+02
8.676090240478515625e+00
3.118177413940429688e+01
2.733253479003906250e+02
1.687118682861328125e+02
8.060454368591308594e+00
4.061043930053710938e+01
1.418497161865234375e+02
1.741647338867187500e+02
2.210844993591308594e+01
9.470596313476562500e+01
3.637950744628906250e+02
1.674194488525390625e+02
2.289455986022949219e+01
6.126350784301757812e+01
1.083990631103515625e+02
1.683704223632812500e+02
3.301302719116210938e+01
1.326524200439453125e+02
1.324527435302734375e+02
1.683152313232421875e+02
3.762075424194335938e+01
1.175108413696289062e+02
1.154285507202148438e+02
1.690025329589843750e+02
3.548032760620117188e+01
1.319728240966796875e+02
2.358454742431640625e+02
1.721602325439453125e+02
1.109649085998535156e+01
4.550966644287109375e+01
1.609227447509765625e+02
1.829671630859375000e+02
1.967490577697753906e+01
8.608670043945312500e+01
0.000000000000000000e+00
0.000000000000000000e+00
0.000000000000000000e+00
0.000000000000000000e+00
