1.688173828125000000e+02
1.724517364501953125e+02
2.274117469787597656e+01
9.813491821289062500e+01
1.693316192626953125e+02
1.823332977294921875e+02
2.238863372802734375e+01
8.768026733398437500e+01
1.168280258178710938e+02
1.673010559082031250e+02
3.821217346191406250e+01
1.527092590332031250e+02
1.465219268798828125e+02
1.691759185791015625e+02
2.339655876159667969e+01
1.241545410156250000e+02
1.167345733642578125e+02
1.645002899169921875e+02
3.875096893310546875e+01
1.460762939453125000e+02
3.632882690429687500e+02
1.676488647460937500e+02
2.320925521850585938e+01
6.233967208862304688e+01
1.460896759033203125e+02
1.679429473876953125e+02
2.422873497009277344e+01
1.032454452514648438e+02
2.657494201660156250e+02
1.755821075439453125e+02
9.363493919372558594e+00
3.516017913818359375e+01
2.061367340087890625e+02
1.681817016601562500e+02
8.900537490844726562e+00
3.573250579833984375e+01
1.400915222167968750e+02
1.666070709228515625e+02
3.129347991943359375e+01
1.343970336914062500e+02
2.654776916503906250e+02
1.727535400390625000e+02
9.540880203247070312e+00
3.609159851074218750e+01
2.155272521972656250e+02
1.730676727294921875e+02
8.668467521667480469e+00
3.055126953125000000e+01
1.822642517089843750e+02
1.735725097656250000e+02
1.271048641204833984e+01
4.410044860839843750e+01
2.021979064941406250e+02
1.682036132812500000e+02
9.109718322753906250e+00
3.696788024902343750e+01
0.000000000000000000e+00
0.000000000000000000e+00
0.000000000000000000e+00
0.000000000000000000e+00
