1.782438812255859375e+02
1.651750946044921875e+02
3.533684158325195312e+01
1.445255432128906250e+02
1.228982009887695312e+02
1.690861816406250000e+02
1.704118156433105469e+01
7.066227722167968750e+01
2.195165405273437500e+02
1.722144470214843750e+02
2.359971809387207031e+01
1.218872756958007812e+02
1.783359832763671875e+02
1.638941040039062500e+02
3.418268966674804688e+01
1.557105255126953125e+02
1.415973815917968750e+02
1.655669250488281250e+02
4.509302520751953125e+01
2.010145416259765625e+02
1.239019470214843750e+02
1.778850097656250000e+02
1.844101142883300781e+01
6.275530242919921875e+01
2.132014160156250000e+02
1.690350036621093750e+02
3.309745407104492188e+01
1.268099365234375000e+02
1.405372314453125000e+02
1.825789184570312500e+02
4.852012634277343750e+01
1.849882202148437500e+02
1.090847244262695312e+02
1.748329772949218750e+02
9.539674758911132812e+00
4.302922058105468750e+01
1.255451354980468750e+02
1.802350769042968750e+02
1.359200286865234375e+01
5.830891036987304688e+01
1.248652877807617188e+02
1.770534973144531250e+02
1.280766773223876953e+01
5.700997161865234375e+01
2.331366577148437500e+02
1.642796936035156250e+02
1.708812332153320312e+01
1.124652252197265625e+02
1.696654510498046875e+02
1.608737487792968750e+02
4.085497283935546875e+01
1.485521697998046875e+02
1.058560333251953125e+02
1.763735961914062500e+02
8.041915893554687500e+00
3.998285675048828125e+01
2.326987915039062500e+02
1.764774322509765625e+02
1.741277313232421875e+01
1.000295486450195312e+02
2.461286773681640625e+02
1.690810546875000000e+02
8.751566886901855469e+00
4.185538482666015625e+01
0.000000000000000000e+00
0.000000000000000000e+00
0.000000000000000000e+00
0.000000000000000000e+00
