2.532601470947265625e+02
1.715156097412109375e+02
2.653994369506835938e+01
9.832608032226562500e+01
2.066603240966796875e+02
1.729142456054687500e+02
2.693510818481445312e+01
8.418351745605468750e+01
1.374024505615234375e+02
1.772692413330078125e+02
8.438979148864746094e+00
3.701520156860351562e+01
3.682432556152343750e+02
1.359115142822265625e+02
4.619895172119140625e+01
2.942570495605468750e+02
3.424876098632812500e+02
1.468558044433593750e+02
7.546318817138671875e+01
2.701409301757812500e+02
3.657086486816406250e+02
1.501814270019531250e+02
4.931120300292968750e+01
2.841664428710937500e+02
1.559449920654296875e+02
1.737825622558593750e+02
9.748228073120117188e+00
3.926823043823242188e+01
2.536463928222656250e+02
1.751867523193359375e+02
2.640337562561035156e+01
1.005295181274414062e+02
3.455493469238281250e+02
1.656279296875000000e+02
6.902011871337890625e+01
2.515642242431640625e+02
1.269562454223632812e+02
1.748869781494140625e+02
7.688759326934814453e+00
3.134477424621582031e+01
2.473139343261718750e+02
1.672373199462890625e+02
3.763042831420898438e+01
1.069086532592773438e+02
1.181163330078125000e+02
1.734694976806640625e+02
9.874999046325683594e+00
3.300069427490234375e+01
1.537582550048828125e+02
1.764536437988281250e+02
7.747685432434082031e+00
3.528343582153320312e+01
1.182324981689453125e+02
1.784286804199218750e+02
9.415588378906250000e+00
2.957612037658691406e+01
2.377069091796875000e+02
1.682404479980468750e+02
1.153885841369628906e+01
5.366067123413085938e+01
1.272837600708007812e+02
1.779487609863281250e+02
7.380023002624511719e+00
2.989997863769531250e+01
8.710871124267578125e+01
1.759508666992187500e+02
1.224077510833740234e+01
4.441507339477539062e+01
0.000000000000000000e+00
0.000000000000000000e+00
0.000000000000000000e+00
0.000000000000000000e+00
