2.767372741699218750e+02
1.660850677490234375e+02
2.518626976013183594e+01
9.951348876953125000e+01
2.733414001464843750e+02
1.661353607177734375e+02
2.807683181762695312e+01
9.885955047607421875e+01
3.654485778808593750e+02
1.681603698730468750e+02
4.959545135498046875e+01
1.877680816650390625e+02
1.729457702636718750e+02
1.755794677734375000e+02
1.554921245574951172e+01
8.027253723144531250e+01
3.672528381347656250e+02
1.559529113769531250e+02
4.651824569702148438e+01
1.918922882080078125e+02
1.183279991149902344e+00
1.593091430664062500e+02
2.606760978698730469e+01
1.715724639892578125e+02
3.564766235351562500e+02
1.598432464599609375e+02
2.672290992736816406e+01
1.513301086425781250e+02
1.578950653076171875e+02
1.813794250488281250e+02
1.153031253814697266e+01
4.725192642211914062e+01
1.078859024047851562e+02
1.762978820800781250e+02
1.053395175933837891e+01
3.942424011230468750e+01
1.498504638671875000e+00
1.542275543212890625e+02
2.480717849731445312e+01
1.644516906738281250e+02
2.573517456054687500e+02
1.698138885498046875e+02
9.030454635620117188e+00
4.132974243164062500e+01
7.940588378906250000e+01
1.781343231201171875e+02
1.198752498626708984e+01
4.062414932250976562e+01
2.580605468750000000e+02
1.722941589355468750e+02
9.100322723388671875e+00
4.202670669555664062e+01
7.906768798828125000e+01
1.799775238037109375e+02
1.230909538269042969e+01
4.282549667358398438e+01
3.560857238769531250e+02
1.622453460693359375e+02
3.081454277038574219e+01
1.670528869628906250e+02
2.206371917724609375e+02
1.697614746093750000e+02
4.739270401000976562e+01
2.149663238525390625e+02
1.870789337158203125e+02
1.675565948486328125e+02
3.526142501831054688e+01
1.901222839355468750e+02
1.218280487060546875e+02
1.784509124755859375e+02
5.422954559326171875e+00
2.015601158142089844e+01
1.047033538818359375e+02
1.748082885742187500e+02
9.940722465515136719e+00
4.189133834838867188e+01
2.235097045898437500e+02
1.794215240478515625e+02
4.730659103393554688e+01
1.707939147949218750e+02
2.145502624511718750e+02
1.592304382324218750e+02
4.363000106811523438e+01
2.154172821044921875e+02
3.520794067382812500e+02
1.616908111572265625e+02
2.926111602783203125e+01
1.478485717773437500e+02
3.631468505859375000e+02
1.950570068359375000e+02
5.336026000976562500e+01
1.600784301757812500e+02
2.145078277587890625e+02
1.662735290527343750e+02
4.532199096679687500e+01
2.196797027587890625e+02
1.426719360351562500e+02
1.755088500976562500e+02
8.486422538757324219e+00
2.987043952941894531e+01
3.580948791503906250e+02
1.642553405761718750e+02
2.475813293457031250e+01
1.378147277832031250e+02
1.497252197265625000e+02
1.815864257812500000e+02
9.841354370117187500e+00
4.538632583618164062e+01
1.860974121093750000e+02
1.590095825195312500e+02
3.697990036010742188e+01
1.844454193115234375e+02
1.286084594726562500e+02
1.787551727294921875e+02
4.773338317871093750e+00
1.877568244934082031e+01
3.597785644531250000e+02
1.656078186035156250e+02
2.259824943542480469e+01
9.414334869384765625e+01
0.000000000000000000e+00
0.000000000000000000e+00
0.000000000000000000e+00
0.000000000000000000e+00
