1.857212829589843750e+02
1.738434753417968750e+02
2.406809616088867188e+01
1.060474700927734375e+02
1.576790771484375000e+02
1.630673522949218750e+02
3.074215888977050781e+01
1.397048950195312500e+02
1.108265686035156250e+02
1.662334899902343750e+02
4.634453582763671875e+01
1.848544769287109375e+02
1.621224822998046875e+02
1.611688537597656250e+02
2.300111770629882812e+01
1.425319061279296875e+02
1.137884674072265625e+02
1.657341003417968750e+02
4.348862457275390625e+01
1.702188568115234375e+02
1.459642181396484375e+02
1.694461364746093750e+02
2.102604866027832031e+01
1.305525970458984375e+02
1.862134094238281250e+02
1.739338684082031250e+02
2.303497505187988281e+01
9.570023345947265625e+01
1.619412994384765625e+02
1.686542358398437500e+02
3.268876266479492188e+01
1.274188232421875000e+02
2.482991943359375000e+02
1.687828826904296875e+02
8.703484535217285156e+00
4.140390777587890625e+01
3.629567565917968750e+02
1.670000000000000000e+02
2.382021713256835938e+01
6.684687805175781250e+01
1.028432998657226562e+02
1.759443664550781250e+02
9.140465736389160156e+00
4.075868225097656250e+01
2.560868225097656250e+02
1.770947723388671875e+02
8.383111953735351562e+00
3.415396881103515625e+01
3.980078430175781250e+02
1.790932312011718750e+02
1.692250823974609375e+01
7.298493957519531250e+01
3.983845825195312500e+02
1.472670288085937500e+02
1.642261695861816406e+01
1.065401611328125000e+02
0.000000000000000000e+00
0.000000000000000000e+00
0.000000000000000000e+00
0.000000000000000000e+00
