1.365629272460937500e+02
1.550768432617187500e+02
3.328625488281250000e+01
1.321580657958984375e+02
8.736291503906250000e+01
1.663358459472656250e+02
3.245498275756835938e+01
1.338272857666015625e+02
4.826127243041992188e+01
1.659814453125000000e+02
2.876482582092285156e+01
1.323613281250000000e+02
2.286684722900390625e+02
1.621106109619140625e+02
4.821152496337890625e+01
2.292300109863281250e+02
9.165651702880859375e+01
1.745578002929687500e+02
2.442956733703613281e+01
1.176929855346679688e+02
5.112894821166992188e+01
1.630653839111328125e+02
2.856465911865234375e+01
1.385303955078125000e+02
4.940115356445312500e+01
1.669953308105468750e+02
2.628264236450195312e+01
1.301695556640625000e+02
1.366921997070312500e+02
1.654177093505859375e+02
3.345862579345703125e+01
1.195744552612304688e+02
1.403771362304687500e+02
1.666976318359375000e+02
2.733689689636230469e+01
1.182630310058593750e+02
1.407931823730468750e+02
1.619647674560546875e+02
2.548066711425781250e+01
1.149405746459960938e+02
1.109142990112304688e+02
1.748198852539062500e+02
2.586940574645996094e+01
1.044643630981445312e+02
2.104897613525390625e+02
1.671608581542968750e+02
2.971479415893554688e+01
1.912522735595703125e+02
1.115065383911132812e+02
1.707251892089843750e+02
2.401944541931152344e+01
1.003969879150390625e+02
5.362941741943359375e+01
1.590316009521484375e+02
2.266586494445800781e+01
1.460749816894531250e+02
2.318100891113281250e+02
1.590223693847656250e+02
5.318664169311523438e+01
2.368020477294921875e+02
2.260350036621093750e+02
1.532329406738281250e+02
5.108658981323242188e+01
2.292813720703125000e+02
2.690537414550781250e+02
1.716574249267578125e+02
8.101013183593750000e+00
3.636814498901367188e+01
2.101551361083984375e+02
1.557574310302734375e+02
3.092410850524902344e+01
1.908588562011718750e+02
3.629157409667968750e+02
1.669022369384765625e+02
2.330432891845703125e+01
6.288509750366210938e+01
1.884651489257812500e+02
1.715778503417968750e+02
1.738024139404296875e+01
6.572483825683593750e+01
2.070855255126953125e+02
1.666727752685546875e+02
3.105112838745117188e+01
1.915425109863281250e+02
2.049673919677734375e+02
1.633664245605468750e+02
3.415684890747070312e+01
1.761101074218750000e+02
0.000000000000000000e+00
0.000000000000000000e+00
0.000000000000000000e+00
0.000000000000000000e+00
