1.522320556640625000e+02
1.684205017089843750e+02
3.448083114624023438e+01
1.263408050537109375e+02
1.542123870849609375e+02
1.690646514892578125e+02
2.815264701843261719e+01
1.244297561645507812e+02
1.135855484008789062e+02
1.667804870605468750e+02
4.180165481567382812e+01
1.634409637451171875e+02
1.782182769775390625e+02
1.748082733154296875e+02
2.249921989440917969e+01
1.079189071655273438e+02
1.925965881347656250e+02
1.690107116699218750e+02
1.886606979370117188e+01
9.932876586914062500e+01
2.588795166015625000e+02
1.758712005615234375e+02
8.183949470520019531e+00
3.567258071899414062e+01
1.798348083496093750e+02
1.779503936767578125e+02
2.002277183532714844e+01
8.261212158203125000e+01
3.634434204101562500e+02
1.679044494628906250e+02
2.251651954650878906e+01
6.505549621582031250e+01
1.119709930419921875e+02
1.761350555419921875e+02
4.400527954101562500e+01
1.646141662597656250e+02
2.178655395507812500e+02
1.729479980468750000e+02
8.579514503479003906e+00
3.019045066833496094e+01
2.581361999511718750e+02
1.714992980957031250e+02
7.726889133453369141e+00
3.817382431030273438e+01
1.029330902099609375e+02
1.759152832031250000e+02
1.172446441650390625e+01
4.223382568359375000e+01
0.000000000000000000e+00
0.000000000000000000e+00
0.000000000000000000e+00
0.000000000000000000e+00
