1.266174774169921875e+02
1.682794189453125000e+02
2.726866912841796875e+01
1.061762161254882812e+02
3.422774658203125000e+02
1.569669036865234375e+02
3.281994247436523438e+01
1.561061706542968750e+02
3.675742187500000000e+02
1.568766174316406250e+02
4.019707489013671875e+01
1.551521606445312500e+02
1.034609832763671875e+02
1.687734832763671875e+02
2.440238380432128906e+01
1.168090515136718750e+02
1.260923461914062500e+02
1.748489074707031250e+02
2.722543334960937500e+01
1.010212402343750000e+02
3.418079833984375000e+02
1.633681335449218750e+02
3.503338623046875000e+01
1.562692718505859375e+02
2.701288452148437500e+02
1.692699279785156250e+02
9.148303031921386719e+00
4.013994979858398438e+01
3.664920043945312500e+02
1.643960571289062500e+02
4.192324066162109375e+01
1.554467010498046875e+02
3.101189270019531250e+02
1.710462646484375000e+02
1.158506393432617188e+01
4.440762710571289062e+01
3.114191589355468750e+02
1.668853454589843750e+02
9.694205284118652344e+00
4.763312530517578125e+01
1.565937194824218750e+02
1.752925415039062500e+02
9.937067031860351562e+00
4.482830810546875000e+01
9.838972473144531250e+01
1.677158813476562500e+02
3.277147293090820312e+01
1.185494537353515625e+02
3.356482543945312500e+02
1.737544403076171875e+02
8.036095619201660156e+00
4.191332244873046875e+01
9.294211578369140625e+01
1.706800537109375000e+02
3.566906356811523438e+01
1.173230438232421875e+02
3.611889648437500000e+02
1.583512268066406250e+02
4.040558624267578125e+01
1.507400512695312500e+02
1.050041503906250000e+02
1.742543029785156250e+02
2.282668495178222656e+01
9.382068634033203125e+01
1.215195617675781250e+02
1.688382110595703125e+02
3.608318328857421875e+01
1.055400085449218750e+02
1.517032623291015625e+02
1.744072418212890625e+02
1.068368244171142578e+01
4.375726699829101562e+01
3.179673156738281250e+02
1.728019104003906250e+02
7.950507164001464844e+00
4.036315917968750000e+01
0.000000000000000000e+00
0.000000000000000000e+00
0.000000000000000000e+00
0.000000000000000000e+00
