2.289439086914062500e+02
1.483872680664062500e+02
4.144950103759765625e+01
2.338885345458984375e+02
3.790259399414062500e+02
1.570622253417968750e+02
3.547937393188476562e+01
1.764468536376953125e+02
1.050290451049804688e+02
1.745407867431640625e+02
1.115818691253662109e+01
4.298027420043945312e+01
2.253928985595703125e+02
1.481128540039062500e+02
4.535393905639648438e+01
2.553260345458984375e+02
3.124230041503906250e+02
1.685726013183593750e+02
1.139706611633300781e+01
4.297157287597656250e+01
1.627009010314941406e+01
1.616903991699218750e+02
4.866780471801757812e+01
1.625850219726562500e+02
7.939869689941406250e+01
1.797601318359375000e+02
1.224616336822509766e+01
4.394287490844726562e+01
1.982593727111816406e+01
1.565790710449218750e+02
4.202824020385742188e+01
1.594066925048828125e+02
1.580651397705078125e+02
1.811942749023437500e+02
1.033330631256103516e+01
4.681645202636718750e+01
1.841306610107421875e+02
1.686368713378906250e+02
4.209683227539062500e+01
1.880148773193359375e+02
2.661596679687500000e+02
1.720148010253906250e+02
2.137955474853515625e+01
8.784059143066406250e+01
7.942001342773437500e+01
1.785724945068359375e+02
1.185766220092773438e+01
3.978104782104492188e+01
1.787541198730468750e+02
1.715720520019531250e+02
1.739196014404296875e+01
8.457627868652343750e+01
3.123488464355468750e+02
1.735133209228515625e+02
1.149585819244384766e+01
3.970861434936523438e+01
3.770747070312500000e+02
1.498327941894531250e+02
3.834100341796875000e+01
1.742927703857421875e+02
1.887797546386718750e+02
1.637642822265625000e+02
4.386457824707031250e+01
2.008338012695312500e+02
3.878166198730468750e+02
1.541004028320312500e+02
2.767485046386718750e+01
1.859170989990234375e+02
1.077010116577148438e+02
1.751298980712890625e+02
9.955910682678222656e+00
4.301213836669921875e+01
1.209429244995117188e+02
1.787107391357421875e+02
5.602895736694335938e+00
1.997988319396972656e+01
3.624726562500000000e+02
1.672910461425781250e+02
2.308329010009765625e+01
6.774953460693359375e+01
2.319932708740234375e+02
1.603435058593750000e+02
3.866210937500000000e+01
1.810349884033203125e+02
2.638520507812500000e+02
1.736326599121093750e+02
9.359995841979980469e+00
4.686429595947265625e+01
6.886859893798828125e+01
1.727950134277343750e+02
9.806425094604492188e+00
4.639732360839843750e+01
0.000000000000000000e+00
0.000000000000000000e+00
0.000000000000000000e+00
0.000000000000000000e+00
