1.175393371582031250e+02
1.644891662597656250e+02
3.899105072021484375e+01
1.576356658935546875e+02
1.704867401123046875e+02
1.698820190429687500e+02
2.499033737182617188e+01
1.022553558349609375e+02
1.499868164062500000e+02
1.703450469970703125e+02
2.281586837768554688e+01
1.212842330932617188e+02
1.174989089965820312e+02
1.657842102050781250e+02
3.950279235839843750e+01
1.442174987792968750e+02
1.712062530517578125e+02
1.840154571533203125e+02
2.535131645202636719e+01
8.523267364501953125e+01
3.631183776855468750e+02
1.668112335205078125e+02
2.345775032043457031e+01
6.619240570068359375e+01
2.061248474121093750e+02
1.682804718017578125e+02
8.706334114074707031e+00
3.593824005126953125e+01
9.346063232421875000e+01
1.758452606201171875e+02
1.066971111297607422e+01
4.204381561279296875e+01
1.466276550292968750e+02
1.750082855224609375e+02
2.248925209045410156e+01
1.163403549194335938e+02
2.162391815185546875e+02
1.711864624023437500e+02
8.964393615722656250e+00
3.163318252563476562e+01
2.643601379394531250e+02
1.768901214599609375e+02
8.818254470825195312e+00
3.375922393798828125e+01
1.858436126708984375e+02
1.679255218505859375e+02
9.335000038146972656e+00
4.046692276000976562e+01
2.020581665039062500e+02
1.683491668701171875e+02
8.392792701721191406e+00
3.671392822265625000e+01
1.381907348632812500e+02
1.666128234863281250e+02
3.321928405761718750e+01
1.387213592529296875e+02
3.990217895507812500e+02
1.475499877929687500e+02
1.587186050415039062e+01
1.050530776977539062e+02
0.000000000000000000e+00
0.000000000000000000e+00
0.000000000000000000e+00
0.000000000000000000e+00
