1.517035369873046875e+02
1.662796783447265625e+02
2.335070610046386719e+01
1.307496643066406250e+02
1.748425445556640625e+02
1.700682678222656250e+02
2.363151931762695312e+01
1.021627120971679688e+02
1.181938629150390625e+02
1.644126892089843750e+02
3.978363037109375000e+01
1.652357940673828125e+02
1.729483489990234375e+02
1.746128540039062500e+02
2.316030693054199219e+01
1.022380828857421875e+02
1.493676452636718750e+02
1.666338806152343750e+02
3.007344627380371094e+01
1.329693756103515625e+02
2.079630432128906250e+02
1.680363006591796875e+02
8.136312484741210938e+00
3.630880355834960938e+01
2.630308837890625000e+02
1.705281066894531250e+02
7.788216114044189453e+00
3.950135040283203125e+01
1.043242568969726562e+02
1.764780731201171875e+02
1.101293373107910156e+01
4.156409454345703125e+01
2.631119079589843750e+02
1.766409606933593750e+02
7.866542339324951172e+00
3.400251007080078125e+01
1.191802215576171875e+02
1.674248962402343750e+02
3.639821624755859375e+01
1.357024230957031250e+02
2.175318450927734375e+02
1.718664093017578125e+02
8.218414306640625000e+00
3.138603401184082031e+01
1.536761169433593750e+02
1.758253784179687500e+02
2.006161308288574219e+01
8.656981658935546875e+01
3.637809143066406250e+02
1.689808959960937500e+02
2.412187194824218750e+01
5.980526733398437500e+01
1.278251571655273438e+02
1.657920074462890625e+02
1.081367206573486328e+01
3.045524215698242188e+01
0.000000000000000000e+00
0.000000000000000000e+00
0.000000000000000000e+00
0.000000000000000000e+00
