7.428688812255859375e+01
1.570851287841796875e+02
3.118374443054199219e+01
1.478100891113281250e+02
1.909094429016113281e+01
1.698420104980468750e+02
4.021893692016601562e+01
1.342671051025390625e+02
1.949628295898437500e+02
1.594228820800781250e+02
3.778065490722656250e+01
2.033557281494140625e+02
-9.411277770996093750e-01
1.706773986816406250e+02
1.847996902465820312e+01
1.586035003662109375e+02
1.815692138671875000e+01
1.792059936523437500e+02
4.379986572265625000e+01
1.254881896972656250e+02
-1.482902526855468750e+00
1.590809936523437500e+02
2.387141418457031250e+01
1.817612915039062500e+02
2.285007629394531250e+02
1.483452758789062500e+02
4.631931686401367188e+01
2.351146697998046875e+02
2.281670227050781250e+02
1.526611022949218750e+02
4.853009414672851562e+01
2.455147552490234375e+02
1.587254638671875000e+02
1.815289306640625000e+02
9.878890991210937500e+00
4.601145935058593750e+01
7.166992187500000000e+01
1.476389923095703125e+02
3.476809692382812500e+01
1.489671630859375000e+02
1.946240844726562500e+02
1.540232543945312500e+02
3.757017898559570312e+01
1.986829528808593750e+02
1.215964126586914062e+02
1.773715667724609375e+02
4.724290847778320312e+00
1.966445732116699219e+01
3.277873535156250000e+02
1.675445709228515625e+02
1.013663291931152344e+01
4.228083419799804688e+01
3.634492187500000000e+02
1.681604919433593750e+02
2.270526885986328125e+01
6.470341491699218750e+01
2.062091827392578125e-01
1.800594940185546875e+02
1.733274841308593750e+01
1.585083923339843750e+02
1.492482604980468750e+02
1.819029235839843750e+02
1.072097206115722656e+01
4.619123458862304688e+01
2.686335754394531250e+02
1.719436035156250000e+02
9.207610130310058594e+00
3.492810058593750000e+01
1.027031555175781250e+02
1.736208953857421875e+02
1.088057708740234375e+01
4.219902801513671875e+01
7.784468078613281250e+01
1.595918884277343750e+02
2.364446067810058594e+01
1.408681945800781250e+02
2.371615905761718750e+02
1.674613800048828125e+02
4.949773406982421875e+01
1.951188049316406250e+02
1.140245742797851562e+02
1.765137634277343750e+02
5.147798061370849609e+00
2.128797149658203125e+01
7.127620697021484375e+01
1.687286987304687500e+02
3.653668212890625000e+01
1.457459106445312500e+02
1.291031799316406250e+02
1.783917694091796875e+02
4.328137397766113281e+00
1.830427360534667969e+01
2.319767913818359375e+02
1.650291137695312500e+02
5.405349731445312500e+01
2.218579711914062500e+02
1.372070312500000000e+02
1.769532470703125000e+02
4.342418670654296875e+00
2.084741783142089844e+01
0.000000000000000000e+00
0.000000000000000000e+00
0.000000000000000000e+00
0.000000000000000000e+00
