7.338225555419921875e+01
1.573648681640625000e+02
2.947254562377929688e+01
1.495244903564453125e+02
1.754703521728515625e+01
1.697911682128906250e+02
3.994158935546875000e+01
1.329419250488281250e+02
2.322115898132324219e-01
1.668428344726562500e+02
1.569935894012451172e+01
1.670193023681640625e+02
1.947337646484375000e+02
1.586515808105468750e+02
3.835940170288085938e+01
2.032892608642578125e+02
1.742222595214843750e+01
1.807495574951171875e+02
4.164418792724609375e+01
1.223830795288085938e+02
2.276808471679687500e+02
1.418912353515625000e+02
4.838758087158203125e+01
2.476464385986328125e+02
1.585816802978515625e+02
1.810753021240234375e+02
9.693657875061035156e+00
4.703136444091796875e+01
2.279657745361328125e+02
1.471704711914062500e+02
4.953840255737304688e+01
2.562312011718750000e+02
7.695750427246093750e+01
1.598610229492187500e+02
2.367663383483886719e+01
1.423349761962890625e+02
7.088499450683593750e+01
1.498427734375000000e+02
3.386551666259765625e+01
1.437606964111328125e+02
1.168203353881835938e-01
1.804450988769531250e+02
1.572840213775634766e+01
1.575033111572265625e+02
3.277272033691406250e+02
1.683964080810546875e+02
9.977380752563476562e+00
4.183010864257812500e+01
-1.618992805480957031e+00
1.516816406250000000e+02
2.281673622131347656e+01
1.955644836425781250e+02
1.945541076660156250e+02
1.519476928710937500e+02
3.850930023193359375e+01
2.026361999511718750e+02
1.217142868041992188e+02
1.774598693847656250e+02
4.685916900634765625e+00
2.008774948120117188e+01
7.142365264892578125e+01
1.668118896484375000e+02
3.370408630371093750e+01
1.496696014404296875e+02
2.332886657714843750e+02
1.620819244384765625e+02
5.246159744262695312e+01
2.275416564941406250e+02
2.368508300781250000e+02
1.620559692382812500e+02
4.957228088378906250e+01
2.065341339111328125e+02
3.636056213378906250e+02
1.676969909667968750e+02
2.279745292663574219e+01
6.492184448242187500e+01
1.033916320800781250e+02
1.740460052490234375e+02
9.757575988769531250e+00
4.285427093505859375e+01
2.688157958984375000e+02
1.724636840820312500e+02
8.840968132019042969e+00
3.286174011230468750e+01
1.499654998779296875e+02
1.813067626953125000e+02
9.672530174255371094e+00
4.682205581665039062e+01
0.000000000000000000e+00
0.000000000000000000e+00
0.000000000000000000e+00
0.000000000000000000e+00
