1.597660522460937500e+02
1.695747985839843750e+02
2.261133193969726562e+01
9.604035949707031250e+01
2.905760498046875000e+02
1.635646972656250000e+02
4.999000167846679688e+01
2.351186523437500000e+02
2.268783416748046875e+02
1.739740295410156250e+02
2.090692520141601562e+01
8.873380279541015625e+01
1.898568725585937500e+02
1.613012084960937500e+02
1.973608016967773438e+01
1.104534149169921875e+02
2.038236541748046875e+02
1.727030639648437500e+02
2.467301750183105469e+01
1.071309585571289062e+02
2.068278045654296875e+02
1.712986297607421875e+02
2.246624565124511719e+01
9.955496215820312500e+01
3.282717895507812500e+02
1.510987854003906250e+02
8.307495880126953125e+01
2.571489257812500000e+02
2.750995635986328125e+00
1.967204895019531250e+02
3.379029083251953125e+01
7.973957824707031250e+01
1.509974517822265625e+02
1.743454284667968750e+02
9.113103866577148438e+00
4.456528472900390625e+01
2.869226989746093750e+02
1.885313720703125000e+02
5.585207366943359375e+01
2.037888793945312500e+02
1.202514801025390625e+02
1.742690124511718750e+02
7.498049259185791016e+00
3.220912170410156250e+01
1.382399597167968750e+02
1.774048156738281250e+02
8.034103393554687500e+00
3.258742523193359375e+01
3.938876953125000000e+02
1.424294433593750000e+02
2.179644584655761719e+01
2.151225280761718750e+02
3.939023742675781250e+02
1.537594909667968750e+02
2.165998458862304688e+01
2.177554473876953125e+02
3.510436096191406250e+02
1.883227539062500000e+02
5.236343765258789062e+01
1.802391510009765625e+02
2.984937438964843750e+02
1.638702697753906250e+02
4.845942687988281250e+01
2.340415191650390625e+02
3.297071838378906250e+02
1.513252410888671875e+02
2.965312385559082031e+01
2.304909973144531250e+02
3.364278869628906250e+02
1.516761474609375000e+02
4.671652603149414062e+01
2.512366485595703125e+02
7.916393280029296875e-01
1.993531799316406250e+02
4.457925796508789062e+01
9.486763000488281250e+01
3.870363235473632812e+00
2.060355224609375000e+02
3.277121353149414062e+01
7.762288665771484375e+01
1.943001403808593750e+02
1.630915069580078125e+02
4.116678237915039062e+01
1.158977966308593750e+02
1.952412414550781250e+02
1.698841400146484375e+02
3.926006317138671875e+01
1.120856018066406250e+02
0.000000000000000000e+00
0.000000000000000000e+00
0.000000000000000000e+00
0.000000000000000000e+00
