1.551975097656250000e+02
1.763570404052734375e+02
1.774244689941406250e+01
8.576422119140625000e+01
1.095519180297851562e+02
1.689244842529296875e+02
3.172683906555175781e+01
1.307361145019531250e+02
1.299540710449218750e+02
1.667136230468750000e+02
1.962127685546875000e+01
1.303793182373046875e+02
1.375127105712890625e+02
1.776166839599609375e+02
1.724560165405273438e+01
1.006113891601562500e+02
2.159859466552734375e+02
1.715835876464843750e+02
1.051695823669433594e+01
3.093613052368164062e+01
1.401978454589843750e+02
1.730502319335937500e+02
1.740857315063476562e+01
9.472776794433593750e+01
1.147017211914062500e+02
1.707637634277343750e+02
3.615109252929687500e+01
1.236805572509765625e+02
2.730898437500000000e+02
1.709835357666015625e+02
8.618288040161132812e+00
3.718463134765625000e+01
1.087141189575195312e+02
1.866974182128906250e+02
2.268544197082519531e+01
8.996666717529296875e+01
3.626458740234375000e+02
1.672867431640625000e+02
2.321040153503417969e+01
6.500410461425781250e+01
3.980118713378906250e+02
1.488401794433593750e+02
1.646824455261230469e+01
1.023355331420898438e+02
2.013067626953125000e+02
1.680522613525390625e+02
8.397439002990722656e+00
3.544488525390625000e+01
0.000000000000000000e+00
0.000000000000000000e+00
0.000000000000000000e+00
0.000000000000000000e+00
