2.702762451171875000e+02
1.681506805419921875e+02
2.127582359313964844e+01
9.369781494140625000e+01
7.615655899047851562e+00
1.543529663085937500e+02
5.575766372680664062e+01
1.637702789306640625e+02
6.135122299194335938e+00
1.585334472656250000e+02
5.876427078247070312e+01
1.687144775390625000e+02
1.762227935791015625e+02
1.700274505615234375e+02
1.718527221679687500e+01
8.577221679687500000e+01
3.918033447265625000e+02
1.629999847412109375e+02
2.365429115295410156e+01
1.727535705566406250e+02
1.069373779296875000e+02
1.758721923828125000e+02
1.168415737152099609e+01
4.201789855957031250e+01
1.050250854492187500e+02
1.750843505859375000e+02
1.126496601104736328e+01
4.279103469848632812e+01
3.747648315429687500e+02
1.544516601562500000e+02
2.764925575256347656e+01
1.633909149169921875e+02
2.280916442871093750e+02
1.596419067382812500e+02
4.064073562622070312e+01
2.124929351806640625e+02
3.752769165039062500e+02
1.610868225097656250e+02
2.775583457946777344e+01
1.690442962646484375e+02
3.917673645019531250e+02
1.709816589355468750e+02
2.522027969360351562e+01
1.809590454101562500e+02
2.254365234375000000e+02
1.490766754150390625e+02
4.310456466674804688e+01
2.542602233886718750e+02
3.098876953125000000e+02
1.664201660156250000e+02
1.062103366851806641e+01
4.621404266357421875e+01
7.969977569580078125e+01
1.780934753417968750e+02
1.176084232330322266e+01
4.049398803710937500e+01
7.896904754638671875e+01
1.796694488525390625e+02
1.249926376342773438e+01
4.355599975585937500e+01
1.866704711914062500e+02
1.638242950439453125e+02
3.728066253662109375e+01
1.972488098144531250e+02
2.607326354980468750e+02
1.703313903808593750e+02
9.170384407043457031e+00
3.909654235839843750e+01
1.574803771972656250e+02
1.807377471923828125e+02
1.058707237243652344e+01
4.811470794677734375e+01
1.751595001220703125e+02
1.684925231933593750e+02
1.745100975036621094e+01
7.462744140625000000e+01
3.981233520507812500e+02
1.755269775390625000e+02
1.774765586853027344e+01
1.720892486572265625e+02
1.904023895263671875e+02
1.599955902099609375e+02
4.072323226928710938e+01
2.071783142089843750e+02
3.975548400878906250e+02
1.579839172363281250e+02
1.725085258483886719e+01
1.832250823974609375e+02
1.212856674194335938e+02
1.776456298828125000e+02
4.849778175354003906e+00
2.124059104919433594e+01
1.845273284912109375e+02
1.542429504394531250e+02
3.884493637084960938e+01
1.946005249023437500e+02
0.000000000000000000e+00
0.000000000000000000e+00
0.000000000000000000e+00
0.000000000000000000e+00
