1.487078247070312500e+02
1.653784790039062500e+02
1.962791442871093750e+01
1.035529403686523438e+02
1.872067871093750000e+02
1.682828369140625000e+02
2.169078063964843750e+01
1.152015228271484375e+02
2.079089202880859375e+02
1.655438690185546875e+02
2.757867050170898438e+01
9.914739990234375000e+01
1.882200317382812500e+02
1.600379791259765625e+02
2.225048255920410156e+01
1.223994216918945312e+02
1.515610656738281250e+02
1.633260345458984375e+02
1.791288757324218750e+01
1.108967285156250000e+02
3.610704040527343750e+02
1.600038146972656250e+02
4.104073715209960938e+01
1.800136718750000000e+02
3.639666137695312500e+02
1.544435424804687500e+02
4.525979232788085938e+01
1.906289062500000000e+02
2.753828735351562500e+02
1.660678253173828125e+02
4.321525573730468750e+01
2.195241394042968750e+02
2.776483764648437500e+02
1.526763305664062500e+02
3.882261657714843750e+01
2.322617645263671875e+02
1.814769592285156250e+02
1.570312957763671875e+02
3.368828201293945312e+01
1.259015274047851562e+02
3.088233032226562500e+02
1.506882934570312500e+02
3.164227676391601562e+01
2.321590576171875000e+02
4.577407836914062500e+01
1.864304046630859375e+02
2.826462936401367188e+01
8.441838836669921875e+01
3.567681274414062500e+02
1.683133087158203125e+02
4.774445724487304688e+01
1.863436584472656250e+02
3.617592773437500000e+02
1.667870330810546875e+02
5.065957641601562500e+01
1.869204406738281250e+02
3.623401489257812500e+02
1.604258117675781250e+02
4.822040176391601562e+01
1.524609832763671875e+02
3.614408264160156250e+02
1.622924194335937500e+02
3.950266265869140625e+01
1.470526733398437500e+02
2.325384521484375000e+02
1.683131408691406250e+02
1.964099502563476562e+01
5.829943084716796875e+01
3.056045837402343750e+02
1.605319519042968750e+02
3.658095932006835938e+01
2.325078277587890625e+02
1.200701599121093750e+02
1.753917083740234375e+02
8.162122726440429688e+00
2.931605911254882812e+01
1.369699401855468750e+02
1.766437072753906250e+02
5.457433700561523438e+00
2.237166213989257812e+01
7.962051391601562500e+01
1.824015808105468750e+02
1.212676143646240234e+01
4.029030990600585938e+01
2.516922912597656250e+02
1.703919219970703125e+02
1.150410079956054688e+01
3.414681625366210938e+01
4.640266799926757812e+01
1.879139862060546875e+02
2.519809722900390625e+01
6.460256958007812500e+01
1.149482192993164062e+02
1.781777038574218750e+02
5.404832363128662109e+00
2.265529441833496094e+01
3.105528869628906250e+02
1.463020782470703125e+02
2.860806846618652344e+01
2.093882141113281250e+02
2.134524688720703125e+02
1.684229431152343750e+02
2.378688812255859375e+01
9.413999938964843750e+01
1.495677947998046875e+02
1.774363250732421875e+02
1.798566818237304688e+01
9.596652221679687500e+01
2.351451721191406250e+02
1.668741760253906250e+02
1.369768714904785156e+01
6.153498840332031250e+01
8.045000457763671875e+01
1.787146759033203125e+02
1.122075271606445312e+01
3.970831298828125000e+01
0.000000000000000000e+00
0.000000000000000000e+00
0.000000000000000000e+00
0.000000000000000000e+00
