1.246253356933593750e+02
1.606844787597656250e+02
2.036157035827636719e+01
1.179690170288085938e+02
1.535531768798828125e+02
1.655698699951171875e+02
2.232545661926269531e+01
1.204124374389648438e+02
1.770324859619140625e+02
1.670212097167968750e+02
2.348241043090820312e+01
1.023061981201171875e+02
3.150024414062500000e+02
1.637248535156250000e+02
2.939959526062011719e+01
1.397248992919921875e+02
2.400735931396484375e+02
1.676992187500000000e+02
4.271236038208007812e+01
2.152145385742187500e+02
2.403200988769531250e+02
1.576280517578125000e+02
3.992871475219726562e+01
2.196788177490234375e+02
3.169005737304687500e+02
1.672828674316406250e+02
2.497895812988281250e+01
1.343929443359375000e+02
1.536541442871093750e+02
1.652331390380859375e+02
2.335406684875488281e+01
1.138287887573242188e+02
1.256100158691406250e+02
1.730588378906250000e+02
1.832247352600097656e+01
1.056655883789062500e+02
2.755973205566406250e+02
1.620261993408203125e+02
4.575115203857421875e+01
2.371206359863281250e+02
2.932989501953125000e+01
1.361966094970703125e+02
8.675169372558593750e+01
2.892654113769531250e+02
3.641835021972656250e+02
1.686015777587890625e+02
2.092834472656250000e+01
5.791679763793945312e+01
2.736917419433593750e+02
1.768310852050781250e+02
4.851692199707031250e+01
2.319698028564453125e+02
3.979243774414062500e+02
1.474225311279296875e+02
1.653351593017578125e+01
1.043340759277343750e+02
1.496633758544921875e+02
1.659052124023437500e+02
3.370128250122070312e+01
1.199818038940429688e+02
2.559094390869140625e+02
1.576855163574218750e+02
8.039286041259765625e+01
2.516897735595703125e+02
2.787913513183593750e+02
1.658836364746093750e+02
4.017058181762695312e+01
2.009517669677734375e+02
1.494560699462890625e+02
1.638124389648437500e+02
3.559452438354492188e+01
1.164405288696289062e+02
3.136538085937500000e+02
1.668189086914062500e+02
3.053785896301269531e+01
1.495695648193359375e+02
1.092242431640625000e+02
1.778471069335937500e+02
1.823278999328613281e+01
7.422676849365234375e+01
0.000000000000000000e+00
0.000000000000000000e+00
0.000000000000000000e+00
0.000000000000000000e+00
