3.011402587890625000e+02
1.635936737060546875e+02
4.240142059326171875e+01
1.634469299316406250e+02
3.376704711914062500e+02
1.659211730957031250e+02
3.683624649047851562e+01
1.217055206298828125e+02
2.982508544921875000e+02
1.681003112792968750e+02
4.081515121459960938e+01
1.538164215087890625e+02
3.010699462890625000e+02
1.620908813476562500e+02
4.206444168090820312e+01
1.501823577880859375e+02
1.481879272460937500e+02
1.749757080078125000e+02
1.904190444946289062e+01
6.982014465332031250e+01
3.383388977050781250e+02
1.565819244384765625e+02
3.616646575927734375e+01
1.302919311523437500e+02
1.092402038574218750e+02
1.744776916503906250e+02
1.165625000000000000e+01
4.251538467407226562e+01
2.092802581787109375e+02
1.570887451171875000e+02
4.618191528320312500e+01
2.426821136474609375e+02
1.474091796875000000e+02
1.719042205810546875e+02
1.890260696411132812e+01
6.940969085693359375e+01
1.702776184082031250e+02
1.660640258789062500e+02
3.883842468261718750e+01
1.901083984375000000e+02
1.748716125488281250e+02
1.649887695312500000e+02
3.848229217529296875e+01
1.937747955322265625e+02
2.369566650390625000e+02
1.673073730468750000e+02
1.632513046264648438e+01
6.979058074951171875e+01
2.992864379882812500e+02
1.612637939453125000e+02
3.709045791625976562e+01
1.493843994140625000e+02
2.130718078613281250e+02
1.637096405029296875e+02
4.123435974121093750e+01
2.047898254394531250e+02
1.701452941894531250e+02
1.612291564941406250e+02
3.856198501586914062e+01
1.809207000732421875e+02
8.553615570068359375e+01
1.772690429687500000e+02
1.043229579925537109e+01
4.178946685791015625e+01
1.215462341308593750e+02
1.774158935546875000e+02
5.424609661102294922e+00
2.232752609252929688e+01
3.403786315917968750e+02
1.705938873291015625e+02
3.159427642822265625e+01
1.144086608886718750e+02
3.647695312500000000e+02
1.662003326416015625e+02
2.135231208801269531e+01
6.836827850341796875e+01
1.746649475097656250e+02
1.591423034667968750e+02
3.932962799072265625e+01
1.844106140136718750e+02
1.289648895263671875e+02
1.788741455078125000e+02
5.013638019561767578e+00
1.921671485900878906e+01
1.370667724609375000e+02
1.766546630859375000e+02
4.889903545379638672e+00
2.172358322143554688e+01
1.540884246826171875e+02
1.756640930175781250e+02
1.663259124755859375e+01
7.178890228271484375e+01
8.457417297363281250e+01
1.804504241943359375e+02
1.178126430511474609e+01
4.197203826904296875e+01
3.976607055664062500e+02
1.513807678222656250e+02
1.660092926025390625e+01
9.825643920898437500e+01
0.000000000000000000e+00
0.000000000000000000e+00
0.000000000000000000e+00
0.000000000000000000e+00
