2.351477050781250000e+02
1.641531524658203125e+02
2.332065773010253906e+01
1.007462997436523438e+02
2.629187011718750000e+02
1.650676727294921875e+02
2.391360092163085938e+01
1.093186340332031250e+02
1.352454376220703125e+02
1.765555419921875000e+02
8.418284416198730469e+00
3.742527770996093750e+01
2.159140014648437500e+02
1.716026458740234375e+02
2.053153991699218750e+01
8.351253509521484375e+01
2.591398010253906250e+02
1.727895050048828125e+02
2.055659484863281250e+01
9.011403656005859375e+01
1.559308471679687500e+02
1.730545349121093750e+02
1.012594032287597656e+01
4.092570495605468750e+01
1.262808227539062500e+02
1.775106811523437500e+02
7.777986526489257812e+00
3.091768074035644531e+01
1.187071456909179688e+02
1.779099884033203125e+02
8.807175636291503906e+00
3.050399780273437500e+01
2.632106933593750000e+02
1.753033294677734375e+02
2.247434806823730469e+01
1.000829467773437500e+02
1.446919250488281250e+02
1.763413391113281250e+02
7.472468852996826172e+00
3.750938034057617188e+01
1.189147644042968750e+02
1.747559204101562500e+02
9.492987632751464844e+00
3.183200645446777344e+01
1.258071823120117188e+02
1.752246551513671875e+02
7.924264907836914062e+00
3.146649169921875000e+01
1.539061737060546875e+02
1.757431640625000000e+02
7.366431713104248047e+00
3.639148330688476562e+01
7.956716156005859375e+01
1.850780639648437500e+02
1.222663974761962891e+01
3.752311706542968750e+01
2.107408447265625000e+02
1.749144744873046875e+02
2.419630241394042969e+01
7.603107452392578125e+01
0.000000000000000000e+00
0.000000000000000000e+00
0.000000000000000000e+00
0.000000000000000000e+00
