3.206061096191406250e+02
1.557946166992187500e+02
4.184807205200195312e+01
1.586528472900390625e+02
1.245103759765625000e+02
1.701901855468750000e+02
2.654094696044921875e+01
1.017033233642578125e+02
3.428063354492187500e+02
1.582174377441406250e+02
3.910611343383789062e+01
1.502996978759765625e+02
9.275086212158203125e+01
1.712323303222656250e+02
3.497832107543945312e+01
1.121461486816406250e+02
1.011386337280273438e+02
1.721523284912109375e+02
2.557922554016113281e+01
1.105519714355468750e+02
1.247401962280273438e+02
1.782126007080078125e+02
2.595146179199218750e+01
9.545385742187500000e+01
1.569156188964843750e+02
1.754602355957031250e+02
9.638741493225097656e+00
4.551834869384765625e+01
3.190095214843750000e+02
1.682000122070312500e+02
4.722469711303710938e+01
1.479028778076171875e+02
3.169814758300781250e+02
1.575068054199218750e+02
3.617380142211914062e+01
1.527730255126953125e+02
3.021247863769531250e+02
1.615794219970703125e+02
1.111038589477539062e+01
5.664987564086914062e+01
2.714287414550781250e+02
1.699418182373046875e+02
8.035282135009765625e+00
3.854055404663085938e+01
9.665505218505859375e+01
1.702629394531250000e+02
3.500557327270507812e+01
1.128355255126953125e+02
1.569321594238281250e+02
1.786365203857421875e+02
8.703669548034667969e+00
4.569410324096679688e+01
3.039461364746093750e+02
1.699077758789062500e+02
1.113768100738525391e+01
4.737358093261718750e+01
9.607550811767578125e+01
1.798186035156250000e+02
2.861995124816894531e+01
9.711114501953125000e+01
2.359752502441406250e+02
1.710727996826171875e+02
1.121806335449218750e+01
4.624987030029296875e+01
1.452631378173828125e+02
1.723852844238281250e+02
1.616347694396972656e+01
6.060355377197265625e+01
2.365924224853515625e+02
1.682356414794921875e+02
1.090897083282470703e+01
4.459852981567382812e+01
1.448988189697265625e+02
1.777146301269531250e+02
1.080486202239990234e+01
5.182569122314453125e+01
0.000000000000000000e+00
0.000000000000000000e+00
0.000000000000000000e+00
0.000000000000000000e+00
