2.632011413574218750e+02
1.726130981445312500e+02
3.695138168334960938e+01
1.394016876220703125e+02
1.644639739990234375e+02
1.624914550781250000e+02
3.416329956054687500e+01
1.765041198730468750e+02
2.639596862792968750e+02
1.652763671875000000e+02
3.364564895629882812e+01
1.465257873535156250e+02
1.389337463378906250e+02
1.761740570068359375e+02
1.665179824829101562e+01
6.790270996093750000e+01
1.093134689331054688e+02
1.733399963378906250e+02
1.023273086547851562e+01
4.453646850585937500e+01
1.912926025390625000e+02
1.729662170410156250e+02
5.024658203125000000e+01
2.129346771240234375e+02
1.913940124511718750e+02
1.867477569580078125e+02
5.099567794799804688e+01
2.143120422363281250e+02
1.390371246337890625e+02
1.718032226562500000e+02
1.614907264709472656e+01
7.006947326660156250e+01
1.655885925292968750e+02
1.746708374023437500e+02
3.387793350219726562e+01
1.662917938232421875e+02
2.390984344482421875e+02
1.685522003173828125e+02
9.639723777770996094e+00
4.352589797973632812e+01
8.875876617431640625e+01
1.771350555419921875e+02
1.065702342987060547e+01
4.335140991210937500e+01
1.286598205566406250e+02
1.786067352294921875e+02
5.890016555786132812e+00
2.053424263000488281e+01
8.765954589843750000e+01
1.816331176757812500e+02
1.183166313171386719e+01
4.034607696533203125e+01
1.217878570556640625e+02
1.773818054199218750e+02
6.064687728881835938e+00
2.277427673339843750e+01
1.918792724609375000e+02
1.714365539550781250e+02
4.733075714111328125e+01
1.865352020263671875e+02
1.960818786621093750e+02
1.591546325683593750e+02
4.103967666625976562e+01
1.798971252441406250e+02
2.388509979248046875e+02
1.714483337402343750e+02
9.274729728698730469e+00
4.459187316894531250e+01
1.020615463256835938e+02
1.749340972900390625e+02
8.357380867004394531e+00
4.223022460937500000e+01
1.423709716796875000e+02
1.790007476806640625e+02
1.193882465362548828e+01
6.308512115478515625e+01
2.307397613525390625e+02
1.785585021972656250e+02
1.031976413726806641e+01
4.964175415039062500e+01
3.621542053222656250e+02
1.685072631835937500e+02
2.482461929321289062e+01
6.664261627197265625e+01
3.995963745117187500e+02
1.755750579833984375e+02
1.603750610351562500e+01
1.160099105834960938e+02
0.000000000000000000e+00
0.000000000000000000e+00
0.000000000000000000e+00
0.000000000000000000e+00
