1.280741119384765625e+02
1.629468383789062500e+02
2.127252197265625000e+01
1.062134246826171875e+02
1.589988708496093750e+02
1.657235107421875000e+02
2.350488281250000000e+01
1.209967803955078125e+02
9.311447143554687500e-01
1.482513580322265625e+02
8.472586822509765625e+01
2.667759704589843750e+02
3.245473632812500000e+02
1.624118652343750000e+02
2.648807716369628906e+01
1.435334320068359375e+02
1.827183990478515625e+02
1.642853088378906250e+02
2.179030418395996094e+01
1.011749725341796875e+02
1.809585723876953125e+02
1.622535095214843750e+02
1.931136894226074219e+01
1.096459808349609375e+02
3.257387695312500000e+02
1.635649108886718750e+02
2.279099273681640625e+01
1.402298736572265625e+02
3.230439453125000000e+02
1.646464538574218750e+02
2.357910919189453125e+01
1.354506225585937500e+02
3.210419921875000000e+02
1.623116149902343750e+02
2.703611755371093750e+01
1.432909088134765625e+02
2.429427490234375000e+02
1.720640411376953125e+02
4.235589981079101562e+01
2.073492736816406250e+02
1.591908416748046875e+02
1.680778503417968750e+02
2.182274436950683594e+01
1.071852264404296875e+02
2.441644287109375000e+02
1.579015197753906250e+02
3.996614074707031250e+01
2.208833007812500000e+02
2.845043945312500000e+02
1.846674041748046875e+02
5.033255004882812500e+01
1.912860412597656250e+02
3.647539978027343750e+02
1.684542388916015625e+02
2.110648155212402344e+01
5.752127838134765625e+01
1.290352478027343750e+02
1.805648345947265625e+02
1.941214942932128906e+01
9.262577056884765625e+01
2.848918762207031250e+02
2.004873352050781250e+02
5.092890167236328125e+01
1.880172729492187500e+02
1.198409500122070312e+02
1.731057739257812500e+02
7.587868690490722656e+00
3.241825866699218750e+01
2.158163604736328125e+02
1.709719390869140625e+02
7.423169612884521484e+00
3.422021102905273438e+01
1.517060852050781250e+02
1.660143127441406250e+02
3.474990081787109375e+01
1.207510681152343750e+02
8.365759277343750000e+01
1.875396881103515625e+02
1.956379890441894531e+01
5.730752182006835938e+01
2.249923095703125000e+02
1.688513793945312500e+02
8.240442276000976562e+00
3.996569824218750000e+01
2.248001708984375000e+02
1.703321228027343750e+02
1.044114208221435547e+01
5.086374664306640625e+01
1.518859863281250000e+02
1.592697448730468750e+02
3.504265594482421875e+01
1.244673919677734375e+02
2.874774169921875000e+02
1.546853027343750000e+02
4.260358428955078125e+01
1.573249664306640625e+02
2.845154418945312500e+02
1.813919372558593750e+02
4.813064575195312500e+01
1.691629791259765625e+02
0.000000000000000000e+00
0.000000000000000000e+00
0.000000000000000000e+00
0.000000000000000000e+00
