6.756563568115234375e+01
1.693837280273437500e+02
3.690394973754882812e+01
1.222224426269531250e+02
1.046635055541992188e+02
1.695084228515625000e+02
2.496596145629882812e+01
1.248174743652343750e+02
1.487879180908203125e+02
1.541865539550781250e+02
3.170385360717773438e+01
1.306202697753906250e+02
1.514365386962890625e+02
1.570766906738281250e+02
2.624236869812011719e+01
1.258874588012695312e+02
1.005546646118164062e+02
1.690025634765625000e+02
3.273332595825195312e+01
1.240221405029296875e+02
2.239268646240234375e+02
1.501119079589843750e+02
5.152889251708984375e+01
2.308340301513671875e+02
1.527132568359375000e+02
1.726346282958984375e+02
2.552685165405273438e+01
1.071113586425781250e+02
1.832100219726562500e+02
1.734813537597656250e+02
1.290042114257812500e+01
5.943057250976562500e+01
2.224219818115234375e+02
1.673593597412109375e+02
5.258153915405273438e+01
2.166587219238281250e+02
7.130440521240234375e+01
1.769296875000000000e+02
3.029539680480957031e+01
1.057464447021484375e+02
1.488794097900390625e+02
1.626104431152343750e+02
3.202307891845703125e+01
1.255457000732421875e+02
1.297607574462890625e+02
1.729624176025390625e+02
2.303979873657226562e+01
9.032726287841796875e+01
3.634363708496093750e+02
1.682366180419921875e+02
2.316804313659667969e+01
6.221450042724609375e+01
2.435792846679687500e+02
1.698391265869140625e+02
4.059516525268554688e+01
1.881975402832031250e+02
2.110455322265625000e+02
1.664714355468750000e+02
3.448158264160156250e+01
1.950792083740234375e+02
1.290566558837890625e+02
1.751073455810546875e+02
2.555878257751464844e+01
1.043723068237304688e+02
2.480626678466796875e+02
1.554385986328125000e+02
3.779074859619140625e+01
1.871927337646484375e+02
2.256639556884765625e+02
1.438220367431640625e+02
4.735190582275390625e+01
2.148106079101562500e+02
6.707138824462890625e+01
1.646561584472656250e+02
3.752658462524414062e+01
1.159216537475585938e+02
2.560118408203125000e+02
1.664646148681640625e+02
2.164358520507812500e+01
6.456311035156250000e+01
0.000000000000000000e+00
0.000000000000000000e+00
0.000000000000000000e+00
0.000000000000000000e+00
