2.346195526123046875e+02
1.675283508300781250e+02
2.154722213745117188e+01
9.669162750244140625e+01
2.571647644042968750e+02
1.709348144531250000e+02
2.407928657531738281e+01
9.444020080566406250e+01
2.625253295898437500e+02
1.670783386230468750e+02
2.295554161071777344e+01
1.049366607666015625e+02
1.358614654541015625e+02
1.768779296875000000e+02
8.027331352233886719e+00
3.723651504516601562e+01
1.558361663818359375e+02
1.728305358886718750e+02
9.874300003051757812e+00
4.109773635864257812e+01
3.639880371093750000e+02
1.154154968261718750e+02
5.042958831787109375e+01
3.288887329101562500e+02
3.444415283203125000e+02
1.446199188232421875e+02
7.171764373779296875e+01
2.657281188964843750e+02
1.264674301147460938e+02
1.773969268798828125e+02
7.816543579101562500e+00
3.099956893920898438e+01
2.114132843017578125e+02
1.702863159179687500e+02
2.234012794494628906e+01
8.358067321777343750e+01
1.260630493164062500e+02
1.749382019042968750e+02
7.918334960937500000e+00
3.208084487915039062e+01
2.160409545898437500e+02
1.692483520507812500e+02
2.138511657714843750e+01
8.781932067871093750e+01
3.635481567382812500e+02
1.575381164550781250e+02
5.126108932495117188e+01
2.695720825195312500e+02
1.188195495605468750e+02
1.779392395019531250e+02
8.965373992919921875e+00
3.045373344421386719e+01
1.545466613769531250e+02
1.751559295654296875e+02
7.625277996063232422e+00
3.713793945312500000e+01
1.442451477050781250e+02
1.760727233886718750e+02
8.133285522460937500e+00
3.792145538330078125e+01
1.194382781982421875e+02
1.741774597167968750e+02
9.215544700622558594e+00
3.269136047363281250e+01
3.696741027832031250e+02
9.124630737304687500e+01
4.393407440185546875e+01
3.485317382812500000e+02
2.629049072265625000e+02
1.765073547363281250e+02
2.160301780700683594e+01
9.768418884277343750e+01
0.000000000000000000e+00
0.000000000000000000e+00
0.000000000000000000e+00
0.000000000000000000e+00
