2.789852600097656250e+02
1.647513427734375000e+02
2.969176864624023438e+01
1.074407806396484375e+02
3.629446411132812500e+02
1.688405456542968750e+02
5.057055664062500000e+01
1.839691162109375000e+02
3.647035522460937500e+02
1.598229370117187500e+02
4.757337570190429688e+01
1.847764587402343750e+02
2.753442993164062500e+02
1.655404663085937500e+02
3.673542022705078125e+01
1.044668884277343750e+02
1.734325714111328125e+02
1.757904663085937500e+02
1.550252056121826172e+01
8.016765594482421875e+01
1.075862350463867188e+02
1.749017486572265625e+02
1.169904232025146484e+01
4.211149978637695312e+01
1.585219116210937500e+02
1.817344360351562500e+02
1.106724262237548828e+01
4.636683654785156250e+01
3.513442077636718750e+02
1.610461425781250000e+02
2.899770355224609375e+01
1.491533966064453125e+02
-2.524108886718750000e-01
1.584093170166015625e+02
2.479048347473144531e+01
1.744778442382812500e+02
2.572773437500000000e+02
1.705098876953125000e+02
8.786421775817871094e+00
3.893734359741210938e+01
1.884278106689453125e+02
1.670219268798828125e+02
3.384679412841796875e+01
1.915470275878906250e+02
1.211750869750976562e+02
1.769675903320312500e+02
5.778010368347167969e+00
2.283731079101562500e+01
2.249676971435546875e+02
1.804459075927734375e+02
4.595005416870117188e+01
1.678753967285156250e+02
2.204833984375000000e+02
1.610296630859375000e+02
4.824959182739257812e+01
2.314405059814453125e+02
3.586703186035156250e+02
1.830325927734375000e+02
4.551697158813476562e+01
1.567202148437500000e+02
3.550303344726562500e+02
1.604521331787109375e+02
3.032882118225097656e+01
1.495836486816406250e+02
2.578333740234375000e+02
1.725560607910156250e+02
9.097334861755371094e+00
4.162351989746093750e+01
8.045911407470703125e+01
1.771504211425781250e+02
1.145628643035888672e+01
4.215431976318359375e+01
1.882722167968750000e+02
1.607561645507812500e+02
3.455841445922851562e+01
1.805558929443359375e+02
4.732704162597656250e-01
1.529684448242187500e+02
1.742943954467773438e+01
1.621339721679687500e+02
7.909753417968750000e+01
1.809833526611328125e+02
1.312786197662353516e+01
4.175889968872070312e+01
1.049839324951171875e+02
1.729852294921875000e+02
1.063008880615234375e+01
4.515647888183593750e+01
3.573922424316406250e+02
1.663194274902343750e+02
3.698665618896484375e+01
1.626818542480468750e+02
2.147921447753906250e+02
1.569880981445312500e+02
4.274853897094726562e+01
2.201181640625000000e+02
1.428913879394531250e+02
1.752649230957031250e+02
8.747238159179687500e+00
3.061395454406738281e+01
3.503661499023437500e+02
1.638573913574218750e+02
2.910290908813476562e+01
1.573507537841796875e+02
1.500617523193359375e+02
1.819832458496093750e+02
9.635922431945800781e+00
4.503031921386718750e+01
3.628149108886718750e+02
1.937381896972656250e+02
5.155143356323242188e+01
1.625642700195312500e+02
0.000000000000000000e+00
0.000000000000000000e+00
0.000000000000000000e+00
0.000000000000000000e+00
