1.423961791992187500e+02
1.682447967529296875e+02
2.344083786010742188e+01
1.169198074340820312e+02
1.664295959472656250e+02
1.762678070068359375e+02
1.747501182556152344e+01
8.879442596435546875e+01
1.159091339111328125e+02
1.666966857910156250e+02
3.279305648803710938e+01
1.520211791992187500e+02
1.148625564575195312e+02
1.663945922851562500e+02
3.359580993652343750e+01
1.404093475341796875e+02
1.441721191406250000e+02
1.708609313964843750e+02
2.181591033935546875e+01
1.022188034057617188e+02
2.720680847167968750e+02
1.697408905029296875e+02
7.897347450256347656e+00
4.043832397460937500e+01
2.164392089843750000e+02
1.724033203125000000e+02
8.807031631469726562e+00
3.135391807556152344e+01
1.103660049438476562e+02
1.665303802490234375e+02
3.178277206420898438e+01
1.373901977539062500e+02
3.636356201171875000e+02
1.672887268066406250e+02
2.285638427734375000e+01
6.547164916992187500e+01
1.647901153564453125e+02
1.805935974121093750e+02
1.803422737121582031e+01
9.076905822753906250e+01
1.665406341552734375e+02
1.768779296875000000e+02
2.015600967407226562e+01
8.590193176269531250e+01
2.318361358642578125e+02
1.744563903808593750e+02
1.186848354339599609e+01
4.295174407958984375e+01
0.000000000000000000e+00
0.000000000000000000e+00
0.000000000000000000e+00
0.000000000000000000e+00
