1.515451812744140625e+02
1.636689758300781250e+02
1.983259201049804688e+01
1.066179580688476562e+02
1.924207305908203125e+02
1.720971374511718750e+02
2.404370307922363281e+01
1.075290374755859375e+02
1.928512725830078125e+02
1.620126953125000000e+02
2.179321098327636719e+01
1.197777938842773438e+02
3.687814025878906250e+02
1.620767517089843750e+02
4.507303237915039062e+01
1.992083282470703125e+02
3.543833541870117188e+01
1.891905212402343750e+02
2.858016395568847656e+01
8.709495544433593750e+01
3.112039489746093750e+02
1.565949554443359375e+02
3.240289306640625000e+01
2.192021789550781250e+02
3.302358245849609375e+01
1.897666168212890625e+02
2.737919998168945312e+01
8.702016448974609375e+01
1.490196685791015625e+02
1.690783386230468750e+02
2.134304428100585938e+01
9.572636413574218750e+01
3.710311889648437500e+02
1.540816345214843750e+02
4.091304397583007812e+01
1.962279205322265625e+02
2.787197875976562500e+02
1.662958984375000000e+02
4.357081222534179688e+01
2.210006561279296875e+02
2.806546020507812500e+02
1.596570739746093750e+02
4.012596893310546875e+01
2.181488189697265625e+02
2.193976440429687500e+02
1.715694732666015625e+02
1.733831596374511719e+01
9.251923370361328125e+01
3.312278137207031250e+02
1.652808074951171875e+02
5.521128845214843750e+01
2.217696838378906250e+02
3.125265197753906250e+02
1.588091888427734375e+02
2.979880142211914062e+01
1.808368225097656250e+02
3.341522216796875000e+02
1.591890258789062500e+02
4.862912750244140625e+01
2.153327178955078125e+02
1.858366851806640625e+02
1.592283935546875000e+02
3.479891967773437500e+01
1.232819900512695312e+02
1.204734725952148438e+02
1.753348083496093750e+02
7.521407604217529297e+00
3.025836563110351562e+01
1.534870758056640625e+02
1.756832885742187500e+02
1.715376091003417969e+01
1.010049667358398438e+02
3.099084472656250000e+02
1.642756347656250000e+02
3.534042358398437500e+01
2.234850006103515625e+02
1.368021087646484375e+02
1.739106292724609375e+02
7.522405147552490234e+00
3.344293594360351562e+01
3.190568847656250000e+02
1.558720092773437500e+02
5.169509887695312500e+01
2.425211639404296875e+02
1.373411407470703125e+02
1.766078796386718750e+02
7.741864204406738281e+00
3.260494232177734375e+01
7.915851593017578125e+01
1.835973205566406250e+02
1.231001853942871094e+01
3.839431381225585938e+01
3.239230651855468750e+02
1.500045471191406250e+02
4.249517059326171875e+01
2.351412811279296875e+02
2.839100341796875000e+02
1.633870239257812500e+02
4.727857589721679688e+01
2.260136260986328125e+02
2.860653076171875000e+02
1.511199951171875000e+02
4.592781066894531250e+01
2.338113861083984375e+02
8.005569458007812500e+01
1.782015838623046875e+02
1.146381282806396484e+01
4.063053512573242188e+01
2.533784790039062500e+02
1.707109985351562500e+02
8.940121650695800781e+00
3.431755065917968750e+01
8.733251953125000000e+01
1.765743560791015625e+02
1.030664920806884766e+01
4.313366699218750000e+01
0.000000000000000000e+00
0.000000000000000000e+00
0.000000000000000000e+00
0.000000000000000000e+00
