1.682901458740234375e+02
1.724508819580078125e+02
2.739944267272949219e+01
8.933331298828125000e+01
3.420282287597656250e+02
1.423930664062500000e+02
3.739037704467773438e+01
2.498472442626953125e+02
3.397749328613281250e+02
1.543731994628906250e+02
3.898364639282226562e+01
2.470872650146484375e+02
3.102326049804687500e+02
1.576763153076171875e+02
4.397555923461914062e+01
2.475208435058593750e+02
1.434638977050781250e+02
1.764836730957031250e+02
1.039127254486083984e+01
4.030169677734375000e+01
2.127299194335937500e+02
1.702283477783203125e+02
2.572259140014648438e+01
1.117940444946289062e+02
2.360232543945312500e+02
1.715929565429687500e+02
1.809542274475097656e+01
8.786039733886718750e+01
1.932813873291015625e+02
1.697806549072265625e+02
2.125484466552734375e+01
9.619293975830078125e+01
3.741078186035156250e+02
1.657436828613281250e+02
4.114642333984375000e+01
1.973591308593750000e+02
2.089283599853515625e+02
1.683320159912109375e+02
3.516672897338867188e+01
1.152132263183593750e+02
1.532483215332031250e+02
1.765079040527343750e+02
7.944343566894531250e+00
3.398531341552734375e+01
1.200067367553710938e+02
1.739839477539062500e+02
8.071894645690917969e+00
3.224409484863281250e+01
3.163751831054687500e+02
1.612009887695312500e+02
4.999045944213867188e+01
2.399763183593750000e+02
3.736373596191406250e+02
1.821874237060546875e+02
4.183501052856445312e+01
1.911632995605468750e+02
2.005020751953125000e+02
1.597117156982421875e+02
3.775189590454101562e+01
1.233955307006835938e+02
2.075436401367187500e+02
1.765511016845703125e+02
2.765764045715332031e+01
9.942958831787109375e+01
2.079146423339843750e+02
1.642841186523437500e+02
3.804819488525390625e+01
1.139657516479492188e+02
2.009268493652343750e+02
1.697981262207031250e+02
3.947629547119140625e+01
1.120862579345703125e+02
3.099386291503906250e+02
1.781175537109375000e+02
4.427393341064453125e+01
2.249679107666015625e+02
1.538503570556640625e+02
1.741772766113281250e+02
7.472722053527832031e+00
3.316266250610351562e+01
2.156677703857421875e+02
1.723327178955078125e+02
2.447677230834960938e+01
9.535541534423828125e+01
7.970441436767578125e+01
1.791940765380859375e+02
1.211672878265380859e+01
3.901260375976562500e+01
7.898400878906250000e+01
1.815736846923828125e+02
1.296074771881103516e+01
4.039005661010742188e+01
3.733172302246093750e+02
1.678286132812500000e+02
4.320670700073242188e+01
1.651033172607421875e+02
0.000000000000000000e+00
0.000000000000000000e+00
0.000000000000000000e+00
0.000000000000000000e+00
