1.740205841064453125e+02
1.711038970947265625e+02
2.536845588684082031e+01
9.117056274414062500e+01
3.226644897460937500e+02
1.587309265136718750e+02
4.824650573730468750e+01
2.469276733398437500e+02
3.768143920898437500e+02
1.480971679687500000e+02
3.866868972778320312e+01
2.664569091796875000e+02
1.412248992919921875e+02
1.748492431640625000e+02
1.009519481658935547e+01
4.107617950439453125e+01
2.198412322998046875e+02
1.728491363525390625e+02
2.620706558227539062e+01
1.072152328491210938e+02
3.198248291015625000e+02
1.710097351074218750e+02
5.269870758056640625e+01
2.395146636962890625e+02
3.342284545898437500e+02
1.621849670410156250e+02
5.060627746582031250e+01
2.383254852294921875e+02
2.205813140869140625e+02
1.737835845947265625e+02
2.513361358642578125e+01
9.337464141845703125e+01
2.412756042480468750e+02
1.687468109130859375e+02
1.497649192810058594e+01
9.331021881103515625e+01
1.533121795654296875e+02
1.735225830078125000e+02
8.367367744445800781e+00
3.486543655395507812e+01
2.000211486816406250e+02
1.691168212890625000e+02
2.293857765197753906e+01
9.638483428955078125e+01
3.782251892089843750e+02
1.411043548583984375e+02
3.667681884765625000e+01
2.523541564941406250e+02
3.875235900878906250e+02
1.508803100585937500e+02
2.786451530456542969e+01
2.605367431640625000e+02
2.129518737792968750e+02
1.709865112304687500e+02
3.723825836181640625e+01
1.102669067382812500e+02
1.537188720703125000e+02
1.762698516845703125e+02
8.874876976013183594e+00
3.312663650512695312e+01
2.127341613769531250e+02
1.656491241455078125e+02
3.892143630981445312e+01
1.115897445678710938e+02
3.753858642578125000e+02
1.506068878173828125e+02
4.088352584838867188e+01
2.823321838378906250e+02
3.537455444335937500e+02
1.555365905761718750e+02
3.961222839355468750e+01
2.496645660400390625e+02
3.342934265136718750e+02
1.784126281738281250e+02
4.887183761596679688e+01
2.246955718994140625e+02
7.918402099609375000e+01
1.823691101074218750e+02
1.303122711181640625e+01
3.995927429199218750e+01
3.531042785644531250e+02
1.534089660644531250e+02
3.835779571533203125e+01
2.271703643798828125e+02
0.000000000000000000e+00
0.000000000000000000e+00
0.000000000000000000e+00
0.000000000000000000e+00
