2.638313903808593750e+02
1.670147705078125000e+02
3.075504875183105469e+01
1.422365264892578125e+02
2.631326293945312500e+02
1.748356933593750000e+02
3.248940658569335938e+01
1.350860137939453125e+02
1.638602447509765625e+02
1.645562744140625000e+02
3.447149658203125000e+01
1.731681976318359375e+02
1.377834472656250000e+02
1.766626892089843750e+02
1.802766418457031250e+01
6.842771911621093750e+01
1.892792510986328125e+02
1.693697357177734375e+02
5.039055633544921875e+01
2.208512268066406250e+02
1.896992034912109375e+02
1.838764038085937500e+02
5.076955032348632812e+01
2.183505249023437500e+02
1.648074035644531250e+02
1.753529052734375000e+02
3.412511825561523438e+01
1.654686126708984375e+02
1.092688140869140625e+02
1.739868774414062500e+02
1.046444416046142578e+01
4.383421707153320312e+01
2.382561492919921875e+02
1.681294555664062500e+02
9.822200775146484375e+00
4.400885009765625000e+01
1.383651123046875000e+02
1.722874450683593750e+02
1.721900749206542969e+01
6.907185363769531250e+01
2.644043579101562500e+02
1.860312805175781250e+02
2.943286514282226562e+01
1.150177078247070312e+02
1.905988464355468750e+02
1.677012329101562500e+02
4.631800842285156250e+01
1.945836181640625000e+02
1.285078125000000000e+02
1.786644744873046875e+02
5.947045803070068359e+00
2.072515487670898438e+01
1.217674484252929688e+02
1.774776916503906250e+02
6.186098575592041016e+00
2.274040222167968750e+01
8.883639526367187500e+01
1.774306335449218750e+02
1.030540847778320312e+01
4.257626342773437500e+01
8.779773712158203125e+01
1.814486236572265625e+02
1.159621715545654297e+01
4.087868499755859375e+01
1.018792037963867188e+02
1.746606445312500000e+02
8.960012435913085938e+00
4.290378952026367188e+01
1.952141876220703125e+02
1.610523071289062500e+02
4.086079025268554688e+01
1.762221221923828125e+02
1.417913360595703125e+02
1.797567443847656250e+02
1.259047126770019531e+01
6.177228927612304688e+01
2.374727172851562500e+02
1.717845306396484375e+02
9.688226699829101562e+00
4.305499267578125000e+01
2.485958862304687500e+02
1.671340637207031250e+02
7.179096221923828125e+00
4.007172393798828125e+01
0.000000000000000000e+00
0.000000000000000000e+00
0.000000000000000000e+00
0.000000000000000000e+00
