3.544822692871093750e+02
1.608184204101562500e+02
5.470035171508789062e+01
1.640489807128906250e+02
3.549313049316406250e+02
1.638245239257812500e+02
5.205129241943359375e+01
1.473345794677734375e+02
1.288479309082031250e+02
1.678052978515625000e+02
2.627240943908691406e+01
1.067309265136718750e+02
1.028795318603515625e+02
1.676456146240234375e+02
2.559067535400390625e+01
1.215486679077148438e+02
3.579588623046875000e+02
1.616074371337890625e+02
5.793083953857421875e+01
1.643493957519531250e+02
9.923479461669921875e+01
1.668102722167968750e+02
3.222575378417968750e+01
1.224933242797851562e+02
1.284635162353515625e+02
1.758962249755859375e+02
2.670883369445800781e+01
9.964771270751953125e+01
3.635654907226562500e+02
1.630736694335937500e+02
4.860284042358398438e+01
1.463632049560546875e+02
3.168041381835937500e+02
1.699044494628906250e+02
1.140953922271728516e+01
4.631282043457031250e+01
3.170123596191406250e+02
1.669848175048828125e+02
1.062015438079833984e+01
4.738888549804687500e+01
2.720466003417968750e+02
1.680263366699218750e+02
7.717778682708740234e+00
4.154878616333007812e+01
9.346076965332031250e+01
1.701128845214843750e+02
3.497589492797851562e+01
1.193780975341796875e+02
3.981680297851562500e+02
1.610570983886718750e+02
1.720008468627929688e+01
1.454333190917968750e+02
1.050341720581054688e+02
1.762818603515625000e+02
2.282204627990722656e+01
8.653663635253906250e+01
1.520665740966796875e+02
1.797374877929687500e+02
1.041597175598144531e+01
4.613500595092773438e+01
1.397264862060546875e+02
1.727357940673828125e+02
2.269582366943359375e+01
8.941103363037109375e+01
1.575338134765625000e+02
1.779488220214843750e+02
7.883367538452148438e+00
4.771574401855468750e+01
1.577257690429687500e+02
1.762886657714843750e+02
8.240384101867675781e+00
4.419230270385742188e+01
1.746666259765625000e+02
1.795847778320312500e+02
8.392953872680664062e+00
3.230388641357421875e+01
0.000000000000000000e+00
0.000000000000000000e+00
0.000000000000000000e+00
0.000000000000000000e+00
