1.551560058593750000e+02
1.749030456542968750e+02
1.756123161315917969e+01
7.651735687255859375e+01
2.123762969970703125e+02
1.610018615722656250e+02
4.107703781127929688e+01
2.340782012939453125e+02
1.764709777832031250e+02
1.691220397949218750e+02
3.947069168090820312e+01
1.863594207763671875e+02
3.213659973144531250e+02
1.666953887939453125e+02
3.339974212646484375e+01
1.596168518066406250e+02
1.088285522460937500e+02
1.743439788818359375e+02
1.016954231262207031e+01
4.228866195678710938e+01
2.137093963623046875e+02
1.558709106445312500e+02
3.753011322021484375e+01
2.219488983154296875e+02
1.214414596557617188e+02
1.773109130859375000e+02
5.524384498596191406e+00
2.304808425903320312e+01
2.488957366943359375e+02
1.674760437011718750e+02
1.012066268920898438e+01
4.539287948608398438e+01
3.180027160644531250e+02
1.694782104492187500e+02
3.273477935791015625e+01
1.533251495361328125e+02
3.622161865234375000e+02
1.690726623535156250e+02
2.271844482421875000e+01
5.874591827392578125e+01
2.910319519042968750e+02
1.700755920410156250e+02
7.615241527557373047e+00
4.070130157470703125e+01
1.289384155273437500e+02
1.781539001464843750e+02
4.930781364440917969e+00
2.005339050292968750e+01
3.205389709472656250e+02
1.647966613769531250e+02
3.436732101440429688e+01
1.456711273193359375e+02
2.489081726074218750e+02
1.677006072998046875e+02
1.004287815093994141e+01
5.169899749755859375e+01
2.927450866699218750e+02
1.734552459716796875e+02
7.936761379241943359e+00
3.890863037109375000e+01
8.463896942138671875e+01
1.756763305664062500e+02
1.029697608947753906e+01
4.361729812622070312e+01
2.405711517333984375e+02
1.670465393066406250e+02
1.562789249420166016e+01
6.568264770507812500e+01
2.916202697753906250e+02
1.735802307128906250e+02
7.361598968505859375e+00
3.854708099365234375e+01
1.370786437988281250e+02
1.767705841064453125e+02
4.874636650085449219e+00
2.170891952514648438e+01
2.929330749511718750e+02
1.695111846923828125e+02
8.241092681884765625e+00
4.254348754882812500e+01
2.120039672851562500e+02
1.851116027832031250e+02
4.239590835571289062e+01
2.112315063476562500e+02
1.774448242187500000e+02
1.594933624267578125e+02
3.752647399902343750e+01
1.873130493164062500e+02
3.174038085937500000e+02
1.652746124267578125e+02
3.212075042724609375e+01
1.424327392578125000e+02
0.000000000000000000e+00
0.000000000000000000e+00
0.000000000000000000e+00
0.000000000000000000e+00
