3.730420684814453125e+01
1.541278076171875000e+02
3.520838165283203125e+01
1.624534301757812500e+02
1.900953369140625000e+02
1.603090515136718750e+02
4.107133483886718750e+01
2.054143676757812500e+02
2.265581665039062500e+02
1.546417694091796875e+02
4.825448608398437500e+01
2.423963317871093750e+02
2.287921142578125000e+02
1.532207489013671875e+02
4.425956726074218750e+01
2.249331359863281250e+02
3.170218811035156250e+02
1.683626251220703125e+02
9.954521179199218750e+00
4.330267333984375000e+01
1.583724975585937500e+02
1.795759277343750000e+02
1.055615615844726562e+01
4.923017120361328125e+01
1.046814193725585938e+02
1.743660583496093750e+02
1.072723293304443359e+01
4.251359558105468750e+01
3.634178466796875000e+02
1.676574554443359375e+02
2.161872482299804688e+01
7.094747161865234375e+01
3.896283569335937500e+02
1.531559753417968750e+02
2.582704544067382812e+01
1.850154418945312500e+02
3.816535949707031250e+01
1.610786437988281250e+02
3.593292236328125000e+01
1.617739868164062500e+02
8.012437438964843750e+01
1.779463500976562500e+02
1.158749294281005859e+01
4.150734710693359375e+01
7.941910552978515625e+01
1.795963134765625000e+02
1.260362815856933594e+01
4.374976348876953125e+01
1.874097442626953125e+02
1.671688385009765625e+02
3.833353042602539062e+01
1.913282775878906250e+02
3.914367370605468750e+02
1.382934875488281250e+02
2.373433685302734375e+01
1.961138305664062500e+02
1.211061248779296875e+02
1.762623596191406250e+02
5.996515750885009766e+00
2.201601982116699219e+01
3.168424377441406250e+02
1.711996154785156250e+02
9.852360725402832031e+00
4.311216735839843750e+01
1.497286987304687500e+02
1.808422546386718750e+02
1.004647541046142578e+01
4.694647598266601562e+01
1.894475860595703125e+02
1.448095245361328125e+02
4.298477172851562500e+01
2.163936462402343750e+02
2.566586608886718750e+02
1.683297729492187500e+02
1.733496093750000000e+01
6.721331787109375000e+01
1.150934371948242188e+02
1.768550415039062500e+02
5.510000705718994141e+00
2.038845252990722656e+01
0.000000000000000000e+00
0.000000000000000000e+00
0.000000000000000000e+00
0.000000000000000000e+00
