1.680651245117187500e+02
1.656165008544921875e+02
3.071299934387207031e+01
1.399529724121093750e+02
1.251162261962890625e+02
1.584757385253906250e+02
4.649642181396484375e+01
2.045347900390625000e+02
2.496192169189453125e+02
1.735827026367187500e+02
1.081452465057373047e+01
3.967343902587890625e+01
1.996436157226562500e+02
1.702138671875000000e+02
2.271754074096679688e+01
1.171069869995117188e+02
1.711699523925781250e+02
1.671273803710937500e+02
2.427971649169921875e+01
1.355022888183593750e+02
2.164807281494140625e+02
1.677272033691406250e+02
1.977188873291015625e+01
1.018066406250000000e+02
1.285252227783203125e+02
1.610611572265625000e+02
4.360639190673828125e+01
1.790502929687500000e+02
1.234946365356445312e+02
1.743331909179687500e+02
1.257967281341552734e+01
6.080531311035156250e+01
2.493677825927734375e+02
1.702947235107421875e+02
1.029955387115478516e+01
4.182321929931640625e+01
1.095227966308593750e+02
1.740739135742187500e+02
1.024216938018798828e+01
4.218343734741210938e+01
1.026285476684570312e+02
1.761395721435546875e+02
9.121896743774414062e+00
4.126620483398437500e+01
1.668999633789062500e+02
1.651673583984375000e+02
3.096632385253906250e+01
1.525561981201171875e+02
2.506853485107421875e+02
1.747815246582031250e+02
1.144271469116210938e+01
3.742853927612304688e+01
2.063737182617187500e+02
1.705028381347656250e+02
1.927287673950195312e+01
1.000313568115234375e+02
1.952069702148437500e+02
1.675964508056640625e+02
3.492622756958007812e+01
1.217018051147460938e+02
3.628623046875000000e+02
1.682080535888671875e+02
2.294770622253417969e+01
6.258902740478515625e+01
0.000000000000000000e+00
0.000000000000000000e+00
0.000000000000000000e+00
0.000000000000000000e+00
