1.437031097412109375e+02
1.679830627441406250e+02
2.258371162414550781e+01
1.186214294433593750e+02
1.662714538574218750e+02
1.750973510742187500e+02
1.823328208923339844e+01
9.002452850341796875e+01
1.168685684204101562e+02
1.680435180664062500e+02
3.222880554199218750e+01
1.488328094482421875e+02
1.163039169311523438e+02
1.655769348144531250e+02
3.233588790893554688e+01
1.431796112060546875e+02
2.704308471679687500e+02
1.698936157226562500e+02
8.190409660339355469e+00
4.000213623046875000e+01
1.456930999755859375e+02
1.712900390625000000e+02
2.084922409057617188e+01
9.971125793457031250e+01
1.664776916503906250e+02
1.745171661376953125e+02
2.014766311645507812e+01
8.937811279296875000e+01
3.637672119140625000e+02
1.671738891601562500e+02
2.250892639160156250e+01
6.282369995117187500e+01
2.164778747558593750e+02
1.734889678955078125e+02
8.949269294738769531e+00
3.058905601501464844e+01
1.643892974853515625e+02
1.818555603027343750e+02
1.877146148681640625e+01
8.978706359863281250e+01
2.321158905029296875e+02
1.751787109375000000e+02
1.136377239227294922e+01
4.187646102905273438e+01
1.097388305664062500e+02
1.664696350097656250e+02
3.264171218872070312e+01
1.362406768798828125e+02
2.353879547119140625e+02
1.723993377685546875e+02
1.127132606506347656e+01
4.453934478759765625e+01
2.015042266845703125e+02
1.682559967041015625e+02
9.024387359619140625e+00
3.557530975341796875e+01
0.000000000000000000e+00
0.000000000000000000e+00
0.000000000000000000e+00
0.000000000000000000e+00
