2.057175598144531250e+02
1.726062927246093750e+02
2.577575302124023438e+01
8.447493743896484375e+01
2.522108459472656250e+02
1.725127868652343750e+02
2.713746070861816406e+01
9.684830474853515625e+01
1.374292297363281250e+02
1.765590209960937500e+02
8.539519309997558594e+00
3.767087173461914062e+01
2.511424865722656250e+02
1.747838439941406250e+02
2.915491485595703125e+01
1.014488983154296875e+02
3.672078247070312500e+02
1.551820220947265625e+02
4.747908020019531250e+01
2.739603576660156250e+02
3.690241394042968750e+02
1.480490112304687500e+02
4.572200393676757812e+01
2.681004638671875000e+02
2.468115692138671875e+02
1.652789916992187500e+02
3.718613815307617188e+01
1.120366363525390625e+02
1.540401458740234375e+02
1.757342681884765625e+02
7.829664230346679688e+00
3.574670028686523438e+01
1.558335113525390625e+02
1.745149383544921875e+02
9.680544853210449219e+00
3.846093368530273438e+01
3.423185119628906250e+02
1.527258911132812500e+02
7.571397399902343750e+01
2.605058593750000000e+02
2.251869659423828125e+02
1.715488891601562500e+02
2.381767082214355469e+01
8.617326354980468750e+01
2.455423583984375000e+02
1.731916809082031250e+02
3.808690261840820312e+01
1.039981231689453125e+02
1.268410873413085938e+02
1.750372467041015625e+02
7.728013515472412109e+00
3.144370841979980469e+01
1.267470626831054688e+02
1.776652526855468750e+02
7.525564193725585938e+00
3.050351524353027344e+01
1.181329650878906250e+02
1.783754730224609375e+02
8.911014556884765625e+00
2.983321762084960938e+01
3.447386169433593750e+02
1.650849304199218750e+02
7.045021057128906250e+01
2.518965454101562500e+02
1.182703399658203125e+02
1.744779052734375000e+02
9.724457740783691406e+00
3.183873367309570312e+01
8.012008666992187500e+01
1.854719390869140625e+02
1.122297000885009766e+01
3.699758911132812500e+01
0.000000000000000000e+00
0.000000000000000000e+00
0.000000000000000000e+00
0.000000000000000000e+00
