9.954659271240234375e+01
1.682953186035156250e+02
3.124622917175292969e+01
1.267925567626953125e+02
1.028463821411132812e+02
1.703683929443359375e+02
2.567894363403320312e+01
1.231419754028320312e+02
3.795752868652343750e+02
1.548082885742187500e+02
3.472378158569335938e+01
1.776652069091796875e+02
3.801330261230468750e+02
1.473260192871093750e+02
3.430710983276367188e+01
1.783804626464843750e+02
1.303215942382812500e+02
1.671815643310546875e+02
2.365182113647460938e+01
1.054250488281250000e+02
1.383509216308593750e+02
1.724086914062500000e+02
2.233730697631835938e+01
8.914824676513671875e+01
2.724949035644531250e+02
1.669005584716796875e+02
8.824560165405273438e+00
4.344345474243164062e+01
1.295493774414062500e+02
1.815533752441406250e+02
2.555241012573242188e+01
9.056675720214843750e+01
3.638284301757812500e+02
1.642579040527343750e+02
2.114432334899902344e+01
7.752571105957031250e+01
3.226870727539062500e+02
1.666755523681640625e+02
7.995315074920654297e+00
4.481605911254882812e+01
1.581615142822265625e+02
1.750726165771484375e+02
8.533492088317871094e+00
4.208859252929687500e+01
9.436506652832031250e+01
1.715632629394531250e+02
3.340948486328125000e+01
1.253635101318359375e+02
3.876755065917968750e+02
1.540198974609375000e+02
2.709913825988769531e+01
1.811737060546875000e+02
1.053000869750976562e+02
1.770589904785156250e+02
2.258127403259277344e+01
8.445389556884765625e+01
1.354954681396484375e+02
1.857980346679687500e+02
2.310500717163085938e+01
8.616001892089843750e+01
3.865494079589843750e+02
1.449547882080078125e+02
2.914787673950195312e+01
1.812675781250000000e+02
0.000000000000000000e+00
0.000000000000000000e+00
0.000000000000000000e+00
0.000000000000000000e+00
