3.631828002929687500e+02
1.572613677978515625e+02
5.144809722900390625e+01
2.674383239746093750e+02
3.652140808105468750e+02
1.552825164794921875e+02
4.856072235107421875e+01
2.558218078613281250e+02
2.494399261474609375e+02
1.675987548828125000e+02
2.676876449584960938e+01
1.075217132568359375e+02
2.225630187988281250e+02
1.669646911621093750e+02
2.424755859375000000e+01
9.940144348144531250e+01
2.041882019042968750e+02
1.694361114501953125e+02
2.447562789916992188e+01
8.773155975341796875e+01
2.493552551269531250e+02
1.705456085205078125e+02
2.805156517028808594e+01
1.095982437133789062e+02
2.445756988525390625e+02
1.640021362304687500e+02
3.491415786743164062e+01
1.150572967529296875e+02
1.378023834228515625e+02
1.757925872802734375e+02
8.521144866943359375e+00
3.898482131958007812e+01
1.544134368896484375e+02
1.747125854492187500e+02
7.810781478881835938e+00
3.807661056518554688e+01
2.446003723144531250e+02
1.705601654052734375e+02
3.547087478637695312e+01
1.097253723144531250e+02
1.184663467407226562e+02
1.789271545410156250e+02
8.850615501403808594e+00
2.908268928527832031e+01
1.541071472167968750e+02
1.712519836425781250e+02
7.300644397735595703e+00
3.862876129150390625e+01
1.266144485473632812e+02
1.781112213134765625e+02
7.839400768280029297e+00
2.962719345092773438e+01
1.433705444335937500e+02
1.749539489746093750e+02
7.236927986145019531e+00
3.882344818115234375e+01
1.263624877929687500e+02
1.757704925537109375e+02
8.139396667480468750e+00
3.028171348571777344e+01
2.041513366699218750e+02
1.695039367675781250e+02
2.337742233276367188e+01
6.954640960693359375e+01
3.583859558105468750e+02
1.632630004882812500e+02
4.803310394287109375e+01
2.404343872070312500e+02
8.805831909179687500e+01
1.761978302001953125e+02
1.243991565704345703e+01
4.382403564453125000e+01
0.000000000000000000e+00
0.000000000000000000e+00
0.000000000000000000e+00
0.000000000000000000e+00
