2.981686096191406250e+02
1.697792358398437500e+02
3.839011383056640625e+01
1.531137847900390625e+02
3.509541931152343750e+02
1.682918395996093750e+02
2.477932929992675781e+01
1.193176574707031250e+02
2.989568176269531250e+02
1.664780273437500000e+02
4.438965606689453125e+01
1.611168823242187500e+02
2.087760772705078125e+02
1.611422729492187500e+02
4.583340072631835938e+01
2.339503021240234375e+02
1.460085296630859375e+02
1.731729278564453125e+02
2.015793800354003906e+01
6.521435546875000000e+01
1.090501632690429688e+02
1.747405090332031250e+02
1.156071090698242188e+01
4.212870407104492188e+01
1.463348541259765625e+02
1.789367218017578125e+02
1.982363700866699219e+01
6.200159835815429688e+01
2.987817993164062500e+02
1.621373596191406250e+02
3.567658233642578125e+01
1.500109405517578125e+02
1.752232055664062500e+02
1.664547729492187500e+02
3.993604278564453125e+01
1.907208862304687500e+02
2.105327911376953125e+02
1.740322113037109375e+02
4.315852737426757812e+01
1.841245422363281250e+02
8.566413116455078125e+01
1.776295776367187500e+02
1.069629096984863281e+01
4.123213195800781250e+01
1.693037719726562500e+02
1.675261383056640625e+02
4.045483398437500000e+01
1.882441101074218750e+02
3.479754028320312500e+02
1.640179138183593750e+02
3.145186614990234375e+01
1.248434829711914062e+02
1.213545837402343750e+02
1.771121673583984375e+02
5.397523880004882812e+00
2.209976196289062500e+01
2.362887115478515625e+02
1.671036834716796875e+02
1.700251197814941406e+01
6.940428924560546875e+01
2.970013122558593750e+02
1.931604919433593750e+02
4.073283386230468750e+01
1.296903686523437500e+02
1.370770568847656250e+02
1.772289886474609375e+02
4.718580722808837891e+00
2.067419242858886719e+01
1.292552490234375000e+02
1.785748138427734375e+02
4.881027221679687500e+00
1.953493690490722656e+01
3.465825805664062500e+02
1.558787536621093750e+02
3.338451385498046875e+01
1.305495758056640625e+02
3.972367248535156250e+02
1.785047149658203125e+02
1.724859619140625000e+01
7.323255157470703125e+01
8.468680572509765625e+01
1.814006500244140625e+02
1.228502464294433594e+01
4.026407623291015625e+01
2.086292114257812500e+02
1.709537658691406250e+02
4.531876754760742188e+01
2.415126800537109375e+02
1.748603057861328125e+02
1.613528442382812500e+02
4.123283004760742188e+01
1.814644927978515625e+02
1.687445983886718750e+02
1.609040985107421875e+02
4.096665191650390625e+01
1.823268432617187500e+02
3.497223205566406250e+02
1.641556701660156250e+02
2.389802932739257812e+01
1.139200668334960938e+02
0.000000000000000000e+00
0.000000000000000000e+00
0.000000000000000000e+00
0.000000000000000000e+00
