3.536386718750000000e+02
1.596282043457031250e+02
5.024996948242187500e+01
1.677002258300781250e+02
1.288766937255859375e+02
1.688233642578125000e+02
2.633356857299804688e+01
1.051976776123046875e+02
3.527147521972656250e+02
1.617132873535156250e+02
4.927024078369140625e+01
1.520332183837890625e+02
1.036424942016601562e+02
1.677514343261718750e+02
2.493259048461914062e+01
1.200056381225585938e+02
9.902574920654296875e+01
1.667491912841796875e+02
3.279828262329101562e+01
1.218137435913085938e+02
3.166776733398437500e+02
1.657764129638671875e+02
1.064840602874755859e+01
4.924087905883789062e+01
1.279498138427734375e+02
1.753280639648437500e+02
2.675661468505859375e+01
1.004239807128906250e+02
2.715342407226562500e+02
1.691886901855468750e+02
7.616681098937988281e+00
3.966547775268554688e+01
3.956042480468750000e+02
1.684182434082031250e+02
2.115029907226562500e+01
1.320230865478515625e+02
9.332946014404296875e+01
1.696436004638671875e+02
3.502441787719726562e+01
1.205858535766601562e+02
3.168795776367187500e+02
1.694872589111328125e+02
1.033034992218017578e+01
4.629283523559570312e+01
3.889653015136718750e+02
1.553886413574218750e+02
2.866852760314941406e+01
1.588332061767578125e+02
1.405490722656250000e+02
1.706124572753906250e+02
2.221032142639160156e+01
9.204893493652343750e+01
1.065376281738281250e+02
1.737149047851562500e+02
2.210479354858398438e+01
9.322956085205078125e+01
1.566174011230468750e+02
1.791746063232421875e+02
8.909072875976562500e+00
4.558303070068359375e+01
1.567722015380859375e+02
1.766960906982421875e+02
9.158215522766113281e+00
4.343288040161132812e+01
1.222803573608398438e+02
1.682056579589843750e+02
3.685966491699218750e+01
1.073597564697265625e+02
3.893209533691406250e+02
1.604871520996093750e+02
2.764552307128906250e+01
1.657595672607421875e+02
1.521589355468750000e+02
1.839680328369140625e+02
1.031173324584960938e+01
3.934022140502929688e+01
1.748025207519531250e+02
1.801679687500000000e+02
8.723556518554687500e+00
3.133164978027343750e+01
0.000000000000000000e+00
0.000000000000000000e+00
0.000000000000000000e+00
0.000000000000000000e+00
