2.447796783447265625e+02
1.635139465332031250e+02
2.534373092651367188e+01
1.096979827880859375e+02
2.170189666748046875e+02
1.713640441894531250e+02
2.698102760314941406e+01
9.358045196533203125e+01
1.377168121337890625e+02
1.764644317626953125e+02
9.605222702026367188e+00
3.930495834350585938e+01
3.547703552246093750e+02
1.528633575439453125e+02
5.323250579833984375e+01
2.609751281738281250e+02
2.421371459960937500e+02
1.708679809570312500e+02
2.553473281860351562e+01
9.492041015625000000e+01
2.008344268798828125e+02
1.701531372070312500e+02
2.108870315551757812e+01
8.992044067382812500e+01
3.630092468261718750e+02
1.450710449218750000e+02
5.226893997192382812e+01
2.759740600585937500e+02
3.534724121093750000e+02
1.590366363525390625e+02
5.613898468017578125e+01
2.637160339355468750e+02
1.540776214599609375e+02
1.723790893554687500e+02
8.064013481140136719e+00
3.662253952026367188e+01
1.540910949707031250e+02
1.749646911621093750e+02
8.919850349426269531e+00
3.653326034545898438e+01
2.420870361328125000e+02
1.575466003417968750e+02
3.210180664062500000e+01
1.201584625244140625e+02
1.192296752929687500e+02
1.731229248046875000e+02
8.668769836425781250e+00
3.374151611328125000e+01
2.459799957275390625e+02
1.747738037109375000e+02
2.269510650634765625e+01
1.021906433105468750e+02
3.638297119140625000e+02
1.523992004394531250e+02
5.160592651367187500e+01
2.770346679687500000e+02
1.257020721435546875e+02
1.747418060302734375e+02
7.912631988525390625e+00
3.141818809509277344e+01
1.420267639160156250e+02
1.760285186767578125e+02
8.314335823059082031e+00
3.775606536865234375e+01
2.010512695312500000e+02
1.700483703613281250e+02
1.919688987731933594e+01
6.786659240722656250e+01
3.932108154296875000e+02
1.401747741699218750e+02
2.213469314575195312e+01
2.788864746093750000e+02
7.970510101318359375e+01
1.847329101562500000e+02
1.278865242004394531e+01
3.687752151489257812e+01
2.094127044677734375e+02
1.635598144531250000e+02
4.061577224731445312e+01
1.058332061767578125e+02
0.000000000000000000e+00
0.000000000000000000e+00
0.000000000000000000e+00
0.000000000000000000e+00
