1.738716125488281250e+02
1.623802490234375000e+02
3.302979278564453125e+01
1.477176971435546875e+02
1.759732208251953125e+02
1.616030273437500000e+02
3.506274032592773438e+01
1.501632537841796875e+02
2.093563537597656250e+02
1.713440246582031250e+02
2.525649642944335938e+01
1.202372894287109375e+02
1.226218643188476562e+02
1.706667785644531250e+02
1.680509376525878906e+01
6.725950622558593750e+01
1.246946258544921875e+02
1.735601196289062500e+02
1.258856391906738281e+01
6.375694656372070312e+01
1.741988220214843750e+02
1.676840820312500000e+02
3.259084701538085938e+01
1.484485626220703125e+02
1.770167541503906250e+02
1.683336639404296875e+02
3.337961196899414062e+01
1.469046936035156250e+02
2.089732971191406250e+02
1.684393310546875000e+02
3.664146423339843750e+01
1.241252288818359375e+02
1.092762832641601562e+02
1.743147277832031250e+02
9.644075393676757812e+00
4.384052276611328125e+01
1.338929290771484375e+02
1.631526794433593750e+02
4.474782180786132812e+01
2.007678375244140625e+02
2.219409790039062500e+02
1.713850708007812500e+02
2.278126335144042969e+01
1.145039215087890625e+02
2.485215301513671875e+02
1.693712158203125000e+02
9.190161705017089844e+00
4.254933166503906250e+01
2.261745300292968750e+02
1.706719360351562500e+02
2.038768768310546875e+01
9.937364196777343750e+01
2.044388885498046875e+02
1.696345062255859375e+02
3.405383682250976562e+01
1.252240371704101562e+02
2.474884643554687500e+02
1.736767883300781250e+02
9.937564849853515625e+00
3.910592651367187500e+01
9.752623748779296875e+01
1.846226959228515625e+02
9.185986518859863281e+00
3.515193557739257812e+01
9.798690032958984375e+01
1.795346832275390625e+02
8.543653488159179688e+00
3.681753921508789062e+01
2.527206115722656250e+02
1.684428405761718750e+02
9.703661918640136719e+00
4.449969100952148438e+01
1.058458633422851562e+02
1.763636169433593750e+02
7.955423831939697266e+00
4.044779586791992188e+01
1.392436065673828125e+02
1.642767181396484375e+02
4.648471450805664062e+01
1.991615905761718750e+02
2.089941406250000000e+02
1.757426452636718750e+02
2.223418998718261719e+01
8.618800354003906250e+01
3.979627990722656250e+02
1.521263275146484375e+02
1.658708572387695312e+01
9.779598999023437500e+01
0.000000000000000000e+00
0.000000000000000000e+00
0.000000000000000000e+00
0.000000000000000000e+00
