3.361417007446289062e+01
1.707790222167968750e+02
3.990897369384765625e+01
1.460168457031250000e+02
1.061203918457031250e+02
1.592478790283203125e+02
3.234749603271484375e+01
1.375231628417968750e+02
3.378918457031250000e+01
1.673940124511718750e+02
3.958052062988281250e+01
1.413865051269531250e+02
6.343568420410156250e+01
1.732772521972656250e+02
2.440449333190917969e+01
1.122951965332031250e+02
2.038473968505859375e+02
1.621000061035156250e+02
3.458730316162109375e+01
1.974616088867187500e+02
1.033017044067382812e+02
1.486580810546875000e+02
3.561189651489257812e+01
1.453777465820312500e+02
2.337729644775390625e+02
1.595724182128906250e+02
5.274906539916992188e+01
2.339500579833984375e+02
2.040173950195312500e+02
1.569324340820312500e+02
3.376514053344726562e+01
1.918083038330078125e+02
1.588862152099609375e+02
1.812662506103515625e+02
8.649265289306640625e+00
4.495156478881835938e+01
-1.196070671081542969e+00
1.829134674072265625e+02
2.020209121704101562e+01
1.248974914550781250e+02
2.380092468261718750e+02
1.617056121826171875e+02
4.995635604858398438e+01
2.090909118652343750e+02
1.499374847412109375e+02
1.821696624755859375e+02
9.179521560668945312e+00
4.245088958740234375e+01
-8.720688819885253906e-01
1.662115478515625000e+02
1.694346618652343750e+01
1.380439453125000000e+02
2.290996360778808594e+01
1.697367553710937500e+02
4.731204605102539062e+01
1.471051177978515625e+02
3.633164062500000000e+02
1.667642822265625000e+02
2.252531051635742188e+01
6.494816589355468750e+01
1.084681167602539062e+02
1.629039154052734375e+02
2.620056152343750000e+01
1.315261535644531250e+02
2.054430236816406250e+02
1.576007080078125000e+02
4.024132156372070312e+01
2.087542877197265625e+02
2.730062866210937500e+02
1.698543395996093750e+02
9.378884315490722656e+00
3.900281906127929688e+01
6.265131378173828125e+01
1.771719665527343750e+02
2.304029655456542969e+01
8.920014953613281250e+01
1.756272125244140625e+02
1.855431365966796875e+02
5.425267219543457031e+00
2.306424522399902344e+01
0.000000000000000000e+00
0.000000000000000000e+00
0.000000000000000000e+00
0.000000000000000000e+00
