1.398613739013671875e+02
1.658302459716796875e+02
2.458363151550292969e+01
1.040041580200195312e+02
3.494709777832031250e+02
1.574217529296875000e+02
3.210172653198242188e+01
1.556479492187500000e+02
1.733447418212890625e+02
1.717590026855468750e+02
2.732958221435546875e+01
1.086290740966796875e+02
3.499141845703125000e+02
1.627849121093750000e+02
3.083062934875488281e+01
1.600305023193359375e+02
2.587652282714843750e+02
1.671554870605468750e+02
4.224272918701171875e+01
2.234160308837890625e+02
2.029697113037109375e+02
1.705498962402343750e+02
1.863380813598632812e+01
8.909585571289062500e+01
2.891686096191406250e+02
1.537775878906250000e+02
7.774883270263671875e+01
2.580891723632812500e+02
3.521823425292968750e+02
1.581305541992187500e+02
3.455639266967773438e+01
1.533155517578125000e+02
1.749479217529296875e+02
1.653183288574218750e+02
2.362902641296386719e+01
1.130599594116210938e+02
1.207784042358398438e+02
1.737665405273437500e+02
8.215943336486816406e+00
3.155296325683593750e+01
1.577024536132812500e+02
1.726501312255859375e+02
9.488763809204101562e+00
4.695089721679687500e+01
2.928791809082031250e+02
1.603641052246093750e+02
7.541514587402343750e+01
2.604509887695312500e+02
1.682567749023437500e+02
1.621930541992187500e+02
3.533162689208984375e+01
1.184459686279296875e+02
2.574119567871093750e+02
1.841263732910156250e+02
4.504461288452148438e+01
2.131046752929687500e+02
1.685013427734375000e+02
1.698931579589843750e+02
3.590628814697265625e+01
1.123291244506835938e+02
3.051015319824218750e+02
1.559016265869140625e+02
5.061881256103515625e+01
2.495258483886718750e+02
6.254781723022460938e+01
2.020375518798828125e+02
2.909328651428222656e+01
5.604150772094726562e+01
2.612973327636718750e+02
1.619585876464843750e+02
3.752341842651367188e+01
2.130821990966796875e+02
1.407803497314453125e+02
1.804870300292968750e+02
2.354489707946777344e+01
9.190077209472656250e+01
2.920309448242187500e+02
1.581511840820312500e+02
3.535605239868164062e+01
2.455277252197265625e+02
2.375121917724609375e+02
1.713318939208984375e+02
1.169083213806152344e+01
6.268998336791992188e+01
-1.473102569580078125e-01
2.085918273925781250e+02
1.058108901977539062e+01
5.519193649291992188e+01
2.376747589111328125e+02
1.691400299072265625e+02
1.136407375335693359e+01
5.684568023681640625e+01
6.482304382324218750e+01
1.888766784667968750e+02
2.455104255676269531e+01
6.305948638916015625e+01
3.007777709960937500e+02
1.663984375000000000e+02
5.777762603759765625e+01
2.529369354248046875e+02
1.602700233459472656e+00
2.210497894287109375e+02
1.845497703552246094e+01
5.741120147705078125e+01
6.803463745117187500e+01
1.993535156250000000e+02
2.745072174072265625e+01
6.112814331054687500e+01
3.530216979980468750e+02
1.658645629882812500e+02
3.265578842163085938e+01
1.537795867919921875e+02
3.982868957519531250e+02
1.508341064453125000e+02
1.549499797821044922e+01
1.020322723388671875e+02
0.000000000000000000e+00
0.000000000000000000e+00
0.000000000000000000e+00
0.000000000000000000e+00
