2.631695861816406250e+02
1.667161254882812500e+02
2.873830986022949219e+01
1.421099243164062500e+02
2.625650939941406250e+02
1.717042236328125000e+02
2.971762275695800781e+01
1.395430450439453125e+02
1.642178955078125000e+02
1.663074645996093750e+02
3.319543457031250000e+01
1.689521484375000000e+02
1.373622436523437500e+02
1.769970703125000000e+02
1.856824493408203125e+01
6.784613037109375000e+01
1.865890045166015625e+02
1.747203521728515625e+02
5.226871109008789062e+01
2.098096618652343750e+02
1.089916610717773438e+02
1.732319641113281250e+02
1.060357570648193359e+01
4.469108200073242188e+01
1.865306396484375000e+02
1.853706970214843750e+02
5.334792327880859375e+01
2.146335906982421875e+02
1.649217529296875000e+02
1.760975646972656250e+02
3.322294616699218750e+01
1.638983764648437500e+02
2.636825256347656250e+02
1.833227996826171875e+02
2.836470031738281250e+01
1.189062728881835938e+02
1.386020660400390625e+02
1.724469146728515625e+02
1.707949829101562500e+01
6.863393402099609375e+01
1.888169708251953125e+02
1.663395690917968750e+02
4.763582611083984375e+01
1.987832794189453125e+02
8.781295013427734375e+01
1.809449157714843750e+02
1.163171577453613281e+01
4.160881042480468750e+01
8.848416900634765625e+01
1.772222747802734375e+02
1.076627731323242188e+01
4.315303421020507812e+01
2.386121215820312500e+02
1.679658203125000000e+02
9.025790214538574219e+00
4.432099151611328125e+01
2.660874328613281250e+02
1.783233184814453125e+02
2.393913650512695312e+01
1.155328369140625000e+02
1.286170043945312500e+02
1.783057708740234375e+02
6.188243865966796875e+00
2.112611198425292969e+01
1.215298004150390625e+02
1.771864166259765625e+02
6.304261684417724609e+00
2.253343009948730469e+01
1.339574737548828125e+02
1.772518615722656250e+02
1.877258491516113281e+01
6.637032318115234375e+01
1.020245895385742188e+02
1.743583221435546875e+02
9.090031623840332031e+00
4.308368301391601562e+01
3.620669250488281250e+02
1.674499816894531250e+02
2.434986686706542969e+01
6.825653076171875000e+01
1.938039245605468750e+02
1.604370117187500000e+02
4.136277389526367188e+01
1.777697296142578125e+02
1.417859191894531250e+02
1.797096862792968750e+02
1.259101772308349609e+01
6.163038253784179688e+01
2.319819641113281250e+02
1.738744812011718750e+02
9.713191986083984375e+00
4.545166015625000000e+01
0.000000000000000000e+00
0.000000000000000000e+00
0.000000000000000000e+00
0.000000000000000000e+00
