1.147379226684570312e+02
1.692849273681640625e+02
3.297441101074218750e+01
1.208306884765625000e+02
1.547754974365234375e+02
1.583555908203125000e+02
2.792659950256347656e+01
1.231142959594726562e+02
1.513392944335937500e+02
1.577288818359375000e+02
3.348379898071289062e+01
1.229580230712890625e+02
3.067033996582031250e+02
1.102408905029296875e+02
1.057191543579101562e+02
3.106911926269531250e+02
2.732658691406250000e+02
1.052899017333984375e+02
1.324336853027343750e+02
3.245929260253906250e+02
1.413679656982421875e+02
1.691726074218750000e+02
1.869436836242675781e+01
9.059303283691406250e+01
1.167658233642578125e+02
1.696470642089843750e+02
2.902814483642578125e+01
1.202614212036132812e+02
1.090608367919921875e+02
1.662805175781250000e+02
3.492041778564453125e+01
1.255838623046875000e+02
2.729577026367187500e+02
1.659629364013671875e+02
2.122404479980468750e+01
1.070675048828125000e+02
8.516895294189453125e+01
1.763269958496093750e+02
2.560270690917968750e+01
1.076442184448242188e+02
2.135205078125000000e+02
1.636154937744140625e+02
2.873913764953613281e+01
2.012001037597656250e+02
3.068876342773437500e+02
1.086022491455078125e+02
1.050834197998046875e+02
2.818476867675781250e+02
1.560923309326171875e+02
1.736809234619140625e+02
2.639174270629882812e+01
1.059512023925781250e+02
2.267801971435546875e+02
1.468621520996093750e+02
4.466207504272460938e+01
2.406625823974609375e+02
2.276360626220703125e+02
1.673611907958984375e+02
4.501391983032226562e+01
2.175918884277343750e+02
8.121512603759765625e+01
1.771649475097656250e+02
2.653203773498535156e+01
7.907203674316406250e+01
1.810107574462890625e+02
1.725251159667968750e+02
1.174986362457275391e+01
4.821627044677734375e+01
2.754171142578125000e+02
1.136512756347656250e+02
1.312693634033203125e+02
2.717860412597656250e+02
2.130162353515625000e+02
1.517770538330078125e+02
3.065266990661621094e+01
1.985312805175781250e+02
3.977603454589843750e+02
1.465146179199218750e+02
1.624523353576660156e+01
1.078213348388671875e+02
2.614738159179687500e+02
1.623395538330078125e+02
3.364220809936523438e+01
1.391292114257812500e+02
1.497080078125000000e+02
1.651046142578125000e+02
3.445940017700195312e+01
1.199499435424804688e+02
8.621450042724609375e+01
1.733158264160156250e+02
2.285206222534179688e+01
8.769238281250000000e+01
7.819435119628906250e+01
1.723513488769531250e+02
3.277483749389648438e+01
1.158238372802734375e+02
8.180668640136718750e+01
1.681651000976562500e+02
3.260841751098632812e+01
1.230552825927734375e+02
2.680672302246093750e+02
1.752392578125000000e+02
2.424289894104003906e+01
1.079497375488281250e+02
1.139654235839843750e+02
1.639329986572265625e+02
3.707357788085937500e+01
1.166492309570312500e+02
1.800851898193359375e+02
1.700539855957031250e+02
1.159487724304199219e+01
6.362608337402343750e+01
3.975084533691406250e+02
1.778587493896484375e+02
1.723192024230957031e+01
7.381491088867187500e+01
1.415515289306640625e+02
1.707272033691406250e+02
1.776199722290039062e+01
6.928160095214843750e+01
2.761612243652343750e+02
1.641755371093750000e+02
1.700383186340332031e+01
7.031941986083984375e+01
0.000000000000000000e+00
0.000000000000000000e+00
0.000000000000000000e+00
0.000000000000000000e+00
