1.620326538085937500e+02
1.748818969726562500e+02
2.065628814697265625e+01
8.970875549316406250e+01
1.385166473388671875e+02
1.664491882324218750e+02
2.471346664428710938e+01
1.204742279052734375e+02
1.401000671386718750e+02
1.751900939941406250e+02
2.275521087646484375e+01
9.250227355957031250e+01
2.729782714843750000e+02
1.694008178710937500e+02
8.433351516723632812e+00
3.962522506713867188e+01
3.636127014160156250e+02
1.676336364746093750e+02
2.296984291076660156e+01
6.646837615966796875e+01
1.320101776123046875e+02
1.683433990478515625e+02
3.730276489257812500e+01
1.173546752929687500e+02
2.167845001220703125e+02
1.732086334228515625e+02
8.547104835510253906e+00
2.974387741088867188e+01
1.103345870971679688e+02
1.898287658691406250e+02
2.266054153442382812e+01
7.921841430664062500e+01
1.083063812255859375e+02
1.664675750732421875e+02
3.292874526977539062e+01
1.355417480468750000e+02
1.607427673339843750e+02
1.850042266845703125e+02
1.943974304199218750e+01
8.176876831054687500e+01
3.982158813476562500e+02
1.486528015136718750e+02
1.650822448730468750e+01
1.044543838500976562e+02
3.977301025390625000e+02
1.790996093750000000e+02
1.722530364990234375e+01
7.205096435546875000e+01
1.157258071899414062e+02
1.681512603759765625e+02
3.653437423706054688e+01
1.319592895507812500e+02
0.000000000000000000e+00
0.000000000000000000e+00
0.000000000000000000e+00
0.000000000000000000e+00
