2.406264038085937500e+02
1.672011260986328125e+02
2.226335334777832031e+01
1.361705017089843750e+02
1.966537475585937500e+02
1.582937316894531250e+02
2.741069984436035156e+01
1.698030548095703125e+02
1.958451385498046875e+02
1.622486419677734375e+02
2.976464080810546875e+01
1.514608459472656250e+02
2.362767944335937500e+02
1.684644622802734375e+02
3.035673522949218750e+01
1.325450134277343750e+02
1.092837600708007812e+02
1.738557434082031250e+02
1.121041774749755859e+01
4.407890701293945312e+01
1.302318420410156250e+02
1.767556457519531250e+02
1.814629745483398438e+01
6.527610015869140625e+01
1.288497161865234375e+02
1.718752746582031250e+02
1.781185340881347656e+01
6.788737487792968750e+01
1.302128753662109375e+02
1.793228607177734375e+02
1.431417274475097656e+01
5.090494537353515625e+01
9.199774169921875000e+01
1.831597900390625000e+02
1.155954265594482422e+01
3.849626159667968750e+01
1.311688537597656250e+02
1.781179046630859375e+02
1.378127956390380859e+01
6.398022460937500000e+01
1.559697570800781250e+02
1.645854492187500000e+02
5.620465087890625000e+01
2.226183319091796875e+02
1.220234680175781250e+02
1.762083740234375000e+02
5.706977844238281250e+00
2.396717071533203125e+01
1.907958221435546875e+02
1.586150207519531250e+02
3.188638687133789062e+01
1.745422363281250000e+02
2.388300476074218750e+02
1.842765502929687500e+02
2.206138610839843750e+01
1.149586105346679688e+02
9.365370941162109375e+01
1.787730407714843750e+02
1.077793788909912109e+01
3.804925918579101562e+01
1.038579406738281250e+02
1.753201141357421875e+02
7.139036655426025391e+00
4.117588424682617188e+01
2.260335693359375000e+02
1.699710388183593750e+02
1.016553592681884766e+01
3.838557434082031250e+01
3.630053710937500000e+02
1.684262390136718750e+02
2.386919975280761719e+01
6.627985382080078125e+01
2.511016082763671875e+02
1.689732971191406250e+02
1.840663528442382812e+01
1.175664062500000000e+02
1.537063903808593750e+02
1.438244934082031250e+02
5.444047546386718750e+01
2.445229949951171875e+02
0.000000000000000000e+00
0.000000000000000000e+00
0.000000000000000000e+00
0.000000000000000000e+00
