1.865295562744140625e+02
1.741501770019531250e+02
2.774495315551757812e+01
1.120754241943359375e+02
1.648397979736328125e+02
1.665570068359375000e+02
2.540759658813476562e+01
1.308805084228515625e+02
1.641534423828125000e+02
1.666585998535156250e+02
2.791839599609375000e+01
1.335475921630859375e+02
1.144739913940429688e+02
1.670943298339843750e+02
5.123768234252929688e+01
1.678892059326171875e+02
2.057501068115234375e+02
1.661399841308593750e+02
1.858626556396484375e+01
1.018529052734375000e+02
1.127455673217773438e+02
1.640651855468750000e+02
5.449052047729492188e+01
1.890456390380859375e+02
2.494169006347656250e+02
1.733645629882812500e+02
1.064548969268798828e+01
3.983732604980468750e+01
1.833190307617187500e+02
1.721124572753906250e+02
3.470137023925781250e+01
1.162189941406250000e+02
1.089515380859375000e+02
1.750332641601562500e+02
9.501182556152343750e+00
4.159301376342773438e+01
1.594368133544921875e+02
1.628327178955078125e+02
2.950615119934082031e+01
1.441283569335937500e+02
2.491331481933593750e+02
1.697547912597656250e+02
9.967091560363769531e+00
4.197830200195312500e+01
3.631694335937500000e+02
1.684642333984375000e+02
2.347964477539062500e+01
6.568035125732421875e+01
1.044187622070312500e+02
1.752761535644531250e+02
8.443951606750488281e+00
4.169487762451171875e+01
1.206642227172851562e+02
1.771652832031250000e+02
5.908102989196777344e+00
2.255198860168457031e+01
2.525464019775390625e+02
1.752297668457031250e+02
9.314294815063476562e+00
3.716984939575195312e+01
1.273212509155273438e+02
1.789014434814453125e+02
6.968915462493896484e+00
1.713333702087402344e+01
1.234882507324218750e+02
1.621635131835937500e+02
4.772677230834960938e+01
1.735481414794921875e+02
1.224309539794921875e+02
1.647331542968750000e+02
4.723682403564453125e+01
1.885031738281250000e+02
0.000000000000000000e+00
0.000000000000000000e+00
0.000000000000000000e+00
0.000000000000000000e+00
