1.552558441162109375e+02
1.744309082031250000e+02
1.843133163452148438e+01
7.715056610107421875e+01
1.777940979003906250e+02
1.701250915527343750e+02
3.879973983764648438e+01
1.855895385742187500e+02
3.220994262695312500e+02
1.676015014648437500e+02
3.639419174194335938e+01
1.574992218017578125e+02
2.116421966552734375e+02
1.637604217529296875e+02
4.227374649047851562e+01
2.278578796386718750e+02
1.088819885253906250e+02
1.743202362060546875e+02
1.000323963165283203e+01
4.188582229614257812e+01
2.131771697998046875e+02
1.549959564208984375e+02
3.830522537231445312e+01
2.238603210449218750e+02
1.214754028320312500e+02
1.776596221923828125e+02
5.399326324462890625e+00
2.246121406555175781e+01
2.930941162109375000e+02
1.732581939697265625e+02
7.563503265380859375e+00
3.953997802734375000e+01
3.218200378417968750e+02
1.638796081542968750e+02
3.517274475097656250e+01
1.471220397949218750e+02
2.485783691406250000e+02
1.666083984375000000e+02
1.051945495605468750e+01
4.665705871582031250e+01
3.623814086914062500e+02
1.687510375976562500e+02
2.270824050903320312e+01
6.073107528686523438e+01
1.287424468994140625e+02
1.787407379150390625e+02
4.781694412231445312e+00
1.933243751525878906e+01
3.171752929687500000e+02
1.696452026367187500e+02
1.536701011657714844e+01
8.607906341552734375e+01
8.503528594970703125e+01
1.758973236083984375e+02
9.892887115478515625e+00
4.303644943237304688e+01
2.401497192382812500e+02
1.658909149169921875e+02
1.612421798706054688e+01
6.714080047607421875e+01
2.488376770019531250e+02
1.685318603515625000e+02
9.918255805969238281e+00
4.982495117187500000e+01
1.373716735839843750e+02
1.767101745605468750e+02
4.718221187591552734e+00
2.193462181091308594e+01
3.181905822753906250e+02
1.619615173339843750e+02
1.406133079528808594e+01
8.613179016113281250e+01
1.551503143310546875e+02
1.694468688964843750e+02
1.827560806274414062e+01
7.413748931884765625e+01
3.974003906250000000e+02
1.790457305908203125e+02
1.726984214782714844e+01
7.215009307861328125e+01
1.786484527587890625e+02
1.614120788574218750e+02
3.714233398437500000e+01
1.832122039794921875e+02
1.788923187255859375e+02
1.885950012207031250e+02
4.019939804077148438e+01
1.703817291259765625e+02
8.074098205566406250e+01
1.758464050292968750e+02
1.094725322723388672e+01
4.383586883544921875e+01
0.000000000000000000e+00
0.000000000000000000e+00
0.000000000000000000e+00
0.000000000000000000e+00
