1.750176849365234375e+02
1.589450378417968750e+02
2.303696441650390625e+01
1.098446960449218750e+02
3.022013549804687500e+02
1.668686523437500000e+02
3.174813842773437500e+01
1.321832580566406250e+02
1.447212524414062500e+02
1.725522003173828125e+02
2.593181228637695312e+01
1.102826614379882812e+02
2.341424865722656250e+02
1.639353332519531250e+02
3.713160324096679688e+01
2.034268341064453125e+02
2.620562744140625000e+02
1.672169494628906250e+02
4.324953842163085938e+01
2.235275115966796875e+02
3.027185363769531250e+02
1.632740783691406250e+02
3.662615585327148438e+01
1.434462280273437500e+02
7.296340179443359375e+01
1.407598114013671875e+02
8.073725891113281250e+01
2.674359436035156250e+02
2.641826782226562500e+02
1.694828948974609375e+02
4.090419387817382812e+01
1.947641296386718750e+02
3.656058044433593750e+02
1.700760498046875000e+02
2.105840301513671875e+01
6.313854598999023438e+01
2.330969543457031250e+02
1.749186096191406250e+02
3.785302734375000000e+01
2.007369842529296875e+02
1.398939666748046875e+02
1.690165863037109375e+02
3.504749298095703125e+01
1.170459060668945312e+02
4.047929763793945312e+01
2.069252929687500000e+02
3.033400726318359375e+01
5.065580749511718750e+01
3.023510437011718750e+02
1.693215484619140625e+02
2.803684234619140625e+01
1.259808883666992188e+02
2.377721557617187500e+02
1.611000061035156250e+02
4.293394470214843750e+01
2.106909637451171875e+02
2.349123382568359375e+02
1.662052612304687500e+02
3.607158279418945312e+01
1.716974792480468750e+02
3.981844177246093750e+02
1.480049896240234375e+02
1.668274879455566406e+01
1.043745803833007812e+02
3.002830505371093750e+02
1.734565429687500000e+02
3.504735565185546875e+01
1.365621032714843750e+02
1.455600433349609375e+02
1.713197174072265625e+02
2.252586174011230469e+01
9.914523315429687500e+01
2.376947937011718750e+02
1.702255859375000000e+02
4.400645446777343750e+01
2.138358917236328125e+02
1.262193679809570312e+02
1.716994781494140625e+02
1.055546379089355469e+01
4.670463943481445312e+01
0.000000000000000000e+00
0.000000000000000000e+00
0.000000000000000000e+00
0.000000000000000000e+00
