3.279284667968750000e+02
1.674314117431640625e+02
5.249865341186523438e+01
1.622202758789062500e+02
3.240084533691406250e+02
1.690633544921875000e+02
5.049399185180664062e+01
1.564264984130859375e+02
1.818571166992187500e+02
1.637295379638671875e+02
3.564410018920898438e+01
1.960561218261718750e+02
2.109006347656250000e+02
1.639854125976562500e+02
4.515340805053710938e+01
2.297680664062500000e+02
1.608991699218750000e+02
1.729102783203125000e+02
1.690068817138671875e+01
7.664533996582031250e+01
3.271280212402343750e+02
1.810174560546875000e+02
5.463822174072265625e+01
1.563206787109375000e+02
1.084171905517578125e+02
1.753172607421875000e+02
1.064962673187255859e+01
4.180558013916015625e+01
3.047841186523437500e+02
1.680397186279296875e+02
2.614590835571289062e+01
1.010202713012695312e+02
1.217070617675781250e+02
1.780072479248046875e+02
5.712604045867919922e+00
2.128800392150878906e+01
2.490613555908203125e+02
1.662074737548828125e+02
1.141614913940429688e+01
4.915876388549804688e+01
3.305091247558593750e+02
1.633139801025390625e+02
4.742627716064453125e+01
1.472555236816406250e+02
1.603236999511718750e+02
1.704228210449218750e+02
1.606056976318359375e+01
7.181973266601562500e+01
2.970187683105468750e+02
1.676604309082031250e+02
8.932346343994140625e+00
4.493647766113281250e+01
1.816647033691406250e+02
1.615066833496093750e+02
3.611987686157226562e+01
1.817683563232421875e+02
2.514828948974609375e+02
1.668624420166015625e+02
1.054042720794677734e+01
4.723375701904296875e+01
3.242416992187500000e+02
1.659595642089843750e+02
4.463319015502929688e+01
1.419281005859375000e+02
2.112741851806640625e+02
1.543532409667968750e+02
4.443702316284179688e+01
2.251100463867187500e+02
3.656165771484375000e+02
1.651237792968750000e+02
1.961315727233886719e+01
6.987202453613281250e+01
3.220458984375000000e+02
1.922349548339843750e+02
5.521866226196289062e+01
1.375180816650390625e+02
1.282448577880859375e+02
1.779706420898437500e+02
4.973117351531982422e+00
1.959967803955078125e+01
1.496518554687500000e+02
1.819987487792968750e+02
1.076225948333740234e+01
4.639190292358398438e+01
3.036114196777343750e+02
1.773827667236328125e+02
2.916427421569824219e+01
9.798003387451171875e+01
2.118437194824218750e+02
1.804474792480468750e+02
4.426510238647460938e+01
2.208483428955078125e+02
2.493747406005859375e+02
1.686688385009765625e+02
1.063918495178222656e+01
4.849325942993164062e+01
3.983644714355468750e+02
1.507902526855468750e+02
1.641075515747070312e+01
1.004896697998046875e+02
2.983490905761718750e+02
1.626385498046875000e+02
3.801600646972656250e+01
1.117598876953125000e+02
3.125212097167968750e+02
1.713240051269531250e+02
2.339150428771972656e+01
1.163543167114257812e+02
0.000000000000000000e+00
0.000000000000000000e+00
0.000000000000000000e+00
0.000000000000000000e+00
