1.322321472167968750e+02
1.554176940917968750e+02
3.559269714355468750e+01
1.316681365966796875e+02
3.198034667968750000e+01
1.692455139160156250e+02
4.161524963378906250e+01
1.314384613037109375e+02
1.324178466796875000e+02
1.661458435058593750e+02
3.519540405273437500e+01
1.190246582031250000e+02
1.056949462890625000e+02
1.760279846191406250e+02
2.445165634155273438e+01
1.034736938476562500e+02
2.317532806396484375e+02
1.531564636230468750e+02
5.549977874755859375e+01
2.457790985107421875e+02
7.572444152832031250e+01
1.666386260986328125e+02
3.092762184143066406e+01
1.377112731933593750e+02
7.976567077636718750e+01
1.687429504394531250e+02
2.397675704956054688e+01
1.334329071044921875e+02
3.223028564453125000e+01
1.746981506347656250e+02
4.241609573364257812e+01
1.331601562500000000e+02
2.098097076416015625e+02
1.657492523193359375e+02
3.160827445983886719e+01
1.939969787597656250e+02
2.308414306640625000e+02
1.652068023681640625e+02
4.554190444946289062e+01
2.231085510253906250e+02
2.341697540283203125e+02
1.542947692871093750e+02
5.729416656494140625e+01
2.261676788330078125e+02
1.553877105712890625e+02
1.724289703369140625e+02
1.072106075286865234e+01
6.511161041259765625e+01
2.096540069580078125e+02
1.615730895996093750e+02
3.263832855224609375e+01
1.797247009277343750e+02
1.375444488525390625e+02
1.707747192382812500e+02
2.943602180480957031e+01
1.106366882324218750e+02
2.067338256835937500e+02
1.687761993408203125e+02
3.191841697692871094e+01
1.879152526855468750e+02
2.694827270507812500e+02
1.712826843261718750e+02
8.885086059570312500e+00
3.448027420043945312e+01
1.932036437988281250e+02
1.677682952880859375e+02
1.515745449066162109e+01
6.916033935546875000e+01
3.626502685546875000e+02
1.677099304199218750e+02
2.352377319335937500e+01
6.376451492309570312e+01
2.648147964477539062e+01
1.708263549804687500e+02
4.132426452636718750e+01
1.292431945800781250e+02
2.039929809570312500e+02
1.638200531005859375e+02
3.609356689453125000e+01
1.756868286132812500e+02
1.071566848754882812e+02
1.748880615234375000e+02
2.211242866516113281e+01
9.172145080566406250e+01
7.879502105712890625e+01
1.884360046386718750e+02
2.528343772888183594e+01
1.072935104370117188e+02
1.378852539062500000e+02
1.676019897460937500e+02
2.739672851562500000e+01
1.039039916992187500e+02
1.541070404052734375e+02
1.740235900878906250e+02
1.038048171997070312e+01
6.218592071533203125e+01
3.987786865234375000e+02
1.504300689697265625e+02
1.600638198852539062e+01
9.976226806640625000e+01
2.286243743896484375e+02
1.565819396972656250e+02
4.738808441162109375e+01
2.241369781494140625e+02
0.000000000000000000e+00
0.000000000000000000e+00
0.000000000000000000e+00
0.000000000000000000e+00
