2.073738479614257812e+01
1.644216918945312500e+02
3.394283294677734375e+01
1.596495971679687500e+02
9.057380676269531250e+01
1.561001281738281250e+02
3.793446350097656250e+01
1.486110534667968750e+02
4.991819381713867188e+01
1.671464538574218750e+02
3.344637298583984375e+01
1.255651779174804688e+02
1.938761329650878906e+01
1.674012145996093750e+02
3.568339157104492188e+01
1.418155059814453125e+02
9.434574890136718750e+01
1.587743835449218750e+02
3.786212921142578125e+01
1.418928680419921875e+02
2.013109741210937500e+02
1.624226379394531250e+02
3.397633361816406250e+01
1.965853424072265625e+02
2.322945556640625000e+02
1.524438171386718750e+02
5.401713943481445312e+01
2.474591064453125000e+02
9.064326477050781250e+01
1.489895019531250000e+02
3.745526123046875000e+01
1.464908905029296875e+02
2.015664520263671875e+02
1.570665588378906250e+02
3.392376708984375000e+01
1.910334014892578125e+02
2.354533996582031250e+02
1.602363281250000000e+02
5.161082458496093750e+01
2.105619049072265625e+02
4.566478347778320312e+01
1.622038269042968750e+02
3.407172393798828125e+01
1.364116821289062500e+02
1.220032196044921875e+02
1.761256103515625000e+02
5.750775337219238281e+00
2.127494239807128906e+01
5.177497863769531250e+01
1.707196502685546875e+02
2.969781494140625000e+01
1.210117187500000000e+02
7.911421966552734375e+01
1.812397460937500000e+02
1.392887592315673828e+01
4.266378021240234375e+01
9.458380889892578125e+01
1.488505249023437500e+02
3.890211868286132812e+01
1.447039642333984375e+02
1.589596252441406250e+02
1.834267272949218750e+02
1.001830291748046875e+01
4.348403549194335938e+01
4.942244338989257812e+01
1.664729614257812500e+02
2.706157493591308594e+01
1.264483566284179688e+02
2.320583801269531250e+02
1.499847869873046875e+02
4.141161346435546875e+01
2.321069641113281250e+02
3.626074829101562500e+02
1.685837402343750000e+02
2.279662132263183594e+01
6.136802291870117188e+01
1.488511199951171875e+02
1.844583435058593750e+02
1.052468872070312500e+01
4.057270812988281250e+01
2.298939056396484375e+02
1.551139831542968750e+02
4.621431350708007812e+01
2.416995086669921875e+02
4.826777648925781250e+01
1.538407592773437500e+02
3.591101074218750000e+01
1.362924041748046875e+02
7.890167999267578125e+01
1.783747100830078125e+02
1.349269676208496094e+01
4.067340469360351562e+01
1.284888610839843750e+02
1.787392425537109375e+02
4.638653278350830078e+00
1.769459915161132812e+01
1.369261474609375000e+02
1.759627532958984375e+02
5.250453472137451172e+00
2.400739097595214844e+01
2.713239746093750000e+02
1.713227081298828125e+02
9.381473541259765625e+00
3.698289108276367188e+01
0.000000000000000000e+00
0.000000000000000000e+00
0.000000000000000000e+00
0.000000000000000000e+00
