2.602688598632812500e+02
1.653818054199218750e+02
2.826452827453613281e+01
1.407615814208984375e+02
1.607683105468750000e+02
1.632343139648437500e+02
3.782798004150390625e+01
1.733132476806640625e+02
2.603081054687500000e+02
1.717989349365234375e+02
2.743814277648925781e+01
1.402867126464843750e+02
1.090393447875976562e+02
1.734064483642578125e+02
1.028532695770263672e+01
4.423191070556640625e+01
2.624863891601562500e+02
1.843364257812500000e+02
2.333139228820800781e+01
1.176429595947265625e+02
2.564735717773437500e+02
1.614261169433593750e+02
2.864045524597167969e+01
1.493483428955078125e+02
2.640299682617187500e+02
1.762353973388671875e+02
2.323394775390625000e+01
1.171174850463867188e+02
1.568604125976562500e+02
1.693730163574218750e+02
3.460462951660156250e+01
1.613645172119140625e+02
1.619955596923828125e+02
1.746720886230468750e+02
3.680044555664062500e+01
1.678121337890625000e+02
1.855487976074218750e+02
1.716055603027343750e+02
4.961895370483398438e+01
2.154661865234375000e+02
2.402284393310546875e+02
1.683577880859375000e+02
7.969446182250976562e+00
4.345943832397460938e+01
1.802625885009765625e+02
1.902297668457031250e+02
4.939207839965820312e+01
1.766720733642578125e+02
2.324122772216796875e+02
1.748374328613281250e+02
9.306060791015625000e+00
4.296019744873046875e+01
1.214025497436523438e+02
1.771574401855468750e+02
6.549086093902587891e+00
2.245445251464843750e+01
2.554063262939453125e+02
1.747886352539062500e+02
3.007834815979003906e+01
1.356255340576171875e+02
1.288356323242187500e+02
1.783340759277343750e+02
6.129393577575683594e+00
2.060295104980468750e+01
1.337629241943359375e+02
1.787241668701171875e+02
1.874613761901855469e+01
6.323304367065429688e+01
2.483213806152343750e+02
1.671553497314453125e+02
6.737773418426513672e+00
3.881895828247070312e+01
1.386463623046875000e+02
1.732026214599609375e+02
1.758494567871093750e+01
6.585357666015625000e+01
1.806387786865234375e+02
1.784112854003906250e+02
4.704030609130859375e+01
1.716545867919921875e+02
1.379868621826171875e+02
1.791398620605468750e+02
2.071577072143554688e+01
6.403697204589843750e+01
8.918706512451171875e+01
1.785944213867187500e+02
9.544322013854980469e+00
3.891773605346679688e+01
1.887438964843750000e+02
1.708689270019531250e+02
4.510683059692382812e+01
1.858577880859375000e+02
1.964621276855468750e+02
1.585756835937500000e+02
3.716546630859375000e+01
1.810627899169921875e+02
1.813630371093750000e+02
2.074279785156250000e+02
4.745056915283203125e+01
1.733767852783203125e+02
0.000000000000000000e+00
0.000000000000000000e+00
0.000000000000000000e+00
0.000000000000000000e+00
