1.595390014648437500e+02
1.770625000000000000e+02
2.119804763793945312e+01
8.447141265869140625e+01
1.377839202880859375e+02
1.679638824462890625e+02
2.317441368103027344e+01
1.192227706909179688e+02
1.102113342285156250e+02
1.813020629882812500e+02
2.224209213256835938e+01
1.011145324707031250e+02
2.733531494140625000e+02
1.706071624755859375e+02
8.166318893432617188e+00
3.775789260864257812e+01
1.402733154296875000e+02
1.755108489990234375e+02
2.087598037719726562e+01
9.159832000732421875e+01
1.585272369384765625e+02
1.894650726318359375e+02
2.015595436096191406e+01
7.308535766601562500e+01
2.167000274658203125e+02
1.734300842285156250e+02
9.001259803771972656e+00
2.961307334899902344e+01
3.634312438964843750e+02
1.673206481933593750e+02
2.334675407409667969e+01
6.517041015625000000e+01
1.073387222290039062e+02
1.669543762207031250e+02
3.232172775268554688e+01
1.356329193115234375e+02
1.188259582519531250e+02
1.685382995605468750e+02
3.436121368408203125e+01
1.326109771728515625e+02
0.000000000000000000e+00
0.000000000000000000e+00
0.000000000000000000e+00
0.000000000000000000e+00
