6.988404846191406250e+01
1.684566040039062500e+02
3.596570587158203125e+01
1.364902496337890625e+02
2.492803764343261719e+01
1.666593170166015625e+02
4.214137649536132812e+01
1.379721984863281250e+02
2.305795593261718750e+02
1.558239135742187500e+02
5.681651306152343750e+01
2.404699096679687500e+02
2.588713455200195312e+01
1.673674011230468750e+02
4.727051544189453125e+01
1.367493743896484375e+02
1.300987396240234375e+02
1.553346557617187500e+02
3.326931762695312500e+01
1.296645660400390625e+02
1.002705688476562500e+02
1.777691345214843750e+02
1.856454849243164062e+01
1.040023269653320312e+02
2.309444885253906250e+02
1.666710510253906250e+02
4.537125015258789062e+01
2.203192749023437500e+02
2.094156494140625000e+02
1.625976562500000000e+02
3.277375793457031250e+01
1.973417510986328125e+02
1.564201812744140625e+02
1.738320007324218750e+02
9.840654373168945312e+00
6.116074371337890625e+01
6.923983001708984375e+01
1.731052856445312500e+02
3.619851684570312500e+01
1.358130340576171875e+02
2.089091186523437500e+02
1.614057922363281250e+02
3.396049499511718750e+01
1.806132202148437500e+02
2.331825256347656250e+02
1.597052001953125000e+02
5.768878936767578125e+01
2.160764923095703125e+02
2.039320983886718750e+02
1.596112365722656250e+02
3.660194396972656250e+01
1.838189697265625000e+02
1.970828857421875000e+02
1.684581604003906250e+02
1.123036384582519531e+01
7.030197143554687500e+01
1.361860351562500000e+02
1.717429962158203125e+02
2.283989524841308594e+01
1.108047485351562500e+02
2.061054534912109375e+02
1.644851226806640625e+02
3.301186752319335938e+01
1.937832946777343750e+02
1.385109100341796875e+02
1.608290100097656250e+02
2.080316734313964844e+01
1.159057083129882812e+02
2.709025573730468750e+01
1.758069610595703125e+02
3.886630249023437500e+01
1.314700622558593750e+02
1.256445846557617188e+02
1.543328247070312500e+02
3.309321594238281250e+01
1.308987884521484375e+02
3.629816589355468750e+02
1.671788024902343750e+02
2.299073028564453125e+01
6.503023529052734375e+01
1.946406555175781250e+02
1.691732482910156250e+02
1.573198890686035156e+01
6.533905792236328125e+01
2.701882019042968750e+02
1.719345550537109375e+02
8.380066871643066406e+00
3.393162155151367188e+01
1.219684982299804688e+02
1.769849243164062500e+02
4.939426422119140625e+00
2.024513053894042969e+01
1.272254791259765625e+02
1.775518341064453125e+02
5.811948299407958984e+00
1.877583885192871094e+01
2.706187438964843750e+01
1.752858581542968750e+02
4.549612426757812500e+01
1.333770904541015625e+02
9.840800476074218750e+01
1.720099487304687500e+02
1.985079193115234375e+01
9.932472229003906250e+01
1.225572586059570312e+02
1.662581481933593750e+02
3.667903518676757812e+01
1.211096878051757812e+02
3.984046325683593750e+02
1.526908416748046875e+02
1.625107192993164062e+01
9.607217407226562500e+01
2.295805969238281250e+02
1.590443725585937500e+02
4.570214080810546875e+01
2.193155670166015625e+02
1.298423614501953125e+02
1.659616394042968750e+02
3.500149536132812500e+01
1.203911666870117188e+02
7.506271362304687500e+01
1.794693145751953125e+02
2.585078811645507812e+01
1.098240585327148438e+02
0.000000000000000000e+00
0.000000000000000000e+00
0.000000000000000000e+00
0.000000000000000000e+00
