1.552919769287109375e+02
1.656526489257812500e+02
3.257804107666015625e+01
1.314451599121093750e+02
1.133272552490234375e+02
1.669481201171875000e+02
4.079199218750000000e+01
1.652255401611328125e+02
1.580654449462890625e+02
1.654390411376953125e+02
2.655563545227050781e+01
1.320610351562500000e+02
1.900815277099609375e+02
1.685982055664062500e+02
2.249935340881347656e+01
1.041589279174804688e+02
1.120818481445312500e+02
1.759442749023437500e+02
4.218686294555664062e+01
1.643255767822265625e+02
1.455387420654296875e+02
1.726737670898437500e+02
1.908505821228027344e+01
1.218322982788085938e+02
3.636878662109375000e+02
1.683792266845703125e+02
2.276025390625000000e+01
6.340497589111328125e+01
2.482090759277343750e+02
1.692061767578125000e+02
7.898966312408447266e+00
4.106066131591796875e+01
1.872398071289062500e+02
1.778266448974609375e+02
2.217378234863281250e+01
9.743398284912109375e+01
1.029888229370117188e+02
1.771081085205078125e+02
9.615517616271972656e+00
4.051970291137695312e+01
0.000000000000000000e+00
0.000000000000000000e+00
0.000000000000000000e+00
0.000000000000000000e+00
