1.155914154052734375e+02
1.674548339843750000e+02
3.913678359985351562e+01
1.561708526611328125e+02
1.682112426757812500e+02
1.715564880371093750e+02
2.325652313232421875e+01
9.982402038574218750e+01
1.685471038818359375e+02
1.807023468017578125e+02
2.315255165100097656e+01
9.096150970458984375e+01
1.157847671508789062e+02
1.654081726074218750e+02
3.870710754394531250e+01
1.452131195068359375e+02
1.468999176025390625e+02
1.687966461181640625e+02
2.215738868713378906e+01
1.264151382446289062e+02
1.463033447265625000e+02
1.707877807617187500e+02
2.336898994445800781e+01
9.641342926025390625e+01
2.052542724609375000e+02
1.674375610351562500e+02
9.195132255554199219e+00
3.671473693847656250e+01
3.639072875976562500e+02
1.683948364257812500e+02
2.307338523864746094e+01
6.004458999633789062e+01
2.667395629882812500e+02
1.746717987060546875e+02
8.732950210571289062e+00
3.684060668945312500e+01
2.661929321289062500e+02
1.724693908691406250e+02
9.159289360046386719e+00
3.621569442749023438e+01
2.021338500976562500e+02
1.673715362548828125e+02
9.417581558227539062e+00
3.811437606811523438e+01
1.830884094238281250e+02
1.747923431396484375e+02
1.173701953887939453e+01
4.223717117309570312e+01
2.156763153076171875e+02
1.728830413818359375e+02
8.876016616821289062e+00
3.047226524353027344e+01
9.284004974365234375e+01
1.846090393066406250e+02
1.125865554809570312e+01
3.450260543823242188e+01
1.054369125366210938e+02
1.750848541259765625e+02
9.518281936645507812e+00
4.285757827758789062e+01
9.406297302246093750e+01
1.786334533691406250e+02
1.011813068389892578e+01
3.981223678588867188e+01
0.000000000000000000e+00
0.000000000000000000e+00
0.000000000000000000e+00
0.000000000000000000e+00
