1.738907165527343750e+02
1.617994384765625000e+02
3.264146041870117188e+01
1.477164764404296875e+02
2.086590118408203125e+02
1.696113586425781250e+02
2.521281814575195312e+01
1.235323333740234375e+02
1.760481719970703125e+02
1.612165832519531250e+02
3.546823883056640625e+01
1.512943420410156250e+02
1.224263610839843750e+02
1.703096313476562500e+02
1.678046035766601562e+01
6.838591003417968750e+01
1.743041076660156250e+02
1.663331298828125000e+02
3.221165084838867188e+01
1.513246917724609375e+02
1.246565856933593750e+02
1.724371948242187500e+02
1.247969913482666016e+01
6.632508850097656250e+01
2.257488708496093750e+02
1.715160827636718750e+02
2.067178726196289062e+01
9.727928161621093750e+01
1.762654571533203125e+02
1.674798126220703125e+02
3.502588272094726562e+01
1.489203186035156250e+02
1.090713500976562500e+02
1.744454345703125000e+02
1.010625648498535156e+01
4.370680999755859375e+01
1.339065246582031250e+02
1.622097778320312500e+02
4.531583404541015625e+01
2.024530181884765625e+02
2.031390380859375000e+02
1.712113952636718750e+02
3.476258468627929688e+01
1.222677230834960938e+02
2.490146484375000000e+02
1.692072296142578125e+02
8.801815032958984375e+00
4.270770645141601562e+01
2.226675720214843750e+02
1.703829193115234375e+02
2.210527038574218750e+01
1.144333724975585938e+02
9.768470001220703125e+01
1.791536560058593750e+02
8.795916557312011719e+00
3.747979354858398438e+01
2.084628143310546875e+02
1.753733062744140625e+02
2.239146041870117188e+01
8.797817230224609375e+01
2.086372985839843750e+02
1.694834136962890625e+02
3.744538879394531250e+01
1.195419692993164062e+02
1.061232070922851562e+02
1.760246124267578125e+02
8.271786689758300781e+00
4.101948928833007812e+01
2.483511352539062500e+02
1.729059753417968750e+02
9.845649719238281250e+00
4.042496490478515625e+01
1.399418182373046875e+02
1.664739685058593750e+02
4.496701049804687500e+01
1.951947021484375000e+02
1.246555557250976562e+02
1.792568511962890625e+02
1.267097949981689453e+01
5.957186508178710938e+01
9.717380523681640625e+01
1.838486938476562500e+02
9.654512405395507812e+00
3.641775131225585938e+01
0.000000000000000000e+00
0.000000000000000000e+00
0.000000000000000000e+00
0.000000000000000000e+00
