1.555151062011718750e+02
1.667463989257812500e+02
3.160449790954589844e+01
1.331905517578125000e+02
1.141195678710937500e+02
1.653358001708984375e+02
3.984832763671875000e+01
1.697228088378906250e+02
1.591895904541015625e+02
1.653239898681640625e+02
2.528671455383300781e+01
1.360860900878906250e+02
1.880428161621093750e+02
1.693155364990234375e+02
2.298877525329589844e+01
1.041654281616210938e+02
1.854003906250000000e+02
1.750107727050781250e+02
2.359280204772949219e+01
1.033880310058593750e+02
1.129037780761718750e+02
1.734234924316406250e+02
4.158394622802734375e+01
1.697556304931640625e+02
2.474481506347656250e+02
1.694597930908203125e+02
8.978085517883300781e+00
4.079037475585937500e+01
1.028348541259765625e+02
1.756345825195312500e+02
1.038535022735595703e+01
4.342927169799804688e+01
1.457384033203125000e+02
1.707484588623046875e+02
1.915934944152832031e+01
1.260168228149414062e+02
2.170035247802734375e+02
1.717650451660156250e+02
7.636332035064697266e+00
3.124374771118164062e+01
3.630558471679687500e+02
1.678436584472656250e+02
2.368432617187500000e+01
6.350961685180664062e+01
2.568074645996093750e+02
1.774199829101562500e+02
7.948176860809326172e+00
3.277030181884765625e+01
0.000000000000000000e+00
0.000000000000000000e+00
0.000000000000000000e+00
0.000000000000000000e+00
