2.555109710693359375e+02
1.718889770507812500e+02
2.508707237243652344e+01
9.534333801269531250e+01
2.327032012939453125e+02
1.662505950927734375e+02
2.163884162902832031e+01
9.853433227539062500e+01
3.667780456542968750e+02
1.217389373779296875e+02
4.743717575073242188e+01
3.213659973144531250e+02
2.630226135253906250e+02
1.667258758544921875e+02
2.225436782836914062e+01
1.076118240356445312e+02
2.096566619873046875e+02
1.668177337646484375e+02
2.329956054687500000e+01
9.012807464599609375e+01
1.557899322509765625e+02
1.728851013183593750e+02
9.982659339904785156e+00
4.069671630859375000e+01
1.361460266113281250e+02
1.765929107666015625e+02
7.824926853179931641e+00
3.755641555786132812e+01
3.647807312011718750e+02
1.517673492431640625e+02
5.051961517333984375e+01
2.803157653808593750e+02
1.546639251708984375e+02
1.750537414550781250e+02
7.809752464294433594e+00
3.716243362426757812e+01
3.447773437500000000e+02
1.477766571044921875e+02
7.106925964355468750e+01
2.638805847167968750e+02
1.185625381469726562e+02
1.738610534667968750e+02
9.412766456604003906e+00
3.256465911865234375e+01
1.557573699951171875e+02
1.712708892822265625e+02
1.007218837738037109e+01
3.973830795288085938e+01
2.572622680664062500e+02
1.796467590332031250e+02
2.415963745117187500e+01
9.244219207763671875e+01
1.265148162841796875e+02
1.750607299804687500e+02
7.691164016723632812e+00
3.140988349914550781e+01
1.439076385498046875e+02
1.758659667968750000e+02
7.927497863769531250e+00
3.787523269653320312e+01
1.545534057617187500e+02
1.719307250976562500e+02
7.268177986145019531e+00
3.763786315917968750e+01
1.270495147705078125e+02
1.778789215087890625e+02
7.463346004486083984e+00
3.030090522766113281e+01
2.081732482910156250e+02
1.672504425048828125e+02
2.316812133789062500e+01
7.157257843017578125e+01
1.187069702148437500e+02
1.784696044921875000e+02
8.986303329467773438e+00
2.926550292968750000e+01
0.000000000000000000e+00
0.000000000000000000e+00
0.000000000000000000e+00
0.000000000000000000e+00
