1.397175292968750000e+02
1.512953186035156250e+02
3.210074234008789062e+01
1.384483489990234375e+02
5.577957153320312500e+01
1.635841064453125000e+02
2.816330337524414062e+01
1.373766326904296875e+02
8.882888031005859375e+01
1.663687438964843750e+02
3.332557678222656250e+01
1.330396270751953125e+02
5.743440246582031250e+01
1.641690063476562500e+02
2.538514328002929688e+01
1.352683258056640625e+02
2.284143524169921875e+02
1.625611114501953125e+02
4.746247482299804688e+01
2.273067321777343750e+02
2.118216400146484375e+02
1.669965820312500000e+02
2.730858802795410156e+01
1.919492950439453125e+02
1.390072326660156250e+02
1.627144470214843750e+02
3.348723602294921875e+01
1.249683074951171875e+02
9.403715515136718750e+01
1.709430236816406250e+02
2.490478897094726562e+01
1.240186309814453125e+02
1.420456237792968750e+02
1.670646667480468750e+02
2.676055717468261719e+01
1.191917877197265625e+02
1.418938751220703125e+02
1.635799102783203125e+02
2.654454994201660156e+01
1.102334518432617188e+02
2.267636718750000000e+02
1.536441345214843750e+02
4.903656387329101562e+01
2.276734619140625000e+02
2.114222259521484375e+02
1.559645690917968750e+02
2.849377632141113281e+01
1.912258605957031250e+02
2.083133850097656250e+02
1.662460174560546875e+02
2.886622619628906250e+01
1.927054748535156250e+02
3.635863037109375000e+02
1.677958679199218750e+02
2.287372016906738281e+01
6.153797912597656250e+01
1.132266540527343750e+02
1.688008728027343750e+02
2.103585815429687500e+01
1.009734649658203125e+02
1.219509963989257812e+02
1.680110778808593750e+02
2.064328956604003906e+01
1.023478393554687500e+02
2.358239440917968750e+02
1.587445068359375000e+02
4.703186798095703125e+01
2.358206634521484375e+02
1.192098388671875000e+02
1.691506347656250000e+02
2.306290054321289062e+01
1.149492797851562500e+02
2.066650543212890625e+02
1.604227294921875000e+02
3.137560081481933594e+01
1.823983917236328125e+02
2.689413146972656250e+02
1.720774536132812500e+02
7.887048721313476562e+00
3.534577178955078125e+01
1.425637359619140625e+02
1.505621490478515625e+02
3.779546737670898438e+01
1.371570739746093750e+02
1.892881622314453125e+02
1.708170318603515625e+02
1.841655731201171875e+01
6.397151947021484375e+01
0.000000000000000000e+00
0.000000000000000000e+00
0.000000000000000000e+00
0.000000000000000000e+00
