1.692703552246093750e+02
1.706205139160156250e+02
2.475835609436035156e+01
1.006831665039062500e+02
1.181518630981445312e+02
1.675650634765625000e+02
3.677430725097656250e+01
1.527571563720703125e+02
1.696558380126953125e+02
1.820187683105468750e+02
2.437659263610839844e+01
8.806858825683593750e+01
1.472200469970703125e+02
1.672428588867187500e+02
2.280813980102539062e+01
1.311163635253906250e+02
1.186849975585937500e+02
1.660801391601562500e+02
3.653512573242187500e+01
1.436126556396484375e+02
1.489622192382812500e+02
1.696089782714843750e+02
2.368981742858886719e+01
1.223061294555664062e+02
2.056936187744140625e+02
1.681553192138671875e+02
8.956803321838378906e+00
3.555895233154296875e+01
3.636085205078125000e+02
1.674052734375000000e+02
2.286469459533691406e+01
6.188004302978515625e+01
2.645276489257812500e+02
1.784942626953125000e+02
1.077756786346435547e+01
3.182938385009765625e+01
1.406341400146484375e+02
1.654969787597656250e+02
3.069657325744628906e+01
1.383781890869140625e+02
2.157182312011718750e+02
1.735778045654296875e+02
8.937072753906250000e+00
3.007033538818359375e+01
0.000000000000000000e+00
0.000000000000000000e+00
0.000000000000000000e+00
0.000000000000000000e+00
