1.686246643066406250e+02
1.711923828125000000e+02
2.782881164550781250e+01
9.024938201904296875e+01
1.427419128417968750e+02
1.765556030273437500e+02
1.069392108917236328e+01
4.036524581909179688e+01
2.139311981201171875e+02
1.705550842285156250e+02
2.433791160583496094e+01
1.113528442382812500e+02
3.420155029296875000e+02
1.427331695556640625e+02
3.720853805541992188e+01
2.489258728027343750e+02
3.097105102539062500e+02
1.539780578613281250e+02
4.603857421875000000e+01
2.568731079101562500e+02
3.389339294433593750e+02
1.510580749511718750e+02
3.896371841430664062e+01
2.547035980224609375e+02
3.752322692871093750e+02
1.554327697753906250e+02
3.999428176879882812e+01
2.185489349365234375e+02
2.369839019775390625e+02
1.725476684570312500e+02
1.736832046508789062e+01
8.673778533935546875e+01
3.157004699707031250e+02
1.569831695556640625e+02
5.158270263671875000e+01
2.504786071777343750e+02
1.533605499267578125e+02
1.769583435058593750e+02
8.031499862670898438e+00
3.262696456909179688e+01
3.755847473144531250e+02
1.757977447509765625e+02
3.989752197265625000e+01
2.031323547363281250e+02
1.946749572753906250e+02
1.688210449218750000e+02
2.101686096191406250e+01
9.663801574707031250e+01
2.162057495117187500e+02
1.725175323486328125e+02
2.356113433837890625e+01
9.690125274658203125e+01
1.198070526123046875e+02
1.739158477783203125e+02
8.194671630859375000e+00
3.229516601562500000e+01
1.537361297607421875e+02
1.743905334472656250e+02
7.501370906829833984e+00
3.315621948242187500e+01
2.094685974121093750e+02
1.683764038085937500e+02
3.494971084594726562e+01
1.150812835693359375e+02
3.094117431640625000e+02
1.692643737792968750e+02
4.677437210083007812e+01
2.426980590820312500e+02
3.747891540527343750e+02
1.571032714843750000e+02
4.110509109497070312e+01
1.870732879638671875e+02
1.979403686523437500e+02
1.602621307373046875e+02
3.938933944702148438e+01
1.218462753295898438e+02
2.086445312500000000e+02
1.649381866455078125e+02
3.755638885498046875e+01
1.128552932739257812e+02
3.444969787597656250e+02
1.524117889404296875e+02
3.568745040893554688e+01
1.980657958984375000e+02
2.068781280517578125e+02
1.764444122314453125e+02
2.670290756225585938e+01
9.926638031005859375e+01
7.975975799560546875e+01
1.786334228515625000e+02
1.185084152221679688e+01
4.007496643066406250e+01
7.949343109130859375e+01
1.813492431640625000e+02
1.218302249908447266e+01
4.109214401245117188e+01
2.191794281005859375e+02
1.732799530029296875e+02
6.243906497955322266e+00
1.642712783813476562e+01
1.999856414794921875e+02
1.696973876953125000e+02
3.997988128662109375e+01
1.120730819702148438e+02
1.423910675048828125e+02
1.822489929199218750e+02
1.107678318023681641e+01
3.789448928833007812e+01
0.000000000000000000e+00
0.000000000000000000e+00
0.000000000000000000e+00
0.000000000000000000e+00
