1.013190994262695312e+02
1.698811798095703125e+02
3.730935287475585938e+01
1.251240158081054688e+02
1.324684448242187500e+02
1.709238891601562500e+02
2.065431213378906250e+01
9.978874969482421875e+01
1.424884796142578125e+02
1.724417114257812500e+02
2.010946846008300781e+01
9.384512329101562500e+01
3.637727355957031250e+02
1.678588409423828125e+02
2.172400283813476562e+01
6.602884674072265625e+01
1.538609313964843750e+02
1.745799560546875000e+02
1.479887866973876953e+01
8.018597412109375000e+01
1.316475524902343750e+02
1.736903839111328125e+02
2.072182464599609375e+01
1.052829208374023438e+02
2.732219848632812500e+02
1.699397735595703125e+02
8.340546607971191406e+00
3.886418533325195312e+01
1.363374633789062500e+02
1.790840301513671875e+02
2.079310226440429688e+01
9.573628997802734375e+01
1.057924880981445312e+02
1.758988189697265625e+02
2.831764411926269531e+01
1.126440734863281250e+02
2.172649383544921875e+02
1.729308319091796875e+02
8.752528190612792969e+00
2.957495689392089844e+01
2.360590209960937500e+02
1.698191528320312500e+02
1.002626037597656250e+01
5.176420593261718750e+01
3.980830078125000000e+02
1.797964477539062500e+02
1.685901069641113281e+01
7.388945007324218750e+01
0.000000000000000000e+00
0.000000000000000000e+00
0.000000000000000000e+00
0.000000000000000000e+00
