1.457870025634765625e+02
1.669596557617187500e+02
2.141418457031250000e+01
1.204587478637695312e+02
1.160961227416992188e+02
1.672342224121093750e+02
3.636189651489257812e+01
1.510985870361328125e+02
1.666794128417968750e+02
1.748042602539062500e+02
1.747270584106445312e+01
9.003941345214843750e+01
1.150818405151367188e+02
1.639901733398437500e+02
3.536448287963867188e+01
1.476009063720703125e+02
2.688520202636718750e+02
1.685839691162109375e+02
9.224645614624023438e+00
4.178163909912109375e+01
1.672910919189453125e+02
1.756170349121093750e+02
1.886604499816894531e+01
8.602776336669921875e+01
1.466665344238281250e+02
1.696104125976562500e+02
2.079523086547851562e+01
1.031978836059570312e+02
2.159225006103515625e+02
1.737819213867187500e+02
8.999227523803710938e+00
3.021991539001464844e+01
3.634163818359375000e+02
1.677151489257812500e+02
2.301229095458984375e+01
6.251970291137695312e+01
2.014469909667968750e+02
1.679361419677734375e+02
8.936057090759277344e+00
3.607955932617187500e+01
2.354689483642578125e+02
1.714544525146484375e+02
1.119514846801757812e+01
4.543068695068359375e+01
2.016261291503906250e+02
1.673112945556640625e+02
8.650526046752929688e+00
3.137443161010742188e+01
2.364687500000000000e+02
1.685800170898437500e+02
1.056009387969970703e+01
4.337090682983398438e+01
0.000000000000000000e+00
0.000000000000000000e+00
0.000000000000000000e+00
0.000000000000000000e+00
