3.239504089355468750e+02
1.705741271972656250e+02
4.950003433227539062e+01
1.572307434082031250e+02
1.591697692871093750e+02
1.714629516601562500e+02
1.674738121032714844e+01
7.987490081787109375e+01
3.271729431152343750e+02
1.710329437255859375e+02
5.251428604125976562e+01
1.590197753906250000e+02
2.120945587158203125e+02
1.661529998779296875e+02
4.231304168701171875e+01
2.242266540527343750e+02
1.802030181884765625e+02
1.674560852050781250e+02
3.706467819213867188e+01
1.915397949218750000e+02
3.224859924316406250e+02
1.807820129394531250e+02
5.307185363769531250e+01
1.553017425537109375e+02
1.086670303344726562e+02
1.747999572753906250e+02
1.074556446075439453e+01
4.162501525878906250e+01
3.141578674316406250e+02
1.634357604980468750e+02
2.071389579772949219e+01
1.119508743286132812e+02
3.267163085937500000e+02
1.826501770019531250e+02
5.436211013793945312e+01
1.528123016357421875e+02
2.128197937011718750e+02
1.566187744140625000e+02
3.965233993530273438e+01
2.212270965576171875e+02
3.130243225097656250e+02
1.693048706054687500e+02
2.136662483215332031e+01
1.168741531372070312e+02
1.217683258056640625e+02
1.780366821289062500e+02
5.364651679992675781e+00
2.167987060546875000e+01
1.585022277832031250e+02
1.685111083984375000e+02
1.650205802917480469e+01
7.614179992675781250e+01
3.648404846191406250e+02
1.669225463867187500e+02
2.028535079956054688e+01
6.733359527587890625e+01
2.954756469726562500e+02
1.676857604980468750e+02
8.093414306640625000e+00
4.535930633544921875e+01
3.981133422851562500e+02
1.515192108154296875e+02
1.654348373413085938e+01
9.726660156250000000e+01
1.281791687011718750e+02
1.781924133300781250e+02
4.522852420806884766e+00
1.975652122497558594e+01
3.246570739746093750e+02
1.639471435546875000e+02
4.260423660278320312e+01
1.467811126708984375e+02
1.798751678466796875e+02
1.626353912353515625e+02
3.757109832763671875e+01
1.798625488281250000e+02
1.795385284423828125e+02
1.865725708007812500e+02
4.084125900268554688e+01
1.753526153564453125e+02
0.000000000000000000e+00
0.000000000000000000e+00
0.000000000000000000e+00
0.000000000000000000e+00
