2.404858551025390625e+02
1.714557495117187500e+02
2.537220954895019531e+01
9.750087738037109375e+01
3.511897583007812500e+02
1.560276947021484375e+02
5.733155441284179688e+01
2.540638122558593750e+02
1.380432586669921875e+02
1.768402709960937500e+02
9.322069168090820312e+00
3.895428466796875000e+01
2.172873687744140625e+02
1.704712677001953125e+02
2.489316177368164062e+01
9.419190216064453125e+01
1.970612640380859375e+02
1.677171630859375000e+02
1.952254295349121094e+01
9.419815063476562500e+01
1.537005157470703125e+02
1.724779205322265625e+02
7.909937381744384766e+00
3.583062362670898438e+01
3.487487792968750000e+02
1.584964447021484375e+02
6.279329681396484375e+01
2.642334289550781250e+02
2.448902130126953125e+02
1.665707397460937500e+02
2.432247352600097656e+01
1.059890518188476562e+02
1.982342376708984375e+02
1.694162597656250000e+02
2.370154571533203125e+01
9.266114807128906250e+01
3.615004882812500000e+02
1.493013305664062500e+02
5.370626449584960938e+01
2.654985351562500000e+02
1.415115203857421875e+02
1.756209259033203125e+02
8.612286567687988281e+00
3.829002761840820312e+01
1.259255676269531250e+02
1.752810058593750000e+02
7.898565292358398438e+00
3.020895195007324219e+01
1.192670211791992188e+02
1.740584259033203125e+02
8.355975151062011719e+00
3.159136581420898438e+01
3.378433532714843750e+02
1.612807922363281250e+02
7.673686218261718750e+01
2.448941802978515625e+02
1.536092071533203125e+02
1.753098754882812500e+02
8.835058212280273438e+00
3.544354248046875000e+01
2.405964202880859375e+02
1.735002288818359375e+02
2.505582618713378906e+01
1.037012863159179688e+02
1.968657073974609375e+02
1.653999176025390625e+02
4.441171646118164062e+01
1.015810928344726562e+02
8.809242248535156250e+01
1.762689819335937500e+02
1.234078693389892578e+01
4.372437286376953125e+01
3.632989501953125000e+02
1.599063415527343750e+02
5.067324066162109375e+01
2.631837768554687500e+02
7.950854492187500000e+01
1.840332946777343750e+02
1.317931747436523438e+01
3.752204132080078125e+01
2.086938018798828125e+02
1.623642578125000000e+02
4.119939804077148438e+01
1.086733093261718750e+02
9.161236572265625000e+01
1.767735900878906250e+02
1.214719963073730469e+01
4.049906921386718750e+01
0.000000000000000000e+00
0.000000000000000000e+00
0.000000000000000000e+00
0.000000000000000000e+00
