3.013257141113281250e+02
1.612026824951171875e+02
2.308409118652343750e+01
1.145205001831054688e+02
3.412369995117187500e+02
1.684436340332031250e+02
4.483592605590820312e+01
1.630469665527343750e+02
1.615305633544921875e+02
1.773589935302734375e+02
1.958666801452636719e+01
6.637319946289062500e+01
1.835950317382812500e+02
1.668413848876953125e+02
3.638332366943359375e+01
1.890837707519531250e+02
2.143005828857421875e+02
1.653641662597656250e+02
4.187038040161132812e+01
2.237213134765625000e+02
3.023225708007812500e+02
1.755390319824218750e+02
2.312872314453125000e+01
9.979044342041015625e+01
2.521641540527343750e+02
1.679027404785156250e+02
1.015320205688476562e+01
4.520938491821289062e+01
3.398891296386718750e+02
1.832518463134765625e+02
4.718280029296875000e+01
1.518742980957031250e+02
3.481874694824218750e+02
1.662863464355468750e+02
4.221043777465820312e+01
1.670485382080078125e+02
1.610599822998046875e+02
1.754795837402343750e+02
1.797181510925292969e+01
6.169836044311523438e+01
1.094513244628906250e+02
1.743982238769531250e+02
9.483001708984375000e+00
4.202857208251953125e+01
1.215755233764648438e+02
1.777339172363281250e+02
5.514592170715332031e+00
2.008840560913085938e+01
2.140818023681640625e+02
1.522600250244140625e+02
4.136650848388671875e+01
2.283403625488281250e+02
1.828222198486328125e+02
1.617425231933593750e+02
3.799672698974609375e+01
1.805064544677734375e+02
3.406046447753906250e+02
1.578201599121093750e+02
1.455234813690185547e+01
9.361310577392578125e+01
2.523091125488281250e+02
1.725397338867187500e+02
1.001996612548828125e+01
4.106335449218750000e+01
1.491273193359375000e+02
1.819355773925781250e+02
1.164433574676513672e+01
4.508374023437500000e+01
3.975242919921875000e+02
1.527269897460937500e+02
1.701181221008300781e+01
9.724114990234375000e+01
1.288067626953125000e+02
1.773330688476562500e+02
4.722032546997070312e+00
1.891332054138183594e+01
1.437293395996093750e+02
1.783634033203125000e+02
8.818603515625000000e+00
3.040880012512207031e+01
2.953511352539062500e+02
1.597511291503906250e+02
3.441452789306640625e+01
1.142494354248046875e+02
3.412214050292968750e+02
1.643683166503906250e+02
4.265296173095703125e+01
1.432274627685546875e+02
0.000000000000000000e+00
0.000000000000000000e+00
0.000000000000000000e+00
0.000000000000000000e+00
