1.448053131103515625e+02
1.687202758789062500e+02
2.213706207275390625e+01
1.170244140625000000e+02
1.166700134277343750e+02
1.674514770507812500e+02
3.447756576538085938e+01
1.511333770751953125e+02
1.664896850585937500e+02
1.754522857666015625e+02
1.790975570678710938e+01
8.882541656494140625e+01
1.155240325927734375e+02
1.657814636230468750e+02
3.414064788818359375e+01
1.435799713134765625e+02
2.690059204101562500e+02
1.686686096191406250e+02
9.200495719909667969e+00
4.216169738769531250e+01
1.670667572021484375e+02
1.761222076416015625e+02
1.930210304260253906e+01
8.625984954833984375e+01
1.458708038330078125e+02
1.709032897949218750e+02
2.111318778991699219e+01
1.005008392333984375e+02
2.157324218750000000e+02
1.740998535156250000e+02
9.558124542236328125e+00
3.001707267761230469e+01
3.638491210937500000e+02
1.677039031982421875e+02
2.304428291320800781e+01
6.106277847290039062e+01
2.013630371093750000e+02
1.678722839355468750e+02
9.437335968017578125e+00
3.654632568359375000e+01
1.644637451171875000e+02
1.782122955322265625e+02
1.882566070556640625e+01
9.647878265380859375e+01
2.355151672363281250e+02
1.723438110351562500e+02
1.106884860992431641e+01
4.438272857666015625e+01
2.014888305664062500e+02
1.672207031250000000e+02
8.916291236877441406e+00
3.143344116210937500e+01
2.694026489257812500e+02
1.745619201660156250e+02
9.621795654296875000e+00
3.703381729125976562e+01
0.000000000000000000e+00
0.000000000000000000e+00
0.000000000000000000e+00
0.000000000000000000e+00
