2.761212463378906250e+02
1.623349609375000000e+02
2.081767082214355469e+01
1.041881561279296875e+02
3.723135681152343750e+02
1.674650268554687500e+02
4.414915084838867188e+01
1.885495452880859375e+02
1.732312469482421875e+02
1.742121582031250000e+02
1.607613372802734375e+01
8.049600219726562500e+01
3.736110839843750000e+02
1.606985778808593750e+02
4.176147460937500000e+01
1.822797088623046875e+02
3.530879974365234375e+00
1.564632110595703125e+02
3.416002655029296875e+01
1.743275451660156250e+02
3.573094787597656250e+02
1.576584930419921875e+02
3.133466339111328125e+01
1.578657226562500000e+02
1.575016021728515625e+02
1.797168884277343750e+02
1.157702922821044922e+01
4.945576477050781250e+01
3.568491210937500000e+02
1.590612487792968750e+02
3.467724227905273438e+01
1.713672180175781250e+02
1.079103012084960938e+02
1.760797729492187500e+02
1.054505252838134766e+01
4.076202011108398438e+01
2.211228179931640625e+02
1.676766967773437500e+02
4.661576461791992188e+01
2.188038330078125000e+02
2.580332336425781250e+02
1.726777496337890625e+02
9.549581527709960938e+00
4.132409286499023438e+01
1.871606903076171875e+02
1.659214782714843750e+02
3.603495407104492188e+01
1.930125885009765625e+02
2.791023559570312500e+02
1.610275115966796875e+02
1.830799102783203125e+01
1.066525497436523438e+02
2.240282592773437500e+02
1.735186309814453125e+02
4.607442092895507812e+01
1.833916320800781250e+02
2.575837707519531250e+02
1.705860748291015625e+02
9.303046226501464844e+00
3.994232940673828125e+01
8.022895050048828125e+01
1.779341125488281250e+02
1.133071422576904297e+01
4.109593582153320312e+01
7.912837219238281250e+01
1.801304473876953125e+02
1.240734386444091797e+01
4.282963180541992188e+01
3.699053039550781250e+02
1.962213439941406250e+02
4.651890563964843750e+01
1.593018798828125000e+02
1.051599426269531250e+02
1.744552307128906250e+02
9.766426086425781250e+00
4.299583053588867188e+01
2.151654510498046875e+02
1.637855224609375000e+02
4.479904174804687500e+01
2.247723846435546875e+02
1.215901565551757812e+02
1.776671447753906250e+02
5.490583419799804688e+00
2.070819091796875000e+01
2.141904907226562500e+02
1.544516296386718750e+02
4.408864593505859375e+01
2.244215850830078125e+02
1.861909790039062500e+02
1.606473999023437500e+02
3.629666519165039062e+01
1.822193450927734375e+02
2.765947265625000000e+02
1.663298950195312500e+02
1.822695922851562500e+01
7.815365600585937500e+01
1.494747772216796875e+02
1.806242980957031250e+02
1.064508056640625000e+01
4.741767501831054688e+01
0.000000000000000000e+00
0.000000000000000000e+00
0.000000000000000000e+00
0.000000000000000000e+00
