2.449881286621093750e+02
1.643305816650390625e+02
2.467481040954589844e+01
1.081326217651367188e+02
2.172496337890625000e+02
1.692581176757812500e+02
2.616114807128906250e+01
9.664366149902343750e+01
3.538991699218750000e+02
1.535557861328125000e+02
5.413262557983398438e+01
2.570615234375000000e+02
1.378315582275390625e+02
1.771336364746093750e+02
9.468319892883300781e+00
3.873227691650390625e+01
2.420135498046875000e+02
1.715705871582031250e+02
2.537968444824218750e+01
9.371924591064453125e+01
3.638054809570312500e+02
1.480037841796875000e+02
5.194012832641601562e+01
2.671286010742187500e+02
2.005398406982421875e+02
1.713775329589843750e+02
2.022216987609863281e+01
8.750173950195312500e+01
1.537341766357421875e+02
1.750227508544921875e+02
9.107693672180175781e+00
3.653128814697265625e+01
1.538300018310546875e+02
1.722306365966796875e+02
8.362517356872558594e+00
3.691141891479492188e+01
3.520420837402343750e+02
1.617661590576171875e+02
5.748405075073242188e+01
2.579154357910156250e+02
1.418165435791015625e+02
1.768179016113281250e+02
8.198272705078125000e+00
3.705673599243164062e+01
1.195111160278320312e+02
1.730087585449218750e+02
8.847071647644042969e+00
3.358990478515625000e+01
1.255732727050781250e+02
1.748156127929687500e+02
8.071836471557617188e+00
3.107433509826660156e+01
2.459658050537109375e+02
1.736550445556640625e+02
2.223100090026855469e+01
1.046174011230468750e+02
2.420068664550781250e+02
1.572990570068359375e+02
3.245258712768554688e+01
1.209900436401367188e+02
2.008336029052734375e+02
1.705104675292968750e+02
1.867986679077148438e+01
6.688337707519531250e+01
2.104154815673828125e+02
1.621215820312500000e+02
3.927097702026367188e+01
1.079831771850585938e+02
0.000000000000000000e+00
0.000000000000000000e+00
0.000000000000000000e+00
0.000000000000000000e+00
