1.261913146972656250e+02
1.680505981445312500e+02
2.683100128173828125e+01
1.068650283813476562e+02
3.269138488769531250e+02
1.568056335449218750e+02
4.404103088378906250e+01
1.535537261962890625e+02
1.019703445434570312e+02
1.696664123535156250e+02
2.505750656127929688e+01
1.166081390380859375e+02
3.310656738281250000e+02
1.558580474853515625e+02
4.935062789916992188e+01
1.570168151855468750e+02
1.254405212402343750e+02
1.750756225585937500e+02
2.719844818115234375e+01
1.005968017578125000e+02
3.571044616699218750e+02
1.606496124267578125e+02
3.696398544311523438e+01
1.439783630371093750e+02
1.565639343261718750e+02
1.751114349365234375e+02
1.070048904418945312e+01
4.507326889038085938e+01
9.803833770751953125e+01
1.693231658935546875e+02
3.253182983398437500e+01
1.164262466430664062e+02
2.700874938964843750e+02
1.693436584472656250e+02
9.407487869262695312e+00
3.914834594726562500e+01
9.426025390625000000e+01
1.712657165527343750e+02
3.349885940551757812e+01
1.156202087402343750e+02
3.119332275390625000e+02
1.763939514160156250e+02
9.771731376647949219e+00
3.897744369506835938e+01
3.995539245605468750e+02
1.468550415039062500e+02
1.524751567840576172e+01
1.076793594360351562e+02
1.023280792236328125e+02
1.777336425781250000e+02
2.433077049255371094e+01
8.576306915283203125e+01
3.236913452148437500e+02
1.713238983154296875e+02
4.970541000366210938e+01
1.416652832031250000e+02
1.209083099365234375e+02
1.691818695068359375e+02
3.658883285522460938e+01
1.046968917846679688e+02
3.613573303222656250e+02
1.744628295898437500e+02
2.797269439697265625e+01
1.138975372314453125e+02
0.000000000000000000e+00
0.000000000000000000e+00
0.000000000000000000e+00
0.000000000000000000e+00
