5.681692504882812500e+01
1.640522460937500000e+02
3.098111343383789062e+01
1.302062225341796875e+02
9.035287475585937500e+01
1.649213867187500000e+02
3.724104690551757812e+01
1.343148803710937500e+02
5.911931610107421875e+01
1.670213317871093750e+02
2.636230468750000000e+01
1.246196670532226562e+02
1.435531311035156250e+02
1.690658874511718750e+02
2.678870391845703125e+01
1.183876876831054688e+02
2.281666259765625000e+02
1.614228210449218750e+02
4.703131103515625000e+01
2.291599884033203125e+02
1.399411773681640625e+02
1.565691070556640625e+02
3.303098297119140625e+01
1.308402404785156250e+02
1.398340301513671875e+02
1.653259124755859375e+02
3.375997924804687500e+01
1.217744674682617188e+02
2.267514801025390625e+02
1.521927032470703125e+02
4.839519882202148438e+01
2.299246520996093750e+02
2.116372222900390625e+02
1.660769958496093750e+02
2.797483062744140625e+01
1.934225006103515625e+02
9.582051086425781250e+01
1.637516479492187500e+02
4.107246398925781250e+01
1.355149688720703125e+02
2.078224792480468750e+02
1.648412170410156250e+02
2.932850265502929688e+01
1.942888946533203125e+02
1.433878326416015625e+02
1.703000640869140625e+02
2.588169670104980469e+01
9.877109527587890625e+01
1.225174865722656250e+02
1.706795349121093750e+02
1.946612930297851562e+01
9.108650207519531250e+01
1.871756286621093750e+02
1.702338867187500000e+02
1.776662254333496094e+01
6.170088195800781250e+01
1.441647186279296875e+02
1.570238952636718750e+02
3.560408401489257812e+01
1.268904571533203125e+02
1.881776885986328125e+02
1.672810363769531250e+02
1.180183506011962891e+01
7.160044097900390625e+01
3.637503967285156250e+02
1.671189117431640625e+02
2.202580261230468750e+01
6.182593536376953125e+01
2.106924285888671875e+02
1.538825683593750000e+02
3.001408576965332031e+01
1.949910583496093750e+02
9.429034423828125000e+01
1.701602172851562500e+02
2.644079971313476562e+01
1.240618667602539062e+02
2.064813079833984375e+02
1.586293945312500000e+02
3.089059448242187500e+01
1.851276092529296875e+02
1.441216888427734375e+02
1.683454895019531250e+02
3.442314910888671875e+01
1.173258132934570312e+02
2.401337738037109375e+02
1.601036376953125000e+02
4.226729202270507812e+01
2.326941375732421875e+02
0.000000000000000000e+00
0.000000000000000000e+00
0.000000000000000000e+00
0.000000000000000000e+00
