1.773845825195312500e+02
1.703565979003906250e+02
2.388872909545898438e+01
8.994638061523437500e+01
3.285071411132812500e+02
1.592161254882812500e+02
5.756507110595703125e+01
2.455860595703125000e+02
1.415262145996093750e+02
1.763977661132812500e+02
9.227855682373046875e+00
3.994968414306640625e+01
3.238367614746093750e+02
1.616052551269531250e+02
4.947024917602539062e+01
2.402013702392578125e+02
2.012439727783203125e+02
1.649861755371093750e+02
2.294573402404785156e+01
1.020780487060546875e+02
2.223083801269531250e+02
1.715703125000000000e+02
2.676659011840820312e+01
1.089382400512695312e+02
3.889813537597656250e+02
1.581746520996093750e+02
2.716154861450195312e+01
2.462099151611328125e+02
1.526787414550781250e+02
1.762043457031250000e+02
8.527651786804199219e+00
3.344374084472656250e+01
2.221335906982421875e+02
1.750754699707031250e+02
2.597461700439453125e+01
8.925352478027343750e+01
2.151006927490234375e+02
1.623893737792968750e+02
3.841778564453125000e+01
1.175108184814453125e+02
3.901964111328125000e+02
1.727003784179687500e+02
2.587610435485839844e+01
2.410490875244140625e+02
1.524240722656250000e+02
1.739111022949218750e+02
8.560299873352050781e+00
3.438300323486328125e+01
3.224957580566406250e+02
1.784338531494140625e+02
5.065938186645507812e+01
2.248807067871093750e+02
2.165814514160156250e+02
1.704205169677734375e+02
3.667189025878906250e+01
1.104583129882812500e+02
7.967057037353515625e+01
1.816300354003906250e+02
1.234208297729492188e+01
4.120475006103515625e+01
3.774223632812500000e+02
1.605926208496093750e+02
3.782846450805664062e+01
2.410664520263671875e+02
1.258573989868164062e+02
1.758105010986328125e+02
8.118362426757812500e+00
3.004865264892578125e+01
3.571747131347656250e+02
1.656559295654296875e+02
3.625162124633789062e+01
2.290042419433593750e+02
3.282615966796875000e+02
1.813692169189453125e+02
5.847822189331054688e+01
2.187125549316406250e+02
3.895447998046875000e+02
1.348058471679687500e+02
2.546666717529296875e+01
2.638779296875000000e+02
1.837261657714843750e+02
1.676035156250000000e+02
2.130265808105468750e+01
9.580488586425781250e+01
2.386911773681640625e+02
1.685343933105468750e+02
1.855850219726562500e+01
9.921155548095703125e+01
7.989387512207031250e+01
1.790902404785156250e+02
1.199655628204345703e+01
3.955775833129882812e+01
1.192413024902343750e+02
1.757811126708984375e+02
7.848241806030273438e+00
2.974460220336914062e+01
8.787602996826171875e+01
1.773356170654296875e+02
1.110848522186279297e+01
4.220496749877929688e+01
1.255827407836914062e+02
1.790446624755859375e+02
8.001568794250488281e+00
2.735035896301269531e+01
0.000000000000000000e+00
0.000000000000000000e+00
0.000000000000000000e+00
0.000000000000000000e+00
