1.739298553466796875e+02
1.629170379638671875e+02
2.974836921691894531e+01
1.446330871582031250e+02
2.041741943359375000e+02
1.741446990966796875e+02
2.897089195251464844e+01
1.189193725585937500e+02
2.023394317626953125e+02
1.716250152587890625e+02
3.438855743408203125e+01
1.211572647094726562e+02
1.334223632812500000e+02
1.624231719970703125e+02
4.663439178466796875e+01
2.004433288574218750e+02
1.220082931518554688e+02
1.676670227050781250e+02
1.625133323669433594e+01
7.150762176513671875e+01
1.736080017089843750e+02
1.631006469726562500e+02
3.038607215881347656e+01
1.579200592041015625e+02
2.217834625244140625e+02
1.683368988037109375e+02
2.081319046020507812e+01
1.030361633300781250e+02
1.232433700561523438e+02
1.716055450439453125e+02
1.312855815887451172e+01
6.595251464843750000e+01
1.090526657104492188e+02
1.734930572509765625e+02
1.033746814727783203e+01
4.406563949584960938e+01
1.745582122802734375e+02
1.683940124511718750e+02
2.657071495056152344e+01
1.312280731201171875e+02
2.489154205322265625e+02
1.734798431396484375e+02
1.010515880584716797e+01
3.948373031616210938e+01
2.494493255615234375e+02
1.694304809570312500e+02
8.465213775634765625e+00
4.263532257080078125e+01
2.201125183105468750e+02
1.700741577148437500e+02
2.141266441345214844e+01
1.142242813110351562e+02
3.629402465820312500e+02
1.671760864257812500e+02
2.289062690734863281e+01
6.930751037597656250e+01
1.160242309570312500e+02
1.702770538330078125e+02
1.947276306152343750e+01
6.330807876586914062e+01
1.327106628417968750e+02
1.763081665039062500e+02
4.524333572387695312e+01
1.466538696289062500e+02
9.816812896728515625e+01
1.784895477294921875e+02
8.548027992248535156e+00
3.685338973999023438e+01
1.420793151855468750e+02
1.656719512939453125e+02
4.040450286865234375e+01
1.930266418457031250e+02
1.048825683593750000e+02
1.744794006347656250e+02
8.637740135192871094e+00
4.316339874267578125e+01
0.000000000000000000e+00
0.000000000000000000e+00
0.000000000000000000e+00
0.000000000000000000e+00
