6.883233642578125000e+01
1.676416168212890625e+02
3.798239898681640625e+01
1.243381576538085938e+02
1.495766906738281250e+02
1.543582763671875000e+02
3.260774612426757812e+01
1.275184402465820312e+02
1.086518020629882812e+02
1.679860839843750000e+02
2.482928085327148438e+01
1.248434066772460938e+02
1.527576599121093750e+02
1.571806335449218750e+02
2.673379898071289062e+01
1.240271377563476562e+02
1.025016479492187500e+02
1.681955871582031250e+02
3.402088165283203125e+01
1.237640228271484375e+02
1.547626342773437500e+02
1.740564422607421875e+02
2.555323982238769531e+01
1.053429870605468750e+02
2.252333374023437500e+02
1.471509399414062500e+02
4.957385635375976562e+01
2.378419799804687500e+02
1.339510650634765625e+02
1.789692993164062500e+02
2.568737983703613281e+01
9.605676269531250000e+01
2.234402465820312500e+02
1.629411621093750000e+02
5.356314468383789062e+01
2.254516601562500000e+02
6.855569458007812500e+01
1.657919464111328125e+02
3.843791961669921875e+01
1.128508682250976562e+02
1.363606262207031250e+02
1.790085144042968750e+02
2.314722251892089844e+01
7.762383270263671875e+01
1.828846435546875000e+02
1.717542419433593750e+02
1.317048549652099609e+01
6.144294357299804688e+01
1.493740539550781250e+02
1.650180816650390625e+02
3.308805084228515625e+01
1.213188247680664062e+02
2.425746765136718750e+02
1.640836181640625000e+02
4.365966415405273438e+01
2.025884552001953125e+02
2.112199096679687500e+02
1.658422851562500000e+02
3.317230224609375000e+01
1.965323638916015625e+02
3.635105590820312500e+02
1.685547790527343750e+02
2.323338699340820312e+01
6.293986892700195312e+01
1.825701599121093750e+02
1.727715301513671875e+02
1.247589397430419922e+01
4.793395614624023438e+01
2.550261230468750000e+02
1.630360412597656250e+02
2.037743186950683594e+01
6.964273834228515625e+01
1.737604980468750000e+02
1.763964843750000000e+02
9.019659996032714844e+00
3.999226379394531250e+01
0.000000000000000000e+00
0.000000000000000000e+00
0.000000000000000000e+00
0.000000000000000000e+00
