1.616864013671875000e+02
1.643967590332031250e+02
2.372650146484375000e+01
1.227033233642578125e+02
1.304610443115234375e+02
1.643061370849609375e+02
2.134511947631835938e+01
1.069133911132812500e+02
1.852662506103515625e+02
1.645319519042968750e+02
2.448917961120605469e+01
9.833759307861328125e+01
3.274439697265625000e+02
1.614260253906250000e+02
3.138396263122558594e+01
1.475139312744140625e+02
2.474953460693359375e+02
1.498418884277343750e+02
3.973751831054687500e+01
2.342382202148437500e+02
1.616709594726562500e+02
1.636682281494140625e+02
2.216237831115722656e+01
1.170824356079101562e+02
2.873288269042968750e+02
1.747534179687500000e+02
4.959029769897460938e+01
2.113113861083984375e+02
1.310484008789062500e+02
1.792679748535156250e+02
2.037944221496582031e+01
9.392298889160156250e+01
9.384954833984375000e+01
1.818052215576171875e+02
2.166994094848632812e+01
7.146869659423828125e+01
1.546513671875000000e+02
1.596791229248046875e+02
3.359304809570312500e+01
1.244620285034179688e+02
2.458900909423828125e+02
1.586857299804687500e+02
4.320802688598632812e+01
2.320084075927734375e+02
1.546964416503906250e+02
1.672441253662109375e+02
3.356128692626953125e+01
1.168191757202148438e+02
3.262018432617187500e+02
1.661972045898437500e+02
3.394157409667968750e+01
1.511390686035156250e+02
1.189614105224609375e+02
1.739231719970703125e+02
8.158363342285156250e+00
3.006361198425292969e+01
1.193176269531250000e+00
1.257630157470703125e+02
5.241766357421875000e+01
3.072713928222656250e+02
2.879932861328125000e+02
1.803925018310546875e+02
5.092771148681640625e+01
2.248219299316406250e+02
3.661697387695312500e+02
1.679075775146484375e+02
1.966595840454101562e+01
6.351544952392578125e+01
2.889094238281250000e+02
1.699275817871093750e+02
4.561417388916015625e+01
1.938406372070312500e+02
8.167995452880859375e+01
1.848867187500000000e+02
2.026493835449218750e+01
6.537722015380859375e+01
3.307712402343750000e+02
1.700579833984375000e+02
2.431658554077148438e+01
1.295493011474609375e+02
2.687832946777343750e+02
1.545572967529296875e+02
7.732019805908203125e+01
2.512887268066406250e+02
1.210974884033203125e+02
1.769912109375000000e+02
5.704251289367675781e+00
2.374748611450195312e+01
0.000000000000000000e+00
0.000000000000000000e+00
0.000000000000000000e+00
0.000000000000000000e+00
