3.857498550415039062e+01
1.542559814453125000e+02
3.817355346679687500e+01
1.597472076416015625e+02
2.272648315429687500e+02
1.530218505859375000e+02
4.564577865600585938e+01
2.458896331787109375e+02
2.288076934814453125e+02
1.510399169921875000e+02
4.324216461181640625e+01
2.291814727783203125e+02
3.179563293457031250e+02
1.683915100097656250e+02
9.692354202270507812e+00
4.255810546875000000e+01
1.905382995605468750e+02
1.600691528320312500e+02
4.017131042480468750e+01
2.055651855468750000e+02
1.582509307861328125e+02
1.813126983642578125e+02
1.079564189910888672e+01
4.634511566162109375e+01
1.047232589721679688e+02
1.744281616210937500e+02
1.065380382537841797e+01
4.283335494995117188e+01
8.009141540527343750e+01
1.774103698730468750e+02
1.163149166107177734e+01
4.221922302246093750e+01
3.633843994140625000e+02
1.679908599853515625e+02
2.125749206542968750e+01
6.856283569335937500e+01
3.858141326904296875e+01
1.643765411376953125e+02
3.896894073486328125e+01
1.557047424316406250e+02
1.875810546875000000e+02
1.676496276855468750e+02
3.784716796875000000e+01
1.899541473388671875e+02
7.958200836181640625e+01
1.792922058105468750e+02
1.232253360748291016e+01
4.453726577758789062e+01
3.900828857421875000e+02
1.548777313232421875e+02
2.564725303649902344e+01
1.832572021484375000e+02
1.211282806396484375e+02
1.767523193359375000e+02
5.665093421936035156e+00
2.143424415588378906e+01
3.178897094726562500e+02
1.705938262939453125e+02
9.627346992492675781e+00
4.423449325561523438e+01
3.922395324707031250e+02
1.305825958251953125e+02
2.329407882690429688e+01
2.097689514160156250e+02
1.499631652832031250e+02
1.820180816650390625e+02
1.004415225982666016e+01
4.485854721069335938e+01
3.808717346191406250e+01
1.510215911865234375e+02
3.941067123413085938e+01
1.410660705566406250e+02
8.701709747314453125e+01
1.763642120361328125e+02
1.027610492706298828e+01
4.325482940673828125e+01
0.000000000000000000e+00
0.000000000000000000e+00
0.000000000000000000e+00
0.000000000000000000e+00
