1.566170196533203125e+02
1.749789886474609375e+02
2.270240020751953125e+01
8.639575195312500000e+01
1.359028320312500000e+02
1.681546630859375000e+02
2.365167999267578125e+01
1.181124267578125000e+02
2.736148071289062500e+02
1.705687866210937500e+02
8.147026062011718750e+00
3.774311065673828125e+01
1.107415466308593750e+02
1.820484924316406250e+02
2.356575775146484375e+01
9.815824890136718750e+01
1.191964569091796875e+02
1.673296813964843750e+02
3.734545898437500000e+01
1.301844940185546875e+02
1.066628646850585938e+02
1.672212219238281250e+02
3.400116348266601562e+01
1.325654602050781250e+02
1.299000549316406250e+02
1.685951538085937500e+02
3.566741180419921875e+01
1.179874343872070312e+02
1.403458557128906250e+02
1.760227050781250000e+02
2.011761474609375000e+01
8.858485412597656250e+01
3.633325195312500000e+02
1.668850250244140625e+02
2.289576148986816406e+01
6.667456817626953125e+01
2.166063690185546875e+02
1.730578613281250000e+02
8.364216804504394531e+00
2.938383102416992188e+01
2.171356201171875000e+02
1.745208892822265625e+02
6.927922248840332031e+00
2.532674217224121094e+01
2.356325225830078125e+02
1.731028137207031250e+02
1.138831138610839844e+01
4.408483886718750000e+01
0.000000000000000000e+00
0.000000000000000000e+00
0.000000000000000000e+00
0.000000000000000000e+00
