1.551313018798828125e+02
1.594230041503906250e+02
3.443868637084960938e+01
1.178997650146484375e+02
1.572381286621093750e+02
1.639440307617187500e+02
2.746999931335449219e+01
1.102525787353515625e+02
9.694342803955078125e+01
1.756284332275390625e+02
2.767434692382812500e+01
1.029669799804687500e+02
1.252008666992187500e+02
1.735160064697265625e+02
2.576528739929199219e+01
1.101275711059570312e+02
2.824241638183593750e+02
1.649316406250000000e+02
3.365313720703125000e+01
1.304008331298828125e+02
2.848774108886718750e+02
1.730255126953125000e+02
2.786603355407714844e+01
1.151585235595703125e+02
1.015662078857421875e+02
1.732512664794921875e+02
2.480161094665527344e+01
1.054512863159179688e+02
1.598918762207031250e+02
1.531644287109375000e+02
3.435924148559570312e+01
1.264140625000000000e+02
1.187151641845703125e+02
1.673349914550781250e+02
3.586373138427734375e+01
1.200062484741210938e+02
1.666669311523437500e+02
1.557818450927734375e+02
2.257427597045898438e+01
1.217954711914062500e+02
2.605533752441406250e+02
1.597183227539062500e+02
3.551184463500976562e+01
1.464183502197265625e+02
3.625214233398437500e+02
1.677553405761718750e+02
2.342793655395507812e+01
6.588794708251953125e+01
9.846677398681640625e+01
1.666021881103515625e+02
3.487399291992187500e+01
1.196189346313476562e+02
9.748827362060546875e+01
1.721963500976562500e+02
2.562783241271972656e+01
9.807180023193359375e+01
1.262607879638671875e+02
1.776499023437500000e+02
2.366556549072265625e+01
8.131387329101562500e+01
1.043808288574218750e+02
1.687235107421875000e+02
2.265412330627441406e+01
1.028018035888671875e+02
2.589082641601562500e+02
1.603542938232421875e+02
3.661920928955078125e+01
1.748989562988281250e+02
7.087207031250000000e+01
1.866564178466796875e+02
2.256921958923339844e+01
6.018320465087890625e+01
9.801980590820312500e+01
1.614306030273437500e+02
3.473406600952148438e+01
1.201308441162109375e+02
8.817149353027343750e+01
1.751343994140625000e+02
1.043276596069335938e+01
4.570330429077148438e+01
6.586193847656250000e+01
1.929127044677734375e+02
2.630136299133300781e+01
5.373064804077148438e+01
1.941218566894531250e+02
1.453225402832031250e+02
8.818635559082031250e+01
2.429301147460937500e+02
2.656658325195312500e+02
1.693327331542968750e+02
2.570755577087402344e+01
9.293367004394531250e+01
2.843725280761718750e+02
1.731725006103515625e+02
2.676249504089355469e+01
9.238900756835937500e+01
2.808547973632812500e+02
1.588405151367187500e+02
3.579683685302734375e+01
1.250367431640625000e+02
0.000000000000000000e+00
0.000000000000000000e+00
0.000000000000000000e+00
0.000000000000000000e+00
