1.245086212158203125e+02
1.635180969238281250e+02
2.541455459594726562e+01
1.289301300048828125e+02
1.205762863159179688e+02
1.614003143310546875e+02
3.104356956481933594e+01
1.307947082519531250e+02
1.348275756835937500e+01
1.651301879882812500e+02
3.294460296630859375e+01
1.446013183593750000e+02
8.611228942871093750e+01
1.709925537109375000e+02
2.783952903747558594e+01
1.133789672851562500e+02
2.312247314453125000e+02
1.602145385742187500e+02
5.369732666015625000e+01
2.314919891357421875e+02
1.406409645080566406e+01
1.706032562255859375e+02
3.204881668090820312e+01
1.420735778808593750e+02
2.293589935302734375e+02
1.646483459472656250e+02
4.774286651611328125e+01
2.235154418945312500e+02
1.207891464233398438e+02
1.531028137207031250e+02
3.289799499511718750e+01
1.368793792724609375e+02
1.686401176452636719e+01
1.691153564453125000e+02
3.314623641967773438e+01
1.370638427734375000e+02
8.350323486328125000e+01
1.666227264404296875e+02
3.396728897094726562e+01
1.226656265258789062e+02
1.573990783691406250e+02
1.792146301269531250e+02
1.054865646362304688e+01
5.033977890014648438e+01
5.965456771850585938e+01
1.656263732910156250e+02
3.230942535400390625e+01
1.441265411376953125e+02
2.081166076660156250e+02
1.653246002197265625e+02
3.625976562500000000e+01
1.948923034667968750e+02
2.050844116210937500e+02
1.691156616210937500e+02
3.472674179077148438e+01
1.870410919189453125e+02
2.307180175781250000e+02
1.664219512939453125e+02
5.818544006347656250e+01
2.028149108886718750e+02
1.813899993896484375e+01
1.714991149902343750e+02
3.100860023498535156e+01
1.400133666992187500e+02
5.952005767822265625e+01
1.695667419433593750e+02
3.268779373168945312e+01
1.428809051513671875e+02
3.629750671386718750e+02
1.676885833740234375e+02
2.311324310302734375e+01
6.514157867431640625e+01
2.284461669921875000e+02
1.600405883789062500e+02
4.646749114990234375e+01
2.164199371337890625e+02
2.076405944824218750e+02
1.562245483398437500e+02
3.676398086547851562e+01
1.921166229248046875e+02
1.552277946472167969e+01
1.756036987304687500e+02
2.773070526123046875e+01
1.189256591796875000e+02
2.008663024902343750e+02
1.638148803710937500e+02
1.092320919036865234e+01
6.739605712890625000e+01
2.040305480957031250e+02
1.603156738281250000e+02
3.641941452026367188e+01
1.837516632080078125e+02
8.236114501953125000e+01
1.618810119628906250e+02
3.587871932983398438e+01
1.209158782958984375e+02
1.206602630615234375e+02
1.766582794189453125e+02
5.509269237518310547e+00
2.135132217407226562e+01
1.250259094238281250e+02
1.672921905517578125e+02
2.347513580322265625e+01
1.053252029418945312e+02
1.934795837402343750e+02
1.686408843994140625e+02
1.721874237060546875e+01
5.963838958740234375e+01
0.000000000000000000e+00
0.000000000000000000e+00
0.000000000000000000e+00
0.000000000000000000e+00
