1.704728546142578125e+02
1.700733947753906250e+02
2.648574638366699219e+01
1.008314361572265625e+02
1.173183975219726562e+02
1.650316009521484375e+02
3.911036300659179688e+01
1.583205261230468750e+02
1.500541229248046875e+02
1.691638183593750000e+02
2.313896942138671875e+01
1.212309112548828125e+02
1.706864013671875000e+02
1.824568023681640625e+02
2.588418769836425781e+01
8.822231292724609375e+01
3.627880859375000000e+02
1.675884704589843750e+02
2.393192481994628906e+01
6.688755035400390625e+01
1.174083175659179688e+02
1.661730651855468750e+02
3.923160934448242188e+01
1.433191986083984375e+02
2.063243713378906250e+02
1.678690185546875000e+02
8.898551940917968750e+00
3.713107299804687500e+01
3.977151794433593750e+02
1.806598052978515625e+02
1.713204765319824219e+01
6.995914459228515625e+01
2.165633392333984375e+02
1.705067443847656250e+02
8.678364753723144531e+00
3.323308181762695312e+01
1.519118804931640625e+02
1.730854492187500000e+02
2.049373054504394531e+01
9.347737884521484375e+01
3.986619873046875000e+02
1.506372070312500000e+02
1.627998924255371094e+01
1.010628204345703125e+02
1.462752532958984375e+02
1.747602386474609375e+02
2.239944076538085938e+01
1.153859939575195312e+02
1.378714904785156250e+02
1.667051086425781250e+02
3.431789398193359375e+01
1.375103759765625000e+02
1.475383300781250000e+02
1.686403808593750000e+02
3.033472442626953125e+01
1.249666595458984375e+02
0.000000000000000000e+00
0.000000000000000000e+00
0.000000000000000000e+00
0.000000000000000000e+00
