1.262547760009765625e+02
1.630566253662109375e+02
2.099640655517578125e+01
1.091603775024414062e+02
1.566459503173828125e+02
1.664072875976562500e+02
2.085647583007812500e+01
1.183973388671875000e+02
3.205179748535156250e+02
1.639605407714843750e+02
2.447933197021484375e+01
1.357711791992187500e+02
3.186594238281250000e+02
1.603509216308593750e+02
2.833068656921386719e+01
1.432572174072265625e+02
1.048826217651367188e+01
1.420622711181640625e+02
8.964616394042968750e+01
2.753829650878906250e+02
2.408326568603515625e+02
1.733165283203125000e+02
4.369289398193359375e+01
2.038740386962890625e+02
2.414990386962890625e+02
1.624191284179687500e+02
3.976930618286132812e+01
2.110592498779296875e+02
1.771693572998046875e+02
1.642868652343750000e+02
2.313085746765136719e+01
1.087161865234375000e+02
1.561610260009765625e+02
1.646142272949218750e+02
2.196330642700195312e+01
1.151655120849609375e+02
2.751052246093750000e+02
1.756893463134765625e+02
5.047519302368164062e+01
2.091155090332031250e+02
7.372035980224609375e+00
1.791896362304687500e+02
9.449176788330078125e+01
2.291522979736328125e+02
3.645852050781250000e+02
1.686193847656250000e+02
2.052052879333496094e+01
6.002175903320312500e+01
1.274145355224609375e+02
1.767065734863281250e+02
1.869539833068847656e+01
9.935939788818359375e+01
2.569911804199218750e+02
1.570666198730468750e+02
8.190632629394531250e+01
2.515964965820312500e+02
9.178238677978515625e+01
1.955162658691406250e+02
1.434964466094970703e+01
4.709861755371093750e+01
3.983493347167968750e+02
1.469237823486328125e+02
1.619453620910644531e+01
1.056688156127929688e+02
2.744183349609375000e+02
1.956631011962890625e+02
5.265940856933593750e+01
1.952623596191406250e+02
1.075406799316406250e+02
1.708513488769531250e+02
1.777924728393554688e+01
6.657225036621093750e+01
2.823243408203125000e+02
1.774929199218750000e+02
4.687723159790039062e+01
2.077811126708984375e+02
1.067055511474609375e+02
1.756272125244140625e+02
1.757213592529296875e+01
7.352319335937500000e+01
9.235723114013671875e+01
1.944219818115234375e+02
1.348072814941406250e+01
3.821379470825195312e+01
0.000000000000000000e+00
0.000000000000000000e+00
0.000000000000000000e+00
0.000000000000000000e+00
