2.894040832519531250e+02
1.625039672851562500e+02
3.671563339233398438e+01
1.400455627441406250e+02
1.237278900146484375e+02
1.731268615722656250e+02
2.713931846618652344e+01
9.369493865966796875e+01
2.867404479980468750e+02
1.587513732910156250e+02
3.318090057373046875e+01
1.440030059814453125e+02
1.578421173095703125e+02
1.776804199218750000e+02
9.503116607666015625e+00
4.248667907714843750e+01
1.576672515869140625e+02
1.806918182373046875e+02
8.791023254394531250e+00
4.173880386352539062e+01
2.885025939941406250e+02
1.530040588378906250e+02
3.735213851928710938e+01
1.375898284912109375e+02
9.204748535156250000e+01
1.757861938476562500e+02
2.738455200195312500e+01
1.010358276367187500e+02
3.176462707519531250e+02
1.738105163574218750e+02
2.612041473388671875e+01
1.110543365478515625e+02
3.642402648925781250e+02
1.701919250488281250e+02
2.296461486816406250e+01
5.669605636596679688e+01
9.002210998535156250e+01
1.804917755126953125e+02
2.704389953613281250e+01
7.831140899658203125e+01
8.788780975341796875e+01
1.691757507324218750e+02
3.578202819824218750e+01
1.131857147216796875e+02
2.721614379882812500e+02
1.706511535644531250e+02
7.933661460876464844e+00
3.748624420166015625e+01
8.688725280761718750e+01
1.674949645996093750e+02
3.622918319702148438e+01
1.095596771240234375e+02
1.236930999755859375e+02
1.809738464355468750e+02
2.558212471008300781e+01
9.053936767578125000e+01
2.022562408447265625e+02
1.662063293457031250e+02
7.844213962554931641e+00
3.231163406372070312e+01
2.365045318603515625e+02
1.704826965332031250e+02
1.034716129302978516e+01
4.707902526855468750e+01
3.115180358886718750e+02
1.677207641601562500e+02
3.541916656494140625e+01
1.266394958496093750e+02
0.000000000000000000e+00
0.000000000000000000e+00
0.000000000000000000e+00
0.000000000000000000e+00
