1.283202667236328125e+02
1.665657958984375000e+02
2.668923950195312500e+01
1.095221405029296875e+02
3.516680297851562500e+02
1.597967529296875000e+02
4.744860458374023438e+01
1.667249298095703125e+02
3.513131103515625000e+02
1.533553466796875000e+02
4.557323837280273438e+01
1.662561798095703125e+02
1.033992614746093750e+02
1.669306945800781250e+02
2.501897811889648438e+01
1.232623748779296875e+02
9.897734069824218750e+01
1.674103698730468750e+02
3.191679573059082031e+01
1.220198211669921875e+02
1.280178833007812500e+02
1.753132629394531250e+02
2.601365661621093750e+01
1.007665176391601562e+02
9.379113769531250000e+01
1.696361083984375000e+02
3.440393829345703125e+01
1.216452713012695312e+02
2.711755981445312500e+02
1.685319366455078125e+02
8.120417594909667969e+00
4.117163848876953125e+01
3.144758605957031250e+02
1.647802429199218750e+02
8.805295944213867188e+00
4.831543731689453125e+01
3.731603393554687500e+02
1.690255126953125000e+02
4.072722625732421875e+01
1.494373168945312500e+02
1.061479644775390625e+02
1.738956756591796875e+02
2.220892715454101562e+01
9.435109710693359375e+01
3.738543090820312500e+02
1.654015045166015625e+02
3.983858871459960938e+01
1.411762084960937500e+02
1.570951385498046875e+02
1.761783447265625000e+02
9.042711257934570312e+00
4.391257476806640625e+01
1.223416290283203125e+02
1.685793151855468750e+02
3.636254882812500000e+01
1.057454833984375000e+02
0.000000000000000000e+00
0.000000000000000000e+00
0.000000000000000000e+00
0.000000000000000000e+00
