1.752507781982421875e+02
1.625274658203125000e+02
2.919804000854492188e+01
1.468969573974609375e+02
2.059751281738281250e+02
1.714968566894531250e+02
2.795711708068847656e+01
1.221182403564453125e+02
2.029443969726562500e+02
1.702596282958984375e+02
3.430696105957031250e+01
1.225510177612304688e+02
1.220789108276367188e+02
1.686626281738281250e+02
1.641062355041503906e+01
7.042195129394531250e+01
1.748969421386718750e+02
1.629723815917968750e+02
2.984000968933105469e+01
1.589884643554687500e+02
1.335800018310546875e+02
1.590350646972656250e+02
4.623894500732421875e+01
2.071034698486328125e+02
1.090610961914062500e+02
1.740192413330078125e+02
1.047996807098388672e+01
4.346610260009765625e+01
1.236979522705078125e+02
1.713154754638671875e+02
1.293749809265136719e+01
6.635809326171875000e+01
2.482278900146484375e+02
1.737915039062500000e+02
1.076556968688964844e+01
3.872753524780273438e+01
2.489370422363281250e+02
1.698866577148437500e+02
9.370733261108398438e+00
4.186955261230468750e+01
1.752837829589843750e+02
1.688414306640625000e+02
2.648542976379394531e+01
1.306285247802734375e+02
2.233132629394531250e+02
1.682041320800781250e+02
1.916648674011230469e+01
1.018306579589843750e+02
9.815520477294921875e+01
1.783850402832031250e+02
8.447436332702636719e+00
3.701413726806640625e+01
2.524084167480468750e+02
1.735076599121093750e+02
9.966361045837402344e+00
3.915280532836914062e+01
1.410759735107421875e+02
1.676071472167968750e+02
4.281765747070312500e+01
1.893556060791015625e+02
0.000000000000000000e+00
0.000000000000000000e+00
0.000000000000000000e+00
0.000000000000000000e+00
