5.701338958740234375e+01
1.665972290039062500e+02
3.684354782104492188e+01
1.258119430541992188e+02
9.169451904296875000e+01
1.680241088867187500e+02
3.655047607421875000e+01
1.301419219970703125e+02
1.235927429199218750e+02
1.650398864746093750e+02
2.025531387329101562e+01
1.089781875610351562e+02
9.494897460937500000e+01
1.647891540527343750e+02
3.795793151855468750e+01
1.343111419677734375e+02
1.498957366943359375e+02
1.666916046142578125e+02
2.285927772521972656e+01
1.182733840942382812e+02
1.463218688964843750e+02
1.538211975097656250e+02
3.131805038452148438e+01
1.337284545898437500e+02
2.247987823486328125e+02
1.594165039062500000e+02
4.993505477905273438e+01
2.325992889404296875e+02
2.239265289306640625e+02
1.500667572021484375e+02
5.119762420654296875e+01
2.338215026855468750e+02
1.502845153808593750e+02
1.565267639160156250e+02
2.272560119628906250e+01
1.282953948974609375e+02
3.639801635742187500e+02
1.677100830078125000e+02
2.219165992736816406e+01
6.156611251831054688e+01
6.044847106933593750e+01
1.741976013183593750e+02
2.894106674194335938e+01
1.115002899169921875e+02
2.108940887451171875e+02
1.651563415527343750e+02
3.161109542846679688e+01
1.962778778076171875e+02
1.419343414306640625e+02
1.539531860351562500e+02
3.169900131225585938e+01
1.353598175048828125e+02
1.468132934570312500e+02
1.626113739013671875e+02
3.015031433105468750e+01
1.260361251831054688e+02
1.452868804931640625e+02
1.722454986572265625e+02
2.660830688476562500e+01
1.082575378417968750e+02
2.073328552246093750e+02
1.670809631347656250e+02
2.958521270751953125e+01
1.899673919677734375e+02
1.398797760009765625e+02
1.647472991943359375e+02
3.515307998657226562e+01
1.212541580200195312e+02
9.331295776367187500e+01
1.751616363525390625e+02
1.461235618591308594e+01
5.876744461059570312e+01
1.236363525390625000e+02
1.730595245361328125e+02
1.941373443603515625e+01
1.055249252319335938e+02
2.501060028076171875e+02
1.728106079101562500e+02
3.409048461914062500e+01
1.830686798095703125e+02
1.462617034912109375e+02
1.705966339111328125e+02
2.333593750000000000e+01
9.511319732666015625e+01
8.098957824707031250e+01
1.805473632812500000e+02
1.102417182922363281e+01
4.316454696655273438e+01
1.757040557861328125e+02
1.797601776123046875e+02
1.157646465301513672e+01
3.178739547729492188e+01
2.102895812988281250e+02
1.501253967285156250e+02
3.240126800537109375e+01
2.016532135009765625e+02
2.564095764160156250e+02
1.667379760742187500e+02
1.917559432983398438e+01
6.798738098144531250e+01
1.870999450683593750e+02
1.686228942871093750e+02
1.849084854125976562e+01
6.264924240112304688e+01
0.000000000000000000e+00
0.000000000000000000e+00
0.000000000000000000e+00
0.000000000000000000e+00
