2.625072937011718750e+02
1.659933624267578125e+02
2.726711845397949219e+01
1.415845642089843750e+02
1.635452117919921875e+02
1.648758087158203125e+02
3.403955459594726562e+01
1.703285827636718750e+02
2.631501159667968750e+02
1.826235046386718750e+02
2.589231872558593750e+01
1.198812255859375000e+02
1.370627441406250000e+02
1.763385467529296875e+02
1.922185707092285156e+01
6.853833770751953125e+01
2.623914489746093750e+02
1.719819641113281250e+02
2.789341735839843750e+01
1.386786651611328125e+02
1.857636260986328125e+02
1.718630371093750000e+02
5.118330001831054688e+01
2.146063385009765625e+02
2.651316833496093750e+02
1.762050018310546875e+02
2.382616043090820312e+01
1.195250549316406250e+02
1.382716979980468750e+02
1.719981994628906250e+02
1.697915840148925781e+01
6.934880065917968750e+01
1.645801696777343750e+02
1.771635131835937500e+02
3.267173767089843750e+01
1.622221221923828125e+02
1.090156478881835938e+02
1.733668518066406250e+02
1.036919212341308594e+01
4.404187393188476562e+01
1.865965270996093750e+02
1.952446899414062500e+02
4.962623596191406250e+01
1.947972412109375000e+02
1.341180877685546875e+02
1.762674865722656250e+02
1.847688865661621094e+01
6.794267272949218750e+01
8.859313964843750000e+01
1.773428344726562500e+02
1.072568416595458984e+01
4.287897872924804688e+01
2.398348846435546875e+02
1.677954406738281250e+02
7.526112079620361328e+00
4.404039001464843750e+01
1.875196685791015625e+02
1.705451965332031250e+02
4.801724243164062500e+01
1.890023956298828125e+02
8.785693359375000000e+01
1.809242858886718750e+02
1.144010448455810547e+01
4.136240768432617188e+01
1.286592864990234375e+02
1.785491790771484375e+02
6.000620841979980469e+00
2.051760101318359375e+01
1.020061035156250000e+02
1.739104309082031250e+02
9.162669181823730469e+00
4.352299499511718750e+01
1.216301269531250000e+02
1.773967590332031250e+02
6.243371009826660156e+00
2.213919067382812500e+01
2.319420776367187500e+02
1.739401092529296875e+02
9.152433395385742188e+00
4.410166549682617188e+01
3.625258483886718750e+02
1.683730468750000000e+02
2.451226997375488281e+01
6.688291931152343750e+01
1.926601257324218750e+02
1.651776123046875000e+02
4.136730957031250000e+01
1.679789733886718750e+02
0.000000000000000000e+00
0.000000000000000000e+00
0.000000000000000000e+00
0.000000000000000000e+00
