7.718142700195312500e+01
1.569700927734375000e+02
3.118416404724121094e+01
1.505917663574218750e+02
1.950456047058105469e+01
1.709496459960937500e+02
4.045032119750976562e+01
1.316833038330078125e+02
1.958990020751953125e+02
1.586706848144531250e+02
3.675448608398437500e+01
2.043573455810546875e+02
-3.364830017089843750e-01
1.686188659667968750e+02
2.487453079223632812e+01
1.626452941894531250e+02
-8.570289611816406250e-01
1.710207519531250000e+02
2.107228469848632812e+01
1.589568786621093750e+02
1.587100830078125000e+02
1.816218109130859375e+02
9.897947311401367188e+00
4.560193252563476562e+01
1.877611351013183594e+01
1.805875854492187500e+02
4.272883987426757812e+01
1.235354156494140625e+02
2.283173370361328125e+02
1.516608886718750000e+02
4.849505996704101562e+01
2.477187042236328125e+02
2.286042938232421875e+02
1.462154846191406250e+02
4.620523834228515625e+01
2.404624481201171875e+02
3.281566772460937500e+02
1.673399658203125000e+02
1.155068683624267578e+01
4.267590713500976562e+01
-9.910869598388671875e-02
1.837626800537109375e+02
2.002848625183105469e+01
1.507850646972656250e+02
1.953050384521484375e+02
1.561259155273437500e+02
3.609874725341796875e+01
1.950050964355468750e+02
7.240552520751953125e+01
1.477584533691406250e+02
3.652567672729492188e+01
1.483518371582031250e+02
1.217620162963867188e+02
1.780700378417968750e+02
4.280239582061767578e+00
1.868372535705566406e+01
3.633503723144531250e+02
1.685843048095703125e+02
2.307869338989257812e+01
6.296674346923828125e+01
-3.604745864868164062e-01
1.745191192626953125e+02
2.528935050964355469e+01
1.685636901855468750e+02
7.992291259765625000e+01
1.566100769042968750e+02
3.383422851562500000e+01
1.514794464111328125e+02
7.977933502197265625e+01
1.613236694335937500e+02
2.383395957946777344e+01
1.397134552001953125e+02
1.494049377441406250e+02
1.836049499511718750e+02
1.063805580139160156e+01
4.379460144042968750e+01
7.512028503417968750e+01
1.685236053466796875e+02
3.489862823486328125e+01
1.464605407714843750e+02
1.030678100585937500e+02
1.736291961669921875e+02
1.058828067779541016e+01
4.208272171020507812e+01
2.321368865966796875e+02
1.653362426757812500e+02
5.413601303100585938e+01
2.213306884765625000e+02
2.688845520019531250e+02
1.721049194335937500e+02
8.976140022277832031e+00
3.409771728515625000e+01
2.369046173095703125e+02
1.704190521240234375e+02
5.082822036743164062e+01
1.896452331542968750e+02
1.289403686523437500e+02
1.787670745849609375e+02
4.144345283508300781e+00
1.784435081481933594e+01
0.000000000000000000e+00
0.000000000000000000e+00
0.000000000000000000e+00
0.000000000000000000e+00
