2.428907928466796875e+02
1.714347839355468750e+02
2.185798263549804688e+01
1.298826751708984375e+02
1.976357879638671875e+02
1.566864318847656250e+02
2.908864784240722656e+01
1.767672271728515625e+02
1.287599639892578125e+02
1.690406646728515625e+02
1.815941810607910156e+01
7.182022857666015625e+01
1.968761901855468750e+02
1.612113952636718750e+02
3.038047027587890625e+01
1.524135284423828125e+02
2.382176971435546875e+02
1.669702148437500000e+02
3.065492820739746094e+01
1.391021881103515625e+02
1.093767318725585938e+02
1.743969573974609375e+02
1.085307121276855469e+01
4.304500961303710938e+01
1.299525146484375000e+02
1.763187561035156250e+02
1.850311088562011719e+01
6.604437255859375000e+01
2.416467285156250000e+02
1.785087127685546875e+02
2.373477745056152344e+01
1.268157882690429688e+02
2.381354827880859375e+02
1.734202270507812500e+02
3.091057968139648438e+01
1.363646545410156250e+02
1.222296142578125000e+02
1.768195343017578125e+02
5.872168064117431641e+00
2.341571617126464844e+01
1.314905853271484375e+02
1.762663116455078125e+02
1.371896266937255859e+01
5.762067031860351562e+01
2.522067108154296875e+02
1.663134460449218750e+02
1.844266891479492188e+01
1.322160491943359375e+02
9.249861145019531250e+01
1.841406402587890625e+02
1.096224880218505859e+01
3.674711990356445312e+01
2.439985809326171875e+02
1.607662658691406250e+02
2.813528823852539062e+01
1.456677093505859375e+02
1.319659271240234375e+02
1.795592041015625000e+02
1.371290302276611328e+01
6.018791198730468750e+01
2.583951721191406250e+02
1.641147308349609375e+02
1.648179244995117188e+01
6.754470062255859375e+01
1.556852264404296875e+02
1.540576782226562500e+02
8.482754516601562500e+01
2.354238433837890625e+02
1.033191146850585938e+02
1.752299804687500000e+02
7.514522552490234375e+00
4.082513427734375000e+01
0.000000000000000000e+00
0.000000000000000000e+00
0.000000000000000000e+00
0.000000000000000000e+00
