1.651264648437500000e+02
1.762906646728515625e+02
1.856660270690917969e+01
8.653482055664062500e+01
1.409066009521484375e+02
1.685216217041015625e+02
2.465922927856445312e+01
1.157386245727539062e+02
2.164783782958984375e+02
1.721909484863281250e+02
9.168924331665039062e+00
3.161516571044921875e+01
1.423625183105468750e+02
1.722654266357421875e+02
2.275765228271484375e+01
9.867501068115234375e+01
2.731806335449218750e+02
1.698992462158203125e+02
8.052530288696289062e+00
3.946401214599609375e+01
1.093994140625000000e+02
1.669912719726562500e+02
3.192432403564453125e+01
1.342814178466796875e+02
1.148731994628906250e+02
1.669726257324218750e+02
3.474190521240234375e+01
1.374159088134765625e+02
3.644089965820312500e+02
1.690838623046875000e+02
2.294849967956542969e+01
6.187163925170898438e+01
1.167382125854492188e+02
1.682176818847656250e+02
3.134372901916503906e+01
1.490738525390625000e+02
1.624560546875000000e+02
1.815557556152343750e+02
1.854055786132812500e+01
8.935587310791015625e+01
2.315605773925781250e+02
1.724604644775390625e+02
1.103067588806152344e+01
4.625053024291992188e+01
2.357145080566406250e+02
1.722778778076171875e+02
1.125592517852783203e+01
4.597909164428710938e+01
1.330776672363281250e+02
1.685505523681640625e+02
3.780345916748046875e+01
1.164684677124023438e+02
1.087941818237304688e+02
1.894505615234375000e+02
2.319598960876464844e+01
8.070204925537109375e+01
1.657090759277343750e+02
1.766611328125000000e+02
2.183211517333984375e+01
8.409397888183593750e+01
3.991143798828125000e+02
1.470695495605468750e+02
1.548034286499023438e+01
1.071050796508789062e+02
0.000000000000000000e+00
0.000000000000000000e+00
0.000000000000000000e+00
0.000000000000000000e+00
