4.867456817626953125e+01
1.554001159667968750e+02
4.374512863159179688e+01
1.567929687500000000e+02
2.283428802490234375e+02
1.546260070800781250e+02
4.492503738403320312e+01
2.424874877929687500e+02
2.284248504638671875e+02
1.509646911621093750e+02
4.501253128051757812e+01
2.307238769531250000e+02
1.916284179687500000e+02
1.627363891601562500e+02
3.859212875366210938e+01
1.988061523437500000e+02
3.211330261230468750e+02
1.672728729248046875e+02
9.197063446044921875e+00
4.467162322998046875e+01
1.583706207275390625e+02
1.805653533935546875e+02
1.026746463775634766e+01
4.708445358276367188e+01
4.773689651489257812e+01
1.673207092285156250e+02
4.680751800537109375e+01
1.497413940429687500e+02
1.046749801635742188e+02
1.753715820312500000e+02
9.604605674743652344e+00
4.109161758422851562e+01
3.635415039062500000e+02
1.692855834960937500e+02
2.217716026306152344e+01
6.438916015625000000e+01
1.214974517822265625e+02
1.766203918457031250e+02
5.960355758666992188e+00
2.207179260253906250e+01
7.960762023925781250e+01
1.850045013427734375e+02
1.183763885498046875e+01
3.689196014404296875e+01
4.142427444458007812e-01
1.605715637207031250e+02
2.806816673278808594e+01
1.480308685302734375e+02
1.888208618164062500e+02
1.711085510253906250e+02
3.594623184204101562e+01
1.824253082275390625e+02
7.887916564941406250e-01
1.657490234375000000e+02
3.488382339477539062e+01
1.385072937011718750e+02
1.906390686035156250e+02
1.471914672851562500e+02
4.239911651611328125e+01
2.113526916503906250e+02
6.242904663085937500e-01
1.829186706542968750e+02
2.404862785339355469e+01
1.216880950927734375e+02
1.145587768554687500e+02
1.774636993408203125e+02
5.524919509887695312e+00
2.040261459350585938e+01
1.232120513916015625e+00
1.804892730712890625e+02
3.351072311401367188e+01
1.273883972167968750e+02
0.000000000000000000e+00
0.000000000000000000e+00
0.000000000000000000e+00
0.000000000000000000e+00
