1.534414215087890625e+02
1.717256469726562500e+02
2.633133125305175781e+01
1.219694519042968750e+02
1.170172653198242188e+02
1.679739379882812500e+02
4.032619094848632812e+01
1.608078460693359375e+02
1.507996063232421875e+02
1.692285461425781250e+02
3.370480728149414062e+01
1.289110565185546875e+02
1.770061340332031250e+02
1.804264831542968750e+02
2.008998489379882812e+01
9.507086181640625000e+01
1.778523254394531250e+02
1.755281219482421875e+02
2.112857055664062500e+01
9.110507202148437500e+01
3.637507934570312500e+02
1.680166015625000000e+02
2.258313369750976562e+01
6.615476989746093750e+01
1.926461181640625000e+02
1.697018127441406250e+02
1.698483276367187500e+01
9.235359191894531250e+01
2.085680847167968750e+02
1.701055145263671875e+02
8.985126495361328125e+00
3.394866561889648438e+01
1.041156997680664062e+02
1.737222747802734375e+02
1.087620353698730469e+01
4.543925857543945312e+01
2.606363525390625000e+02
1.736274108886718750e+02
7.995235919952392578e+00
3.881089019775390625e+01
1.153373260498046875e+02
1.744407348632812500e+02
3.972196197509765625e+01
1.676876678466796875e+02
2.400479125976562500e+02
1.766610260009765625e+02
8.487558364868164062e+00
3.486154937744140625e+01
1.155803680419921875e+02
1.703559722900390625e+02
3.999960708618164062e+01
1.292882385253906250e+02
3.977394104003906250e+02
1.788542480468750000e+02
1.741239356994628906e+01
7.187907409667968750e+01
0.000000000000000000e+00
0.000000000000000000e+00
0.000000000000000000e+00
0.000000000000000000e+00
