1.566472015380859375e+02
1.647076110839843750e+02
2.739127540588378906e+01
1.077152938842773438e+02
9.583222961425781250e+01
1.714696044921875000e+02
2.700856590270996094e+01
1.144701461791992188e+02
1.542790527343750000e+02
1.595796203613281250e+02
3.534051895141601562e+01
1.167954483032226562e+02
1.242210464477539062e+02
1.697277221679687500e+02
2.664903450012207031e+01
1.185324859619140625e+02
2.792879943847656250e+02
1.656437683105468750e+02
3.596219635009765625e+01
1.314485931396484375e+02
1.672900390625000000e+02
1.574443359375000000e+02
2.159977531433105469e+01
1.160442657470703125e+02
9.266421508789062500e+01
1.688717651367187500e+02
3.316510772705078125e+01
1.161621017456054688e+02
1.188792419433593750e+02
1.657318572998046875e+02
3.521096801757812500e+01
1.241235351562500000e+02
7.095746612548828125e+01
1.908728942871093750e+02
2.297677612304687500e+01
5.596368408203125000e+01
3.626060791015625000e+02
1.690912170410156250e+02
2.411792373657226562e+01
6.374222564697265625e+01
1.935192565917968750e+02
1.453562011718750000e+02
9.932182312011718750e+01
2.540629882812500000e+02
2.636247863769531250e+02
1.617860260009765625e+02
3.460369110107421875e+01
1.447410278320312500e+02
1.603382263183593750e+02
1.512528076171875000e+02
3.409978103637695312e+01
1.288007049560546875e+02
2.835423583984375000e+02
1.751905975341796875e+02
2.759796524047851562e+01
1.108368911743164062e+02
9.626734924316406250e+01
1.653030700683593750e+02
3.748235321044921875e+01
1.239253997802734375e+02
1.264719696044921875e+02
1.772565765380859375e+02
2.379989814758300781e+01
8.003025054931640625e+01
9.175788879394531250e+01
1.604869384765625000e+02
3.446112442016601562e+01
1.236043167114257812e+02
2.784198303222656250e+02
1.595976409912109375e+02
3.768359756469726562e+01
1.230289535522460938e+02
2.633233032226562500e+02
1.671790466308593750e+02
3.424466323852539062e+01
1.558502197265625000e+02
0.000000000000000000e+00
0.000000000000000000e+00
0.000000000000000000e+00
0.000000000000000000e+00
