9.146276855468750000e+01
1.679532470703125000e+02
2.733774185180664062e+01
1.204447784423828125e+02
1.567496948242187500e+02
1.654314880371093750e+02
2.789078140258789062e+01
1.094269256591796875e+02
1.524153442382812500e+02
1.598935394287109375e+02
3.611798477172851562e+01
1.200308303833007812e+02
2.280899047851562500e+02
1.374391479492187500e+02
1.007259674072265625e+02
2.646493530273437500e+02
1.165605239868164062e+02
1.681006469726562500e+02
3.619145202636718750e+01
1.214941635131835938e+02
8.812365722656250000e+01
1.694586639404296875e+02
3.259055709838867188e+01
1.155614395141601562e+02
2.152976074218750000e+02
1.579136962890625000e+02
3.456478118896484375e+01
1.781468200683593750e+02
2.153806915283203125e+02
1.612453460693359375e+02
3.583889770507812500e+01
1.444959716796875000e+02
3.637484130859375000e+02
1.686493377685546875e+02
2.201552581787109375e+01
6.135617065429687500e+01
1.227973403930664062e+02
1.727812652587890625e+02
2.800584983825683594e+01
1.127418212890625000e+02
1.575783996582031250e+02
1.736173248291015625e+02
2.633648109436035156e+01
1.050797805786132812e+02
9.274138641357421875e+01
1.715857543945312500e+02
2.393263435363769531e+01
9.786637115478515625e+01
8.683521270751953125e+01
1.642603759765625000e+02
3.528718948364257812e+01
1.167299499511718750e+02
2.156066894531250000e+02
1.736450653076171875e+02
3.372889709472656250e+01
1.700646057128906250e+02
1.503675689697265625e+02
1.670471343994140625e+02
3.769590377807617188e+01
1.162716293334960938e+02
1.677929840087890625e+02
1.597280883789062500e+02
1.981360054016113281e+01
1.159734191894531250e+02
0.000000000000000000e+00
0.000000000000000000e+00
0.000000000000000000e+00
0.000000000000000000e+00
