1.912085266113281250e+02
1.692003784179687500e+02
2.292752265930175781e+01
9.440374755859375000e+01
2.383079528808593750e+02
1.697999267578125000e+02
2.590939521789550781e+01
1.018557510375976562e+02
2.374155578613281250e+02
1.729610748291015625e+02
2.616232299804687500e+01
1.063602676391601562e+02
2.145243377685546875e+02
1.668711242675781250e+02
2.732851028442382812e+01
9.709947967529296875e+01
1.380275878906250000e+02
1.781552581787109375e+02
9.808442115783691406e+00
3.865203094482421875e+01
3.465034179687500000e+02
1.561335449218750000e+02
5.568983459472656250e+01
2.549825439453125000e+02
3.435931701660156250e+02
1.611960601806640625e+02
5.804661560058593750e+01
2.590633850097656250e+02
3.342817993164062500e+02
1.657317199707031250e+02
7.660979461669921875e+01
2.360680084228515625e+02
1.410544281005859375e+02
1.773715820312500000e+02
8.807978630065917969e+00
3.827959060668945312e+01
1.532955322265625000e+02
1.724802551269531250e+02
8.341745376586914062e+00
3.634914016723632812e+01
2.312372589111328125e+02
1.623483581542968750e+02
3.616470718383789062e+01
1.155715179443359375e+02
3.396027832031250000e+02
1.638932800292968750e+02
5.177872467041015625e+01
2.386403198242187500e+02
1.261100997924804688e+02
1.745179290771484375e+02
8.178261756896972656e+00
3.198893356323242188e+01
2.103438720703125000e+02
1.574229431152343750e+02
3.813710784912109375e+01
1.133813705444335938e+02
1.182018508911132812e+02
1.738717651367187500e+02
8.515965461730957031e+00
3.259515762329101562e+01
1.532354736328125000e+02
1.751936340332031250e+02
8.562275886535644531e+00
3.543326568603515625e+01
7.989067077636718750e+01
1.847884063720703125e+02
1.218368053436279297e+01
3.733896255493164062e+01
8.847254943847656250e+01
1.766153564453125000e+02
1.186194515228271484e+01
4.343265151977539062e+01
3.368810729980468750e+02
1.719129333496093750e+02
5.650354766845703125e+01
2.386808624267578125e+02
3.352246704101562500e+02
1.649633483886718750e+02
7.376450347900390625e+01
2.502540740966796875e+02
3.695599670410156250e+02
1.521668395996093750e+02
4.548797988891601562e+01
2.564185180664062500e+02
9.185652160644531250e+01
1.775799865722656250e+02
1.182010841369628906e+01
3.944746017456054688e+01
1.258127059936523438e+02
1.779375305175781250e+02
8.186264038085937500e+00
3.003040122985839844e+01
0.000000000000000000e+00
0.000000000000000000e+00
0.000000000000000000e+00
0.000000000000000000e+00
