1.164846801757812500e+02
1.669295349121093750e+02
3.643127822875976562e+01
1.527323150634765625e+02
1.676187133789062500e+02
1.721011047363281250e+02
2.018532752990722656e+01
9.828536987304687500e+01
1.465199432373046875e+02
1.696286621093750000e+02
2.127976608276367188e+01
1.233751525878906250e+02
1.153067016601562500e+02
1.629449768066406250e+02
3.611175537109375000e+01
1.502513885498046875e+02
1.673896179199218750e+02
1.800743560791015625e+02
2.046953582763671875e+01
9.112938690185546875e+01
2.686508483886718750e+02
1.701633148193359375e+02
8.674206733703613281e+00
3.916328048706054688e+01
1.662882232666015625e+02
1.727709960937500000e+02
1.719327545166015625e+01
9.688585662841796875e+01
2.016676330566406250e+02
1.668788604736328125e+02
9.032884597778320312e+00
3.874233627319335938e+01
1.467185363769531250e+02
1.743280029296875000e+02
2.093702697753906250e+01
9.077326965332031250e+01
3.638186950683593750e+02
1.680926513671875000e+02
2.301145362854003906e+01
6.055164337158203125e+01
2.357103729248046875e+02
1.717565612792968750e+02
1.119258975982666016e+01
4.542999649047851562e+01
2.669894409179687500e+02
1.707024688720703125e+02
8.631745338439941406e+00
3.560291290283203125e+01
2.020543823242187500e+02
1.668838806152343750e+02
8.461521148681640625e+00
3.205380249023437500e+01
2.365762939453125000e+02
1.687438049316406250e+02
1.080674457550048828e+01
4.321714019775390625e+01
1.625010986328125000e+02
1.759594879150390625e+02
1.978729629516601562e+01
1.024711303710937500e+02
0.000000000000000000e+00
0.000000000000000000e+00
0.000000000000000000e+00
0.000000000000000000e+00
