1.339471740722656250e+02
1.656186523437500000e+02
2.250156593322753906e+01
1.040732269287109375e+02
3.347582397460937500e+02
1.552538299560546875e+02
4.266382980346679688e+01
1.635542907714843750e+02
1.310381774902343750e+02
1.705332336425781250e+02
2.482458877563476562e+01
9.384755706787109375e+01
1.679007873535156250e+02
1.671917419433593750e+02
2.353546333312988281e+01
1.165777435302734375e+02
3.351003723144531250e+02
1.609606781005859375e+02
4.322346878051757812e+01
1.645461120605468750e+02
1.707270812988281250e+02
1.656923675537109375e+02
2.265963363647460938e+01
1.108998413085937500e+02
1.909518432617187500e+02
1.698278045654296875e+02
2.248456001281738281e+01
9.163408660888671875e+01
2.537665557861328125e+02
1.681066436767578125e+02
4.365443801879882812e+01
2.197169494628906250e+02
2.907324829101562500e+02
1.608603210449218750e+02
5.060472869873046875e+01
2.395981597900390625e+02
2.551680297851562500e+02
1.556770935058593750e+02
3.945897293090820312e+01
2.259443359375000000e+02
3.334795227050781250e+02
1.534135894775390625e+02
3.454087448120117188e+01
1.632229003906250000e+02
1.358424072265625000e+02
1.778665924072265625e+02
1.984405517578125000e+01
9.601037597656250000e+01
2.845492553710937500e+02
1.503265228271484375e+02
7.916571807861328125e+01
2.657892761230468750e+02
2.491369323730468750e+02
1.692043609619140625e+02
4.262318038940429688e+01
2.161596984863281250e+02
2.895657958984375000e+02
1.879771423339843750e+02
5.384767913818359375e+01
2.088807220458984375e+02
3.652518005371093750e+02
1.690522766113281250e+02
1.991492462158203125e+01
6.514400482177734375e+01
2.977657165527343750e+02
1.706918640136718750e+02
4.995343017578125000e+01
2.207680053710937500e+02
2.862847595214843750e+02
1.598607788085937500e+02
7.788945007324218750e+01
2.615450439453125000e+02
8.106403350830078125e+01
1.874329833984375000e+02
2.103091812133789062e+01
6.298722076416015625e+01
7.723500061035156250e+01
2.000600891113281250e+02
2.642728614807128906e+01
6.533674621582031250e+01
2.968129272460937500e+02
1.845957946777343750e+02
5.349655151367187500e+01
2.182786102294921875e+02
2.126853942871093750e+00
1.758306274414062500e+02
3.826545715332031250e+01
2.366315460205078125e+02
2.371724243164062500e+02
1.660428619384765625e+02
1.190933227539062500e+01
6.463112640380859375e+01
3.929985046386718750e+00
1.821285400390625000e+02
3.668463134765625000e+01
1.986138305664062500e+02
1.217801361083984375e+02
1.773410186767578125e+02
5.833981037139892578e+00
2.388309288024902344e+01
2.724658203125000000e+02
1.603895568847656250e+02
8.136529541015625000e+01
2.430187988281250000e+02
1.191837081909179688e+02
1.748089141845703125e+02
8.459710121154785156e+00
2.918073463439941406e+01
1.637667083740234375e+02
1.635270690917968750e+02
3.534138107299804688e+01
1.150711364746093750e+02
1.638842926025390625e+02
1.659640350341796875e+02
3.311899185180664062e+01
1.191197586059570312e+02
2.942232055664062500e+02
1.644269409179687500e+02
4.333718872070312500e+01
2.053440704345703125e+02
1.606444549560546875e+02
1.718190307617187500e+02
8.110278129577636719e+00
3.259114456176757812e+01
0.000000000000000000e+00
0.000000000000000000e+00
0.000000000000000000e+00
0.000000000000000000e+00
