1.737201538085937500e+02
1.569442901611328125e+02
2.359247207641601562e+01
1.120776672363281250e+02
3.026015625000000000e+02
1.659985351562500000e+02
2.719995117187500000e+01
1.315196228027343750e+02
3.017512512207031250e+02
1.654279479980468750e+02
2.994988822937011719e+01
1.304723358154296875e+02
2.316982727050781250e+02
1.598134460449218750e+02
3.615413284301757812e+01
2.108796539306640625e+02
4.485118103027343750e+01
2.036710968017578125e+02
2.958677673339843750e+01
5.060170364379882812e+01
2.599631042480468750e+02
1.667668304443359375e+02
4.383498764038085938e+01
2.249579772949218750e+02
1.448989257812500000e+02
1.715320434570312500e+02
2.484832954406738281e+01
1.128040390014648438e+02
2.611894531250000000e+02
1.602610168457031250e+02
4.212814331054687500e+01
2.137435455322265625e+02
2.303815155029296875e+02
1.717551727294921875e+02
3.831790161132812500e+01
2.071028137207031250e+02
4.571775436401367188e+01
1.976154022216796875e+02
2.637891387939453125e+01
4.951976776123046875e+01
7.715852355957031250e+01
1.433470153808593750e+02
8.540767669677734375e+01
2.627131347656250000e+02
3.654335021972656250e+02
1.686825714111328125e+02
2.105236053466796875e+01
6.321401214599609375e+01
8.830773162841796875e+01
1.741219177246093750e+02
1.021119308471679688e+01
4.726767349243164062e+01
2.346617126464843750e+02
1.617360839843750000e+02
3.308317565917968750e+01
1.809779815673828125e+02
2.994939575195312500e+02
1.554053649902343750e+02
3.173889350891113281e+01
1.333848266601562500e+02
8.042660522460937500e+01
1.765813903808593750e+02
1.116626071929931641e+01
4.370462417602539062e+01
1.452566986083984375e+02
1.748117218017578125e+02
2.202124786376953125e+01
8.722243499755859375e+01
2.410340270996093750e+02
1.602537231445312500e+02
7.834269714355468750e+01
2.407797241210937500e+02
7.905500793457031250e+01
1.828830566406250000e+02
1.255062961578369141e+01
3.890565490722656250e+01
3.982257690429687500e+02
1.496942596435546875e+02
1.661708450317382812e+01
1.018167724609375000e+02
0.000000000000000000e+00
0.000000000000000000e+00
0.000000000000000000e+00
0.000000000000000000e+00
