1.243417205810546875e+02
1.728735961914062500e+02
2.395932579040527344e+01
9.557807922363281250e+01
3.082537536621093750e+02
1.583196716308593750e+02
3.150960350036621094e+01
1.470959472656250000e+02
3.330830688476562500e+02
1.722407836914062500e+02
2.798600769042968750e+01
1.207673339843750000e+02
3.303250427246093750e+02
1.668091735839843750e+02
3.375518417358398438e+01
1.299310150146484375e+02
1.578952636718750000e+02
1.796358642578125000e+02
8.704667091369628906e+00
4.465464782714843750e+01
9.533586120605468750e+01
1.747185974121093750e+02
2.720080375671386719e+01
1.036187133789062500e+02
9.094959259033203125e+01
1.698069000244140625e+02
3.491109848022460938e+01
1.124371871948242188e+02
2.722069702148437500e+02
1.695685882568359375e+02
8.343208312988281250e+00
3.976794433593750000e+01
1.581296386718750000e+02
1.781039276123046875e+02
9.013155937194824219e+00
4.173588180541992188e+01
3.078560180664062500e+02
1.546885070800781250e+02
3.423898315429687500e+01
1.337253570556640625e+02
1.242554779052734375e+02
1.808456115722656250e+02
2.227236366271972656e+01
9.010600280761718750e+01
3.001607055664062500e+02
1.654502410888671875e+02
1.174069213867187500e+01
4.909807968139648438e+01
8.914515686035156250e+01
1.675324096679687500e+02
3.686344528198242188e+01
1.100759201049804688e+02
3.651391601562500000e+02
1.684304199218750000e+02
2.148221588134765625e+01
5.936109924316406250e+01
3.099026489257812500e+02
1.654618530273437500e+02
2.684358215332031250e+01
1.313151092529296875e+02
2.362410278320312500e+02
1.716308441162109375e+02
1.054792881011962891e+01
4.543243408203125000e+01
2.366598510742187500e+02
1.677586822509765625e+02
1.049288940429687500e+01
4.530453109741210938e+01
0.000000000000000000e+00
0.000000000000000000e+00
0.000000000000000000e+00
0.000000000000000000e+00
