2.669710693359375000e+02
1.702224121093750000e+02
2.343939971923828125e+01
8.919139099121093750e+01
1.047682647705078125e+02
1.741562652587890625e+02
1.199552536010742188e+01
4.363480377197265625e+01
2.282047119140625000e+02
1.544031524658203125e+02
4.143804168701171875e+01
2.230780944824218750e+02
3.117681884765625000e+02
1.685372314453125000e+02
1.099956893920898438e+01
4.316974639892578125e+01
2.257805023193359375e+02
1.521807556152343750e+02
4.461903762817382812e+01
2.482786254882812500e+02
1.489799499511718750e+01
1.523045654296875000e+02
4.669628906250000000e+01
1.681255340576171875e+02
1.779296569824218750e+02
1.708888244628906250e+02
1.717673873901367188e+01
8.380957031250000000e+01
1.067038345336914062e+02
1.748186187744140625e+02
1.183290195465087891e+01
4.331113052368164062e+01
1.856734313964843750e+02
1.677068481445312500e+02
3.883043670654296875e+01
1.906329345703125000e+02
1.061770629882812500e+01
1.609256439208984375e+02
5.551825714111328125e+01
1.637756042480468750e+02
3.760523681640625000e+02
1.587971191406250000e+02
3.176443481445312500e+01
1.714425659179687500e+02
3.753470764160156250e+02
1.490250549316406250e+02
3.159728431701660156e+01
1.739770660400390625e+02
7.892293548583984375e+01
1.794723968505859375e+02
1.253657341003417969e+01
4.422163009643554688e+01
4.012735900878906250e+02
1.575533752441406250e+02
1.417131519317626953e+01
1.843575592041015625e+02
4.009758911132812500e+02
1.773252258300781250e+02
1.529977416992187500e+01
1.669917755126953125e+02
7.890106201171875000e+01
1.781431884765625000e+02
1.255795383453369141e+01
4.045815277099609375e+01
3.112707214355468750e+02
1.736744079589843750e+02
1.115254688262939453e+01
3.921883773803710938e+01
1.895389556884765625e+02
1.622373809814453125e+02
4.180818939208984375e+01
2.038234558105468750e+02
3.912757263183593750e+02
1.547482910156250000e+02
2.414412879943847656e+01
1.876418151855468750e+02
2.636646118164062500e+02
1.728214111328125000e+02
8.379361152648925781e+00
4.179934692382812500e+01
1.578735046386718750e+02
1.796045379638671875e+02
1.002080249786376953e+01
4.907944488525390625e+01
1.841517181396484375e+02
1.542636413574218750e+02
3.902080154418945312e+01
1.960345916748046875e+02
3.918151550292968750e+02
1.680910339355468750e+02
2.576639556884765625e+01
1.879104156494140625e+02
1.212586288452148438e+02
1.788452606201171875e+02
5.051408767700195312e+00
1.958351516723632812e+01
2.625551757812500000e+02
1.702830047607421875e+02
8.733058929443359375e+00
4.035201263427734375e+01
0.000000000000000000e+00
0.000000000000000000e+00
0.000000000000000000e+00
0.000000000000000000e+00
