1.241123123168945312e+02
1.719792785644531250e+02
2.421714591979980469e+01
9.678971862792968750e+01
3.361624450683593750e+02
1.572719726562500000e+02
3.612847518920898438e+01
1.485521240234375000e+02
3.132316589355468750e+02
1.603713836669921875e+02
3.434656143188476562e+01
1.478471679687500000e+02
3.286662597656250000e+02
1.582217712402343750e+02
4.071392822265625000e+01
1.480148315429687500e+02
9.138304138183593750e+01
1.713250274658203125e+02
3.585222625732421875e+01
1.112356643676757812e+02
9.561991119384765625e+01
1.767998199462890625e+02
2.746774291992187500e+01
1.014161071777343750e+02
3.011877136230468750e+02
1.632213592529296875e+02
1.154257297515869141e+01
5.314538574218750000e+01
1.575107269287109375e+02
1.801146087646484375e+02
9.003437042236328125e+00
4.399132156372070312e+01
1.576623229980468750e+02
1.777156982421875000e+02
9.234766960144042969e+00
4.198255920410156250e+01
2.719721374511718750e+02
1.692036437988281250e+02
8.111392021179199219e+00
3.971189498901367188e+01
1.242319946289062500e+02
1.814058074951171875e+02
2.279928970336914062e+01
9.000719451904296875e+01
3.660609436035156250e+02
1.711878356933593750e+02
2.107799530029296875e+01
5.947562408447265625e+01
1.023810043334960938e+02
1.732948150634765625e+02
2.387243270874023438e+01
1.078824844360351562e+02
1.418337707519531250e+02
1.719369506835937500e+02
1.668101692199707031e+01
8.183308410644531250e+01
3.147796630859375000e+02
1.698954162597656250e+02
2.598265075683593750e+01
1.246816558837890625e+02
8.910456848144531250e+01
1.688819274902343750e+02
3.842978668212890625e+01
1.069729919433593750e+02
3.011520690917968750e+02
1.703279113769531250e+02
1.164824104309082031e+01
4.671912002563476562e+01
0.000000000000000000e+00
0.000000000000000000e+00
0.000000000000000000e+00
0.000000000000000000e+00
