1.378721771240234375e+02
1.663575439453125000e+02
2.651547050476074219e+01
1.001054992675781250e+02
1.710360565185546875e+02
1.705812835693359375e+02
2.600972747802734375e+01
1.112273330688476562e+02
2.562561645507812500e+02
1.666930847167968750e+02
4.211595535278320312e+01
2.237523040771484375e+02
2.909813842773437500e+02
1.596140441894531250e+02
7.761014556884765625e+01
2.611870117187500000e+02
2.890010375976562500e+02
1.572797241210937500e+02
7.679562377929687500e+01
2.548536224365234375e+02
2.001261138916015625e+02
1.708199462890625000e+02
1.904467773437500000e+01
9.004837799072265625e+01
3.451351928710937500e+02
1.608722076416015625e+02
3.427934265136718750e+01
1.503087463378906250e+02
3.473563842773437500e+02
1.587724914550781250e+02
3.270292663574218750e+01
1.672465515136718750e+02
7.512783050537109375e+01
1.859042205810546875e+02
2.406186294555664062e+01
6.592294311523437500e+01
1.940098724365234375e+02
1.657676696777343750e+02
1.855970573425292969e+01
9.744791412353515625e+01
1.733586273193359375e+02
1.629829711914062500e+02
2.310632133483886719e+01
1.173989257812500000e+02
3.039282836914062500e+02
1.825675659179687500e+02
5.163994979858398438e+01
1.960204010009765625e+02
2.588764648437500000e+02
1.589760589599609375e+02
3.785448074340820312e+01
2.202384948730468750e+02
7.124203491210937500e+01
1.979177551269531250e+02
2.989409446716308594e+01
6.673729705810546875e+01
2.371043395996093750e+02
1.648464965820312500e+02
1.231389141082763672e+01
6.474844360351562500e+01
1.205526199340820312e+02
1.742257385253906250e+02
8.485843658447265625e+00
3.091899681091308594e+01
1.661033935546875000e+02
1.687623291015625000e+02
3.569342041015625000e+01
1.147335968017578125e+02
1.666799011230468750e+02
1.620132293701171875e+02
3.460034561157226562e+01
1.187115554809570312e+02
2.553642578125000000e+02
1.862102966308593750e+02
4.527508544921875000e+01
2.092812500000000000e+02
1.571606903076171875e+02
1.721552734375000000e+02
1.152763748168945312e+01
4.789435195922851562e+01
1.326596527099609375e+02
1.633786010742187500e+02
3.794527816772460938e+01
1.040811462402343750e+02
1.638055801391601562e+00
2.113841094970703125e+02
2.048811340332031250e+01
7.072779083251953125e+01
3.021990966796875000e+02
2.083841247558593750e+02
5.433428192138671875e+01
1.708434448242187500e+02
3.679616394042968750e+02
1.664218750000000000e+02
1.772195243835449219e+01
6.973467254638671875e+01
2.330404205322265625e+02
1.675249023437500000e+02
1.897197341918945312e+01
5.929263305664062500e+01
3.478021240234375000e+02
1.737450866699218750e+02
2.574180984497070312e+01
1.201244888305664062e+02
2.931943969726562500e+02
1.654559326171875000e+02
1.751092338562011719e+01
1.052562179565429688e+02
1.145204544067382812e+02
1.746694183349609375e+02
7.097772121429443359e+00
3.071521568298339844e+01
-2.852773666381835938e-01
2.062956695556640625e+02
2.067251968383789062e+01
5.971844863891601562e+01
0.000000000000000000e+00
0.000000000000000000e+00
0.000000000000000000e+00
0.000000000000000000e+00
