1.871856994628906250e+02
1.762658081054687500e+02
2.738945007324218750e+01
1.090394897460937500e+02
1.656011657714843750e+02
1.669055480957031250e+02
2.472453880310058594e+01
1.318144378662109375e+02
1.646456909179687500e+02
1.660602416992187500e+02
2.753658294677734375e+01
1.362685241699218750e+02
1.133469009399414062e+02
1.669458770751953125e+02
5.385274124145507812e+01
1.837222595214843750e+02
2.071387176513671875e+02
1.672765350341796875e+02
1.818827629089355469e+01
1.007714767456054688e+02
1.149117355346679688e+02
1.705506439208984375e+02
5.091062927246093750e+01
1.612780151367187500e+02
2.491786804199218750e+02
1.731922149658203125e+02
1.120902252197265625e+01
4.029695892333984375e+01
1.090908813476562500e+02
1.748293457031250000e+02
9.487059593200683594e+00
4.192378234863281250e+01
1.837355651855468750e+02
1.726119079589843750e+02
3.551274871826171875e+01
1.157573623657226562e+02
2.521295318603515625e+02
1.745988311767578125e+02
9.762975692749023438e+00
3.779623794555664062e+01
3.627993164062500000e+02
1.686703796386718750e+02
2.417101097106933594e+01
6.315167236328125000e+01
2.490270233154296875e+02
1.702080078125000000e+02
1.034746837615966797e+01
4.143940353393554688e+01
1.593771362304687500e+02
1.624406127929687500e+02
2.977396965026855469e+01
1.455704345703125000e+02
1.037210006713867188e+02
1.750552520751953125e+02
8.728429794311523438e+00
4.225349044799804688e+01
1.220030288696289062e+02
1.621954956054687500e+02
4.786249923706054688e+01
1.945270843505859375e+02
1.238464813232421875e+02
1.608975372314453125e+02
4.613150787353515625e+01
1.775730590820312500e+02
1.209320373535156250e+02
1.768562164306640625e+02
6.014828205108642578e+00
2.419360733032226562e+01
1.275641326904296875e+02
1.782524414062500000e+02
7.209590911865234375e+00
1.842314147949218750e+01
3.978418884277343750e+02
1.773519439697265625e+02
1.708764839172363281e+01
7.460961151123046875e+01
0.000000000000000000e+00
0.000000000000000000e+00
0.000000000000000000e+00
0.000000000000000000e+00
