1.252639389038085938e+02
1.686879425048828125e+02
2.675968742370605469e+01
1.051866149902343750e+02
3.238410034179687500e+02
1.568800048828125000e+02
4.133189392089843750e+01
1.549028778076171875e+02
1.011585693359375000e+02
1.688641815185546875e+02
2.529031753540039062e+01
1.170476684570312500e+02
1.247754669189453125e+02
1.751349792480468750e+02
2.733514213562011719e+01
1.008031539916992188e+02
9.399906921386718750e+01
1.699998931884765625e+02
3.356699371337890625e+01
1.145779724121093750e+02
3.550493164062500000e+02
1.628810424804687500e+02
3.152655792236328125e+01
1.405120697021484375e+02
3.571670837402343750e+02
1.732531127929687500e+02
2.671199226379394531e+01
1.196268463134765625e+02
2.710301818847656250e+02
1.697182922363281250e+02
8.477138519287109375e+00
3.919126129150390625e+01
9.719590759277343750e+01
1.691015472412109375e+02
3.324141693115234375e+01
1.153857192993164062e+02
3.221135864257812500e+02
1.697454223632812500e+02
4.622335052490234375e+01
1.451684722900390625e+02
3.111174621582031250e+02
1.776137237548828125e+02
9.824623107910156250e+00
3.740002059936523438e+01
1.573697357177734375e+02
1.748470611572265625e+02
9.148661613464355469e+00
4.459139251708984375e+01
2.358661041259765625e+02
1.714350128173828125e+02
1.138589668273925781e+01
4.671740341186523438e+01
1.198537521362304688e+02
1.677838439941406250e+02
3.666715621948242188e+01
1.064892730712890625e+02
1.030673751831054688e+02
1.731308593750000000e+02
2.371441650390625000e+01
9.561130523681640625e+01
3.431866760253906250e+02
1.587292480468750000e+02
3.979515075683593750e+01
1.476897125244140625e+02
9.692221069335937500e+01
1.771872863769531250e+02
2.744832611083984375e+01
1.019180984497070312e+02
3.020283508300781250e+02
1.641798553466796875e+02
1.090692615509033203e+01
5.083715438842773438e+01
1.466998138427734375e+02
1.701231231689453125e+02
1.649061012268066406e+01
6.109984970092773438e+01
0.000000000000000000e+00
0.000000000000000000e+00
0.000000000000000000e+00
0.000000000000000000e+00
