1.877518615722656250e+02
1.746395874023437500e+02
2.797599792480468750e+01
1.111941146850585938e+02
1.663930358886718750e+02
1.687575683593750000e+02
2.471207809448242188e+01
1.275025329589843750e+02
1.647511138916015625e+02
1.661616363525390625e+02
2.904710197448730469e+01
1.350303039550781250e+02
2.490103759765625000e+02
1.732323150634765625e+02
1.222464466094970703e+01
4.046102142333984375e+01
1.153642272949218750e+02
1.704543457031250000e+02
5.120856475830078125e+01
1.618901519775390625e+02
1.138307647705078125e+02
1.662134704589843750e+02
5.449658203125000000e+01
1.849822998046875000e+02
2.082723541259765625e+02
1.686303405761718750e+02
1.879776000976562500e+01
9.876760101318359375e+01
1.850960388183593750e+02
1.711502380371093750e+02
3.502808761596679688e+01
1.177791824340820312e+02
2.504644317626953125e+02
1.750604095458984375e+02
1.224808692932128906e+01
3.738361740112304688e+01
1.220439682006835938e+02
1.598908538818359375e+02
4.833521652221679688e+01
1.984837951660156250e+02
1.226497650146484375e+02
1.607803039550781250e+02
4.790401840209960938e+01
1.795089569091796875e+02
1.092343521118164062e+02
1.757820281982421875e+02
9.073257446289062500e+00
4.059949874877929688e+01
2.492285614013671875e+02
1.703730468750000000e+02
1.072480678558349609e+01
4.133001708984375000e+01
3.628289184570312500e+02
1.684756774902343750e+02
2.438352775573730469e+01
6.315973663330078125e+01
1.043267822265625000e+02
1.755385742187500000e+02
8.712263107299804688e+00
4.136736297607421875e+01
3.980214843750000000e+02
1.516055908203125000e+02
1.690213775634765625e+01
1.009678192138671875e+02
1.209074707031250000e+02
1.771313171386718750e+02
5.761126995086669922e+00
2.396835327148437500e+01
1.277859191894531250e+02
1.791543579101562500e+02
7.031825065612792969e+00
1.758125305175781250e+01
3.978265380859375000e+02
1.770286560058593750e+02
1.719753837585449219e+01
7.480523681640625000e+01
0.000000000000000000e+00
0.000000000000000000e+00
0.000000000000000000e+00
0.000000000000000000e+00
