2.515673980712890625e+02
1.699732971191406250e+02
2.744321060180664062e+01
1.013594970703125000e+02
2.063532257080078125e+02
1.727984619140625000e+02
2.511187934875488281e+01
8.427957916259765625e+01
1.371535949707031250e+02
1.768843078613281250e+02
8.555971145629882812e+00
3.744704437255859375e+01
2.466050720214843750e+02
1.656328582763671875e+02
3.701665496826171875e+01
1.097585449218750000e+02
3.698200073242187500e+02
1.398322296142578125e+02
4.462612915039062500e+01
2.847250671386718750e+02
3.680582885742187500e+02
1.555186920166015625e+02
4.675540542602539062e+01
2.737550354003906250e+02
2.514924774169921875e+02
1.743065490722656250e+02
2.817226600646972656e+01
1.021853790283203125e+02
3.422415771484375000e+02
1.488951110839843750e+02
7.583136749267578125e+01
2.666528320312500000e+02
1.557166442871093750e+02
1.738679351806640625e+02
1.001028156280517578e+01
3.927386093139648438e+01
1.538156738281250000e+02
1.758257904052734375e+02
8.101557731628417969e+00
3.602407073974609375e+01
2.260645751953125000e+02
1.687137451171875000e+02
2.352679252624511719e+01
8.862584686279296875e+01
1.270098190307617188e+02
1.749023284912109375e+02
7.602643489837646484e+00
3.161545944213867188e+01
1.270419006347656250e+02
1.777827606201171875e+02
7.420314788818359375e+00
3.027414703369140625e+01
1.181487197875976562e+02
1.785052947998046875e+02
9.079541206359863281e+00
2.968754768371582031e+01
3.446291809082031250e+02
1.642364501953125000e+02
7.050097656250000000e+01
2.535940551757812500e+02
1.182075805664062500e+02
1.742740020751953125e+02
9.874962806701660156e+00
3.208023452758789062e+01
7.984548950195312500e+01
1.841096191406250000e+02
1.192657661437988281e+01
3.847760772705078125e+01
0.000000000000000000e+00
0.000000000000000000e+00
0.000000000000000000e+00
0.000000000000000000e+00
