2.032795562744140625e+02
1.721279296875000000e+02
2.765523719787597656e+01
8.745902252197265625e+01
1.377050933837890625e+02
1.760600891113281250e+02
8.363163948059082031e+00
3.904863357543945312e+01
3.652389221191406250e+02
1.458596343994140625e+02
4.909371566772460938e+01
2.729768371582031250e+02
3.639917907714843750e+02
1.591526184082031250e+02
5.140485763549804688e+01
2.650939331054687500e+02
2.506008453369140625e+02
1.681490173339843750e+02
2.621205902099609375e+01
1.071311721801757812e+02
2.502672576904296875e+02
1.719718933105468750e+02
2.814827346801757812e+01
1.069479217529296875e+02
2.451655883789062500e+02
1.649610900878906250e+02
3.602245330810546875e+01
1.133382568359375000e+02
1.541425170898437500e+02
1.756427764892578125e+02
7.917674064636230469e+00
3.583476638793945312e+01
1.563467254638671875e+02
1.756044006347656250e+02
8.870723724365234375e+00
3.747068023681640625e+01
2.255870971679687500e+02
1.697766723632812500e+02
2.211130714416503906e+01
9.386225891113281250e+01
1.184124755859375000e+02
1.789565734863281250e+02
8.676993370056152344e+00
2.886293601989746094e+01
2.449392242431640625e+02
1.710105590820312500e+02
3.635287857055664062e+01
1.085968322753906250e+02
1.264476776123046875e+02
1.779410858154296875e+02
7.924191951751708984e+00
3.018662071228027344e+01
2.395508270263671875e+02
1.708498687744140625e+02
1.059673404693603516e+01
4.921142196655273438e+01
1.536458282470703125e+02
1.734381408691406250e+02
7.277068614959716797e+00
3.492453765869140625e+01
1.264736633300781250e+02
1.756472167968750000e+02
8.045593261718750000e+00
3.048558044433593750e+01
3.426701965332031250e+02
1.552816467285156250e+02
7.440632629394531250e+01
2.552950286865234375e+02
3.633783264160156250e+02
1.657754211425781250e+02
2.015779876708984375e+01
6.253032302856445312e+01
0.000000000000000000e+00
0.000000000000000000e+00
0.000000000000000000e+00
0.000000000000000000e+00
