2.450144195556640625e+02
1.655497894287109375e+02
2.406118774414062500e+01
1.070410995483398438e+02
2.174031219482421875e+02
1.688038635253906250e+02
2.515103530883789062e+01
9.707501983642578125e+01
2.418948211669921875e+02
1.725114898681640625e+02
2.493278312683105469e+01
9.403329467773437500e+01
3.525429992675781250e+02
1.552687377929687500e+02
5.591524124145507812e+01
2.554127960205078125e+02
1.380179901123046875e+02
1.770093688964843750e+02
9.310368537902832031e+00
3.836714172363281250e+01
1.994447479248046875e+02
1.706230773925781250e+02
2.103309059143066406e+01
8.908502960205078125e+01
1.538404541015625000e+02
1.726268768310546875e+02
8.047309875488281250e+00
3.575014114379882812e+01
3.614032897949218750e+02
1.486060943603515625e+02
5.476361846923828125e+01
2.688935241699218750e+02
3.506589965820312500e+02
1.604538269042968750e+02
6.054251861572265625e+01
2.601815185546875000e+02
1.417109375000000000e+02
1.762515563964843750e+02
8.283697128295898438e+00
3.752801895141601562e+01
1.539818115234375000e+02
1.752554626464843750e+02
8.883048057556152344e+00
3.593603897094726562e+01
1.255517501831054688e+02
1.749945220947265625e+02
8.124376296997070312e+00
3.058280181884765625e+01
2.426695556640625000e+02
1.752910003662109375e+02
2.390779685974121094e+01
1.007285156250000000e+02
1.978039398193359375e+02
1.686075286865234375e+02
1.910660743713378906e+01
9.024385833740234375e+01
1.195992660522460938e+02
1.731833648681640625e+02
8.864310264587402344e+00
3.283655548095703125e+01
3.626571960449218750e+02
1.548654785156250000e+02
5.247480392456054688e+01
2.723085327148437500e+02
2.454140319824218750e+02
1.732841796875000000e+02
2.275670814514160156e+01
1.045189056396484375e+02
3.401122436523437500e+02
1.580552215576171875e+02
7.648474121093750000e+01
2.499273376464843750e+02
8.774237060546875000e+01
1.761894531250000000e+02
1.300623130798339844e+01
4.406594085693359375e+01
0.000000000000000000e+00
0.000000000000000000e+00
0.000000000000000000e+00
0.000000000000000000e+00
