2.173143615722656250e+02
1.691052246093750000e+02
3.723201751708984375e+01
1.270464172363281250e+02
1.859198303222656250e+02
1.638329162597656250e+02
3.174730873107910156e+01
1.456488342285156250e+02
1.254444808959960938e+02
1.705305328369140625e+02
1.779850387573242188e+01
7.034444427490234375e+01
1.266485061645507812e+02
1.766061859130859375e+02
1.841377449035644531e+01
6.515642547607421875e+01
1.085844421386718750e+02
1.745611572265625000e+02
1.123560237884521484e+01
4.342059707641601562e+01
1.853074798583984375e+02
1.626401824951171875e+02
3.234113311767578125e+01
1.585036621093750000e+02
2.212268676757812500e+02
1.774616851806640625e+02
2.872133636474609375e+01
1.127292861938476562e+02
2.577080688476562500e+02
1.714970397949218750e+02
1.020573139190673828e+01
4.337077331542968750e+01
1.446616058349609375e+02
1.591318054199218750e+02
4.249526977539062500e+01
2.123620758056640625e+02
1.265595779418945312e+02
1.802074890136718750e+02
1.538658714294433594e+01
5.843630599975585938e+01
2.567592773437500000e+02
1.683833160400390625e+02
9.576158523559570312e+00
4.394694900512695312e+01
2.228127136230468750e+02
1.649046173095703125e+02
3.714933395385742188e+01
1.298746948242187500e+02
9.429284667968750000e+01
1.848199310302734375e+02
1.110778713226318359e+01
3.649106216430664062e+01
2.179492797851562500e+02
1.821101989746093750e+02
3.742160034179687500e+01
1.185783843994140625e+02
1.271616973876953125e+02
1.760783996582031250e+02
1.371115493774414062e+01
5.812472152709960938e+01
1.446930999755859375e+02
1.729221191406250000e+02
4.539339828491210938e+01
2.069171600341796875e+02
1.876935119628906250e+02
1.723844757080078125e+02
2.593239974975585938e+01
1.234481887817382812e+02
0.000000000000000000e+00
0.000000000000000000e+00
0.000000000000000000e+00
0.000000000000000000e+00
