1.251644973754882812e+02
1.695540313720703125e+02
2.660520935058593750e+01
1.036890640258789062e+02
3.226982116699218750e+02
1.564220123291015625e+02
4.216423416137695312e+01
1.548303833007812500e+02
1.251338043212890625e+02
1.758750305175781250e+02
2.646246337890625000e+01
9.944005584716796875e+01
9.394190979003906250e+01
1.698231048583984375e+02
3.347116088867187500e+01
1.147585067749023438e+02
1.008707504272460938e+02
1.680991516113281250e+02
2.580932617187500000e+01
1.176955337524414062e+02
3.535383605957031250e+02
1.592052612304687500e+02
3.293195724487304688e+01
1.473934326171875000e+02
9.720798492431640625e+01
1.686310577392578125e+02
3.349559402465820312e+01
1.155710525512695312e+02
3.450364685058593750e+02
1.578382873535156250e+02
3.838489532470703125e+01
1.506079864501953125e+02
2.712817382812500000e+02
1.699087219238281250e+02
8.331817626953125000e+00
3.868481063842773438e+01
1.571256103515625000e+02
1.760186004638671875e+02
9.840107917785644531e+00
4.382381820678710938e+01
3.212917175292968750e+02
1.698857269287109375e+02
4.660381698608398438e+01
1.445647888183593750e+02
3.110013427734375000e+02
1.782992858886718750e+02
8.862180709838867188e+00
3.617213439941406250e+01
1.030126876831054688e+02
1.722319946289062500e+02
2.415272521972656250e+01
9.724178314208984375e+01
2.358959503173828125e+02
1.717906799316406250e+02
1.130562782287597656e+01
4.590454864501953125e+01
1.567553863525390625e+02
1.793309936523437500e+02
9.234294891357421875e+00
4.471612167358398438e+01
1.197328491210937500e+02
1.679600524902343750e+02
3.668645858764648438e+01
1.066060256958007812e+02
9.625804138183593750e+01
1.683655700683593750e+02
3.692893600463867188e+01
1.079282379150390625e+02
0.000000000000000000e+00
0.000000000000000000e+00
0.000000000000000000e+00
0.000000000000000000e+00
