1.724402160644531250e+02
1.708553009033203125e+02
2.560954284667968750e+01
9.201639556884765625e+01
1.415640258789062500e+02
1.746255950927734375e+02
1.036287307739257812e+01
4.151058197021484375e+01
3.727956542968750000e+02
1.470581817626953125e+02
4.302932357788085938e+01
2.661531066894531250e+02
2.187102355957031250e+02
1.734592437744140625e+02
2.811582946777343750e+01
1.056114501953125000e+02
3.190112609863281250e+02
1.613639068603515625e+02
4.733285903930664062e+01
2.433860778808593750e+02
2.132532806396484375e+02
1.649147033691406250e+02
3.733484649658203125e+01
1.134530944824218750e+02
3.161035461425781250e+02
1.785619049072265625e+02
5.352902603149414062e+01
2.249342956542968750e+02
2.001441040039062500e+02
1.665328063964843750e+02
2.301444625854492188e+01
1.008169021606445312e+02
2.190260162353515625e+02
1.716496582031250000e+02
2.659748077392578125e+01
9.896693420410156250e+01
1.534229888916015625e+02
1.736668853759765625e+02
8.323222160339355469e+00
3.466160202026367188e+01
2.130200653076171875e+02
1.715142059326171875e+02
3.699428939819335938e+01
1.090719070434570312e+02
1.537886047363281250e+02
1.761065521240234375e+02
8.686305046081542969e+00
3.344008255004882812e+01
3.753420104980468750e+02
1.446546630859375000e+02
4.000602722167968750e+01
2.473054199218750000e+02
3.717197875976562500e+02
1.562994079589843750e+02
4.432850646972656250e+01
2.706311645507812500e+02
3.401876525878906250e+02
1.680601196289062500e+02
4.265183258056640625e+01
2.254174804687500000e+02
3.435162658691406250e+02
1.536815185546875000e+02
4.022041320800781250e+01
2.270360870361328125e+02
1.198897018432617188e+02
1.750943603515625000e+02
7.710739612579345703e+00
3.103106689453125000e+01
0.000000000000000000e+00
0.000000000000000000e+00
0.000000000000000000e+00
0.000000000000000000e+00
