1.524585266113281250e+02
1.663979797363281250e+02
2.247790336608886719e+01
1.288895874023437500e+02
1.738477325439453125e+02
1.704432067871093750e+02
2.417394447326660156e+01
1.005849685668945312e+02
1.183557205200195312e+02
1.638805541992187500e+02
4.119630050659179688e+01
1.631112823486328125e+02
1.731819305419921875e+02
1.780954742431640625e+02
2.277731895446777344e+01
9.475598144531250000e+01
2.070098419189453125e+02
1.677807922363281250e+02
8.646842956542968750e+00
3.749201965332031250e+01
1.202504348754882812e+02
1.655605468750000000e+02
3.811909103393554688e+01
1.425671539306640625e+02
1.037778015136718750e+02
1.757933502197265625e+02
1.055862712860107422e+01
4.236198806762695312e+01
1.538983917236328125e+02
1.754776153564453125e+02
1.942345809936523438e+01
8.831124114990234375e+01
2.638736572265625000e+02
1.704331665039062500e+02
7.677586555480957031e+00
3.998986816406250000e+01
2.172486877441406250e+02
1.709624328613281250e+02
8.436922073364257812e+00
3.201702880859375000e+01
3.638335266113281250e+02
1.694552917480468750e+02
2.396442604064941406e+01
5.914574050903320312e+01
2.640631713867187500e+02
1.749363098144531250e+02
7.576283931732177734e+00
3.675792312622070312e+01
1.283585052490234375e+02
1.652326049804687500e+02
1.014422035217285156e+01
3.023355293273925781e+01
1.489100494384765625e+02
1.676949768066406250e+02
3.086367034912109375e+01
1.288471374511718750e+02
0.000000000000000000e+00
0.000000000000000000e+00
0.000000000000000000e+00
0.000000000000000000e+00
