2.808678588867187500e+02
1.641408996582031250e+02
2.878795051574707031e+01
1.086111221313476562e+02
3.612826232910156250e+02
1.683945312500000000e+02
5.175112533569335938e+01
1.835114135742187500e+02
3.620389099121093750e+02
1.659321441650390625e+02
4.970689773559570312e+01
1.733246765136718750e+02
1.727986145019531250e+02
1.753195190429687500e+02
1.621915435791015625e+01
7.939312744140625000e+01
2.771601867675781250e+02
1.655397033691406250e+02
3.543612289428710938e+01
1.038720321655273438e+02
1.078483428955078125e+02
1.752142028808593750e+02
1.145665645599365234e+01
4.178813934326171875e+01
1.586371002197265625e+02
1.815825347900390625e+02
1.124751663208007812e+01
4.629219436645507812e+01
3.593850097656250000e+02
1.807960815429687500e+02
4.699796295166015625e+01
1.593670501708984375e+02
3.592453002929687500e+02
1.685471801757812500e+02
4.363238143920898438e+01
1.617001800537109375e+02
-6.600742340087890625e-01
1.624423522949218750e+02
2.599321746826171875e+01
1.663235626220703125e+02
2.570045776367187500e+02
1.697992706298828125e+02
8.909224510192871094e+00
4.039113235473632812e+01
1.884189605712890625e+02
1.664515686035156250e+02
3.404488754272460938e+01
1.909836883544921875e+02
-6.542806625366210938e-01
1.713382263183593750e+02
2.022287178039550781e+01
1.514254608154296875e+02
1.886172943115234375e+02
1.602812042236328125e+02
3.362385940551757812e+01
1.822130737304687500e+02
3.501139831542968750e+02
1.606150512695312500e+02
2.868218421936035156e+01
1.491723175048828125e+02
2.259675292968750000e+02
1.845238342285156250e+02
4.568355178833007812e+01
1.595593414306640625e+02
1.211170730590820312e+02
1.774947052001953125e+02
5.649204730987548828e+00
2.201548957824707031e+01
2.574247131347656250e+02
1.725365753173828125e+02
9.169729232788085938e+00
4.147811126708984375e+01
2.655010223388671875e-01
1.496241455078125000e+02
2.266529464721679688e+01
1.739521331787109375e+02
8.049896240234375000e+01
1.771840667724609375e+02
1.163901424407958984e+01
4.243355560302734375e+01
2.214302368164062500e+02
1.642068786621093750e+02
4.711621475219726562e+01
2.265298614501953125e+02
1.492767639160156250e+02
1.820617675781250000e+02
9.952724456787109375e+00
4.582344055175781250e+01
3.531845092773437500e+02
1.608077087402343750e+02
2.109688186645507812e+01
1.483980560302734375e+02
1.050214538574218750e+02
1.733050842285156250e+02
1.054738807678222656e+01
4.491950225830078125e+01
1.924387359619140625e+02
1.660851287841796875e+02
3.551172637939453125e+01
1.942634582519531250e+02
7.946273803710937500e+01
1.804188842773437500e+02
1.278598403930664062e+01
4.255772781372070312e+01
3.566148986816406250e+02
1.595511932373046875e+02
1.870738029479980469e+01
9.165210723876953125e+01
0.000000000000000000e+00
0.000000000000000000e+00
0.000000000000000000e+00
0.000000000000000000e+00
