3.572220458984375000e+02
1.642493743896484375e+02
4.971723556518554688e+01
1.290414428710937500e+02
3.573346252441406250e+02
1.710278015136718750e+02
5.595618057250976562e+01
1.230022430419921875e+02
1.455896148681640625e+02
1.759145355224609375e+02
1.858838081359863281e+01
6.799477386474609375e+01
2.911360473632812500e+02
1.706593933105468750e+02
2.904202270507812500e+01
1.461929779052734375e+02
2.914430541992187500e+02
1.635005493164062500e+02
2.873745536804199219e+01
1.461291656494140625e+02
1.685140380859375000e+02
1.744985046386718750e+02
3.737617492675781250e+01
1.748203277587890625e+02
1.445297546386718750e+02
1.720966644287109375e+02
1.887843894958496094e+01
6.878626251220703125e+01
1.091420059204101562e+02
1.745765228271484375e+02
1.055578422546386719e+01
4.245300292968750000e+01
2.408595886230468750e+02
1.675181274414062500e+02
1.002535438537597656e+01
4.551906967163085938e+01
2.879091186523437500e+02
1.723003845214843750e+02
3.032836341857910156e+01
1.449135284423828125e+02
3.560044555664062500e+02
1.592860870361328125e+02
4.914797592163085938e+01
1.259331893920898438e+02
2.096377258300781250e+02
1.689136199951171875e+02
4.303006744384765625e+01
1.920704040527343750e+02
1.214872817993164062e+02
1.777863311767578125e+02
6.601873397827148438e+00
2.292252349853515625e+01
2.882919006347656250e+02
1.587027740478515625e+02
2.923889160156250000e+01
1.528605651855468750e+02
1.992322082519531250e+02
1.650944519042968750e+02
4.138808441162109375e+01
2.243074798583984375e+02
8.621907043457031250e+01
1.767344055175781250e+02
1.086481475830078125e+01
4.211669921875000000e+01
2.485403137207031250e+02
1.673184661865234375e+02
7.110878467559814453e+00
4.148205947875976562e+01
2.063833770751953125e+02
1.732046203613281250e+02
4.566662597656250000e+01
2.081248321533203125e+02
2.400833740234375000e+02
1.692695617675781250e+02
1.004224205017089844e+01
4.766349411010742188e+01
2.930871582031250000e+02
1.889706268310546875e+02
2.545088005065917969e+01
1.128760070800781250e+02
1.289560546875000000e+02
1.790251159667968750e+02
5.295484542846679688e+00
2.038756752014160156e+01
2.291677703857421875e+02
1.676320190429687500e+02
1.827992820739746094e+01
6.155996322631835938e+01
2.002673034667968750e+02
1.530902099609375000e+02
3.962579345703125000e+01
2.255933990478515625e+02
1.370612182617187500e+02
1.767244262695312500e+02
4.856594562530517578e+00
2.096320533752441406e+01
1.670614166259765625e+02
1.660415039062500000e+02
3.882232284545898438e+01
1.749122619628906250e+02
0.000000000000000000e+00
0.000000000000000000e+00
0.000000000000000000e+00
0.000000000000000000e+00
