1.431757965087890625e+02
1.671504364013671875e+02
2.285396957397460938e+01
1.194842300415039062e+02
1.662587127685546875e+02
1.768904266357421875e+02
1.802376556396484375e+01
8.759061431884765625e+01
1.164699478149414062e+02
1.673643798828125000e+02
3.270835876464843750e+01
1.505064849853515625e+02
1.156370086669921875e+02
1.660144653320312500e+02
3.316469955444335938e+01
1.420014343261718750e+02
2.712369995117187500e+02
1.709366912841796875e+02
8.094285011291503906e+00
3.897724533081054688e+01
1.445716857910156250e+02
1.706791839599609375e+02
2.127151870727539062e+01
1.027754211425781250e+02
1.641852569580078125e+02
1.809657592773437500e+02
1.906245231628417969e+01
9.005508422851562500e+01
3.631029968261718750e+02
1.681977996826171875e+02
2.345658111572265625e+01
5.985696411132812500e+01
2.166922912597656250e+02
1.725293579101562500e+02
9.175949096679687500e+00
3.090441131591796875e+01
1.659203186035156250e+02
1.762462005615234375e+02
2.130717277526855469e+01
8.735388946533203125e+01
1.101682434082031250e+02
1.652811431884765625e+02
3.192758178710937500e+01
1.381801757812500000e+02
2.315671081542968750e+02
1.756437988281250000e+02
1.279374694824218750e+01
4.161814880371093750e+01
2.708018188476562500e+02
1.745593261718750000e+02
8.941917419433593750e+00
3.649670028686523438e+01
0.000000000000000000e+00
0.000000000000000000e+00
0.000000000000000000e+00
0.000000000000000000e+00
