1.682141113281250000e+02
1.663233032226562500e+02
3.077371788024902344e+01
1.385185089111328125e+02
2.498314971923828125e+02
1.746447753906250000e+02
1.030892753601074219e+01
3.865312194824218750e+01
1.990792846679687500e+02
1.669774475097656250e+02
2.379978942871093750e+01
1.216379547119140625e+02
1.238709259033203125e+02
1.625451965332031250e+02
4.861166763305664062e+01
1.954115753173828125e+02
1.707951354980468750e+02
1.683010864257812500e+02
2.458701324462890625e+01
1.322053375244140625e+02
1.095245819091796875e+02
1.746502075195312500e+02
1.010765075683593750e+01
4.195729446411132812e+01
1.256456146240234375e+02
1.644601440429687500e+02
4.660616302490234375e+01
1.725868072509765625e+02
1.234558944702148438e+02
1.764387969970703125e+02
1.255028057098388672e+01
5.443497467041015625e+01
2.166362609863281250e+02
1.688283233642578125e+02
1.919238662719726562e+01
1.003312911987304688e+02
2.494416046142578125e+02
1.706188812255859375e+02
1.010274696350097656e+01
4.119346237182617188e+01
1.949436950683593750e+02
1.670258789062500000e+02
3.431902313232421875e+01
1.225760650634765625e+02
1.026280364990234375e+02
1.764004211425781250e+02
8.902803421020507812e+00
4.071880722045898438e+01
2.072004699707031250e+02
1.688019256591796875e+02
1.931411743164062500e+01
1.046098632812500000e+02
2.505734710693359375e+02
1.755374298095703125e+02
1.151638603210449219e+01
3.693875122070312500e+01
1.662041473388671875e+02
1.665356140136718750e+02
3.213775253295898438e+01
1.495377960205078125e+02
1.963575134277343750e+02
1.778909301757812500e+02
2.184018707275390625e+01
1.051585235595703125e+02
1.248830032348632812e+02
1.769034118652343750e+02
1.142539405822753906e+01
4.092181777954101562e+01
0.000000000000000000e+00
0.000000000000000000e+00
0.000000000000000000e+00
0.000000000000000000e+00
