2.177861938476562500e+02
1.690876464843750000e+02
3.646586608886718750e+01
1.288232269287109375e+02
1.244806976318359375e+02
1.684991912841796875e+02
1.806295585632324219e+01
7.231864166259765625e+01
1.845130310058593750e+02
1.642626647949218750e+02
3.168185043334960938e+01
1.456360626220703125e+02
1.839410400390625000e+02
1.629101715087890625e+02
3.244732284545898438e+01
1.578662719726562500e+02
1.087651062011718750e+02
1.748978118896484375e+02
1.061389064788818359e+01
4.280274200439453125e+01
1.256353912353515625e+02
1.769543914794921875e+02
1.917617034912109375e+01
6.440475463867187500e+01
2.579154663085937500e+02
1.715615386962890625e+02
9.411104202270507812e+00
4.328381347656250000e+01
2.211593322753906250e+02
1.781340026855468750e+02
2.773171997070312500e+01
1.127192840576171875e+02
2.568263244628906250e+02
1.681918945312500000e+02
9.737628936767578125e+00
4.448939514160156250e+01
1.265624084472656250e+02
1.809609680175781250e+02
1.525311756134033203e+01
5.689305114746093750e+01
1.439038848876953125e+02
1.602079162597656250e+02
4.328512954711914062e+01
2.078549346923828125e+02
2.230068817138671875e+02
1.641041259765625000e+02
3.623288726806640625e+01
1.330496673583984375e+02
1.269342346191406250e+02
1.734968719482421875e+02
1.340921115875244141e+01
6.370117568969726562e+01
2.174496765136718750e+02
1.809211120605468750e+02
3.747627258300781250e+01
1.207136306762695312e+02
1.874666748046875000e+02
1.755469970703125000e+02
2.489225006103515625e+01
1.184292373657226562e+02
1.045598449707031250e+02
1.762137603759765625e+02
8.248536109924316406e+00
4.066418838500976562e+01
0.000000000000000000e+00
0.000000000000000000e+00
0.000000000000000000e+00
0.000000000000000000e+00
