1.165602416992187500e+02
1.692537231445312500e+02
3.290591812133789062e+01
1.206457901000976562e+02
1.512637176513671875e+02
1.559881896972656250e+02
3.320552825927734375e+01
1.247673339843750000e+02
1.547580566406250000e+02
1.580159606933593750e+02
2.781613731384277344e+01
1.226639709472656250e+02
8.639118957519531250e+01
1.718424835205078125e+02
2.446148681640625000e+01
1.163342971801757812e+02
2.887864990234375000e+02
1.054664764404296875e+02
1.102631225585937500e+02
3.146743469238281250e+02
1.180636978149414062e+02
1.697288208007812500e+02
2.822862052917480469e+01
1.196755676269531250e+02
2.890827331542968750e+02
1.095298309326171875e+02
1.099390029907226562e+02
2.828450927734375000e+02
2.140964202880859375e+02
1.660889892578125000e+02
3.001274871826171875e+01
1.915644683837890625e+02
3.049707946777343750e+02
1.089241943359375000e+02
1.010865402221679688e+02
3.065880737304687500e+02
2.131359558105468750e+02
1.491247558593750000e+02
3.203219604492187500e+01
2.041131439208984375e+02
8.283055877685546875e+01
1.697960357666015625e+02
3.155563926696777344e+01
1.203980484008789062e+02
1.423475341796875000e+02
1.703514709472656250e+02
1.753183174133300781e+01
8.528781127929687500e+01
2.707739868164062500e+02
1.628449401855468750e+02
2.322115707397460938e+01
1.133220214843750000e+02
3.042783508300781250e+02
1.093223114013671875e+02
1.013953781127929688e+02
2.808212585449218750e+02
2.611147155761718750e+02
1.580898132324218750e+02
3.417826461791992188e+01
1.437498474121093750e+02
1.494624786376953125e+02
1.626964721679687500e+02
3.442099761962890625e+01
1.247681732177734375e+02
2.258848114013671875e+02
1.542118225097656250e+02
4.659117889404296875e+01
2.207701568603515625e+02
1.549955291748046875e+02
1.740976409912109375e+02
2.713002204895019531e+01
1.052086563110351562e+02
1.157572021484375000e+02
1.641633453369140625e+02
3.714727020263671875e+01
1.158706283569335938e+02
3.975639038085937500e+02
1.468966979980468750e+02
1.685861206054687500e+01
1.059235153198242188e+02
1.424278411865234375e+02
1.709308013916015625e+02
1.653798866271972656e+01
6.885396575927734375e+01
3.691426086425781250e+02
1.571115112304687500e+02
1.689582061767578125e+01
7.941110229492187500e+01
1.189189834594726562e+02
1.761130828857421875e+02
6.142056465148925781e+00
2.039048957824707031e+01
8.186254119873046875e+01
1.793884582519531250e+02
8.598616600036621094e+00
1.925889778137207031e+01
2.353331451416015625e+02
1.496474609375000000e+02
5.167397308349609375e+01
2.292422332763671875e+02
0.000000000000000000e+00
0.000000000000000000e+00
0.000000000000000000e+00
0.000000000000000000e+00
