1.177794647216796875e+02
1.658061523437500000e+02
3.813079833984375000e+01
1.553952789306640625e+02
1.702202758789062500e+02
1.705480041503906250e+02
2.511302566528320312e+01
1.007501220703125000e+02
1.704420318603515625e+02
1.836520080566406250e+02
2.503715896606445312e+01
8.575795745849609375e+01
1.497115783691406250e+02
1.694659118652343750e+02
2.295891380310058594e+01
1.241529235839843750e+02
1.179749145507812500e+02
1.659162292480468750e+02
3.771001815795898438e+01
1.441873168945312500e+02
2.060913696289062500e+02
1.683877563476562500e+02
8.533737182617187500e+00
3.506236648559570312e+01
3.633899230957031250e+02
1.671646270751953125e+02
2.359715843200683594e+01
6.455539703369140625e+01
1.463861694335937500e+02
1.734528198242187500e+02
2.321608161926269531e+01
1.198209228515625000e+02
2.162392272949218750e+02
1.726130981445312500e+02
9.264760017395019531e+00
2.958294296264648438e+01
1.395925598144531250e+02
1.663186492919921875e+02
3.193309593200683594e+01
1.394600830078125000e+02
2.358333740234375000e+02
1.707266387939453125e+02
1.158488464355468750e+01
5.026831817626953125e+01
1.852097167968750000e+02
1.677035064697265625e+02
9.589779853820800781e+00
4.102963256835937500e+01
9.284127807617187500e+01
1.759175415039062500e+02
1.077674770355224609e+01
4.262527465820312500e+01
2.021619567871093750e+02
1.684724578857421875e+02
8.643079757690429688e+00
3.622594451904296875e+01
3.988904113769531250e+02
1.481313781738281250e+02
1.612252044677734375e+01
1.035563735961914062e+02
1.470865173339843750e+02
1.680885314941406250e+02
2.926854133605957031e+01
1.292551574707031250e+02
0.000000000000000000e+00
0.000000000000000000e+00
0.000000000000000000e+00
0.000000000000000000e+00
