2.731782836914062500e+02
1.649757995605468750e+02
3.820197677612304688e+01
1.439025421142578125e+02
3.812754821777343750e+02
1.580696258544921875e+02
3.333794784545898438e+01
1.418540954589843750e+02
1.432025756835937500e+02
1.737356719970703125e+02
1.651115417480468750e+01
7.189083862304687500e+01
1.089798812866210938e+02
1.744845275878906250e+02
1.083068847656250000e+01
4.307199859619140625e+01
2.713222351074218750e+02
1.731592407226562500e+02
4.244870758056640625e+01
1.385941162109375000e+02
1.676325988769531250e+02
1.701297302246093750e+02
3.644590759277343750e+01
1.771065826416015625e+02
1.422843627929687500e+02
1.709773864746093750e+02
1.688803672790527344e+01
7.174739837646484375e+01
3.864160156250000000e+02
1.602827911376953125e+02
2.884353065490722656e+01
1.380551452636718750e+02
2.387077178955078125e+02
1.678754577636718750e+02
1.036288928985595703e+01
4.484084701538085938e+01
8.557741546630859375e+01
1.805499725341796875e+02
1.294184970855712891e+01
4.192685317993164062e+01
8.627705383300781250e+01
1.775610656738281250e+02
1.199302673339843750e+01
4.277123260498046875e+01
1.677459259033203125e+02
1.659492492675781250e+02
3.630006790161132812e+01
1.739822692871093750e+02
2.381029968261718750e+02
1.699852447509765625e+02
1.049533748626708984e+01
4.670766067504882812e+01
1.976791076660156250e+02
1.724328308105468750e+02
4.296586990356445312e+01
2.099390258789062500e+02
3.823986206054687500e+02
1.515410919189453125e+02
3.073827743530273438e+01
1.403224182128906250e+02
1.212922210693359375e+02
1.760143890380859375e+02
6.214019775390625000e+00
2.499785232543945312e+01
3.625304260253906250e+02
1.705768432617187500e+02
2.241366195678710938e+01
6.400943756103515625e+01
1.010832748413085938e+02
1.747255554199218750e+02
9.068474769592285156e+00
4.238722991943359375e+01
1.984093017578125000e+02
1.590365295410156250e+02
4.198144912719726562e+01
2.124600830078125000e+02
1.291965179443359375e+02
1.781037750244140625e+02
5.951664924621582031e+00
2.173873519897460938e+01
2.073361816406250000e+02
1.788533020019531250e+02
4.394791412353515625e+01
1.982473602294921875e+02
2.084390563964843750e+02
1.815915985107421875e+02
4.367651748657226562e+01
1.657251892089843750e+02
1.576526336669921875e+02
1.811982574462890625e+02
1.015352821350097656e+01
4.651646804809570312e+01
1.364493560791015625e+02
1.768118896484375000e+02
5.390663623809814453e+00
2.143158340454101562e+01
6.510684967041015625e+01
1.730019683837890625e+02
1.114635372161865234e+01
4.775683975219726562e+01
3.941995544433593750e+02
1.605043640136718750e+02
2.005229949951171875e+01
1.385672149658203125e+02
6.807771301269531250e+01
1.737598724365234375e+02
1.124188995361328125e+01
4.663521575927734375e+01
0.000000000000000000e+00
0.000000000000000000e+00
0.000000000000000000e+00
0.000000000000000000e+00
