2.524214324951171875e+02
1.662765960693359375e+02
3.159742927551269531e+01
1.394568786621093750e+02
1.333761901855468750e+02
1.758908996582031250e+02
1.776713943481445312e+01
6.798647308349609375e+01
2.563105773925781250e+02
1.713893585205078125e+02
2.263133621215820312e+01
1.289376220703125000e+02
1.084241790771484375e+02
1.729344024658203125e+02
1.009377288818359375e+01
4.479421234130859375e+01
1.320787658691406250e+02
1.731138000488281250e+02
1.841647720336914062e+01
6.730473327636718750e+01
1.738958740234375000e+02
1.668090209960937500e+02
5.150267791748046875e+01
2.211852264404296875e+02
2.516026153564453125e+02
1.729423522949218750e+02
3.187339591979980469e+01
1.364048767089843750e+02
1.541973571777343750e+02
1.707219696044921875e+02
3.564802932739257812e+01
1.596394042968750000e+02
1.212031631469726562e+02
1.770513305664062500e+02
6.717546463012695312e+00
2.239457702636718750e+01
2.543001098632812500e+02
1.807283020019531250e+02
2.469572830200195312e+01
1.231752166748046875e+02
2.324697723388671875e+02
1.725186309814453125e+02
8.925889015197753906e+00
4.532688522338867188e+01
2.018626708984375000e+02
1.570600585937500000e+02
2.982119941711425781e+01
1.829370880126953125e+02
2.407448730468750000e+02
1.675928649902343750e+02
6.752595424652099609e+00
4.406761550903320312e+01
1.747481994628906250e+02
1.726600646972656250e+02
4.945163726806640625e+01
1.839566040039062500e+02
9.697985839843750000e+01
1.744183502197265625e+02
9.631841659545898438e+00
4.166944122314453125e+01
1.290131378173828125e+02
1.773820495605468750e+02
5.494208335876464844e+00
2.046936225891113281e+01
8.849946594238281250e+01
1.778090057373046875e+02
9.958858489990234375e+00
4.037707519531250000e+01
1.612756195068359375e+02
1.708518676757812500e+02
3.888500213623046875e+01
1.568312988281250000e+02
0.000000000000000000e+00
0.000000000000000000e+00
0.000000000000000000e+00
0.000000000000000000e+00
