2.585170593261718750e+02
1.640965423583984375e+02
3.010145950317382812e+01
1.413533630371093750e+02
2.552800903320312500e+02
1.626470184326171875e+02
3.038362121582031250e+01
1.454907531738281250e+02
2.586622924804687500e+02
1.738312225341796875e+02
2.926041793823242188e+01
1.361632080078125000e+02
1.603878021240234375e+02
1.641565704345703125e+02
3.760750961303710938e+01
1.734257507324218750e+02
2.548889923095703125e+02
1.769545593261718750e+02
3.091111183166503906e+01
1.310075073242187500e+02
1.340223236083984375e+02
1.781803894042968750e+02
1.772586250305175781e+01
6.453961181640625000e+01
1.569530639648437500e+02
1.702266845703125000e+02
3.384325790405273438e+01
1.620853424072265625e+02
1.088890151977539062e+02
1.731345672607421875e+02
1.004234886169433594e+01
4.455521774291992188e+01
1.610253295898437500e+02
1.715438995361328125e+02
3.821611022949218750e+01
1.756504211425781250e+02
2.408104400634765625e+02
1.685594482421875000e+02
7.530094146728515625e+00
4.351292800903320312e+01
2.613840637207031250e+02
1.847262268066406250e+02
2.473023033142089844e+01
1.165377044677734375e+02
1.792817687988281250e+02
1.811121520996093750e+02
4.839363861083984375e+01
1.930723266601562500e+02
2.572777709960937500e+02
1.833235473632812500e+02
2.625125122070312500e+01
1.211136093139648438e+02
1.213586502075195312e+02
1.772061309814453125e+02
6.578759670257568359e+00
2.240922927856445312e+01
2.324095916748046875e+02
1.743214263916015625e+02
8.714416503906250000e+00
4.330092620849609375e+01
2.636231384277343750e+02
1.770938415527343750e+02
2.301717758178710938e+01
1.143192138671875000e+02
1.330714874267578125e+02
1.752975921630859375e+02
1.892809867858886719e+01
6.301867294311523438e+01
1.291223297119140625e+02
1.783206787109375000e+02
5.788297653198242188e+00
2.060243034362792969e+01
2.395892028808593750e+02
1.721048431396484375e+02
8.019422531127929688e+00
4.247607421875000000e+01
1.806056823730468750e+02
1.770036468505859375e+02
4.593828964233398438e+01
1.734914245605468750e+02
1.383208465576171875e+02
1.800642242431640625e+02
1.951593208312988281e+01
6.232173919677734375e+01
1.568375854492187500e+02
1.826679077148437500e+02
3.483883285522460938e+01
1.515267944335937500e+02
2.483811645507812500e+02
1.672441711425781250e+02
6.463220596313476562e+00
3.861416625976562500e+01
8.893251037597656250e+01
1.776346435546875000e+02
9.586801528930664062e+00
3.952587509155273438e+01
1.956763458251953125e+02
1.595293884277343750e+02
3.701874923706054688e+01
1.789598236083984375e+02
0.000000000000000000e+00
0.000000000000000000e+00
0.000000000000000000e+00
0.000000000000000000e+00
