1.677565307617187500e+02
1.710167236328125000e+02
2.075351905822753906e+01
1.004192657470703125e+02
1.169830093383789062e+02
1.658718872070312500e+02
3.662604904174804688e+01
1.551480102539062500e+02
1.673482055664062500e+02
1.795521697998046875e+02
2.121611022949218750e+01
9.221273803710937500e+01
1.154749526977539062e+02
1.637699279785156250e+02
3.669078445434570312e+01
1.487096099853515625e+02
1.468723449707031250e+02
1.700679473876953125e+02
2.110535049438476562e+01
1.237516403198242188e+02
3.638912353515625000e+02
1.679411163330078125e+02
2.299291229248046875e+01
6.164568328857421875e+01
2.018614654541015625e+02
1.669387512207031250e+02
9.549530982971191406e+00
3.893058395385742188e+01
1.464038391113281250e+02
1.743321075439453125e+02
2.185057067871093750e+01
8.849173736572265625e+01
2.667584533691406250e+02
1.714282226562500000e+02
8.881415367126464844e+00
3.559399032592773438e+01
2.683971557617187500e+02
1.707383270263671875e+02
8.983855247497558594e+00
3.852570724487304688e+01
2.158655853271484375e+02
1.730251007080078125e+02
8.971964836120605469e+00
2.950627708435058594e+01
2.352405395507812500e+02
1.730112457275390625e+02
1.185897159576416016e+01
4.351428222656250000e+01
2.168620452880859375e+02
1.755406188964843750e+02
6.926957130432128906e+00
2.199402236938476562e+01
2.023081359863281250e+02
1.664412078857421875e+02
8.753174781799316406e+00
3.285961151123046875e+01
0.000000000000000000e+00
0.000000000000000000e+00
0.000000000000000000e+00
0.000000000000000000e+00
