1.025667572021484375e+02
1.700654296875000000e+02
3.780139160156250000e+01
1.277571716308593750e+02
1.543111114501953125e+02
1.781889648437500000e+02
1.490511322021484375e+01
7.986272430419921875e+01
1.331208343505859375e+02
1.712308654785156250e+02
1.952738189697265625e+01
9.974478912353515625e+01
1.325181884765625000e+02
1.725889129638671875e+02
1.941958808898925781e+01
1.100083084106445312e+02
2.171546478271484375e+02
1.723571319580078125e+02
8.912750244140625000e+00
3.027427291870117188e+01
1.422142944335937500e+02
1.726998291015625000e+02
1.940180778503417969e+01
9.469807434082031250e+01
3.631412353515625000e+02
1.688414459228515625e+02
2.324409866333007812e+01
6.661560821533203125e+01
2.730655822753906250e+02
1.697583312988281250e+02
8.351308822631835938e+00
3.940581130981445312e+01
1.367154846191406250e+02
1.777133483886718750e+02
2.059855461120605469e+01
9.797781372070312500e+01
2.360274505615234375e+02
1.693603973388671875e+02
1.013285541534423828e+01
5.130926895141601562e+01
3.973615722656250000e+02
1.823959808349609375e+02
1.717806816101074219e+01
6.895316314697265625e+01
3.342012634277343750e+02
1.660378723144531250e+02
7.781462192535400391e+00
4.813412094116210938e+01
2.011914978027343750e+02
1.680635833740234375e+02
8.441936492919921875e+00
3.551031875610351562e+01
2.371135253906250000e+02
1.700524597167968750e+02
9.564633369445800781e+00
3.897130584716796875e+01
2.254972839355468750e+02
1.725559082031250000e+02
8.000447273254394531e+00
3.109426689147949219e+01
0.000000000000000000e+00
0.000000000000000000e+00
0.000000000000000000e+00
0.000000000000000000e+00
