3.301519165039062500e+02
1.678990173339843750e+02
5.004374313354492188e+01
1.611830749511718750e+02
3.031419067382812500e+02
1.660780487060546875e+02
2.743805503845214844e+01
1.047338943481445312e+02
1.822616271972656250e+02
1.637351074218750000e+02
3.569414138793945312e+01
1.962451324462890625e+02
1.616884002685546875e+02
1.738691711425781250e+02
1.730535697937011719e+01
7.350679779052734375e+01
3.280042724609375000e+02
1.828711853027343750e+02
5.413818359375000000e+01
1.531651763916015625e+02
2.116643524169921875e+02
1.621477203369140625e+02
4.584467315673828125e+01
2.334801940917968750e+02
1.088314437866210938e+02
1.756198883056640625e+02
1.034795188903808594e+01
4.125640869140625000e+01
2.978854370117187500e+02
1.617445526123046875e+02
3.700871276855468750e+01
1.128469772338867188e+02
1.606550292968750000e+02
1.711967926025390625e+02
1.663363075256347656e+01
7.024490356445312500e+01
1.217293319702148438e+02
1.781132812500000000e+02
5.853896617889404297e+00
2.119435310363769531e+01
3.307827758789062500e+02
1.687825012207031250e+02
1.685589027404785156e+01
8.773368835449218750e+01
3.019036560058593750e+02
1.762475585937500000e+02
3.080238151550292969e+01
9.907685089111328125e+01
1.822477874755859375e+02
1.612989501953125000e+02
3.598911285400390625e+01
1.823003387451171875e+02
2.518482971191406250e+02
1.666476745605468750e+02
1.010919570922851562e+01
4.757804489135742188e+01
3.250809936523437500e+02
1.694220733642578125e+02
4.827023315429687500e+01
1.557218933105468750e+02
2.969175720214843750e+02
1.665895080566406250e+02
1.048765659332275391e+01
4.544950103759765625e+01
1.490380401611328125e+02
1.819303283691406250e+02
1.148640346527099609e+01
4.738809967041015625e+01
2.490773315429687500e+02
1.663480224609375000e+02
1.119970893859863281e+01
4.879865646362304688e+01
3.312662353515625000e+02
1.637727508544921875e+02
1.549384307861328125e+01
8.144004058837890625e+01
1.283175201416015625e+02
1.779399108886718750e+02
5.071480751037597656e+00
1.964953231811523438e+01
3.331018371582031250e+02
1.652490539550781250e+02
4.552257537841796875e+01
1.414047851562500000e+02
3.000252990722656250e+02
1.679753723144531250e+02
3.566732025146484375e+01
1.165381546020507812e+02
3.980586853027343750e+02
1.514319000244140625e+02
1.681707763671875000e+01
9.892020416259765625e+01
2.125980987548828125e+02
1.463230895996093750e+02
4.431990814208984375e+01
2.412444610595703125e+02
1.484092864990234375e+02
1.884174804687500000e+02
1.122050285339355469e+01
4.434244918823242188e+01
0.000000000000000000e+00
0.000000000000000000e+00
0.000000000000000000e+00
0.000000000000000000e+00
