1.620825805664062500e+02
1.681047973632812500e+02
2.134770202636718750e+01
9.846403503417968750e+01
2.963605041503906250e+02
1.587012939453125000e+02
5.280614089965820312e+01
2.474181365966796875e+02
2.907305297851562500e+02
1.591764221191406250e+02
5.313513565063476562e+01
2.437056274414062500e+02
1.917546081542968750e+02
1.618507537841796875e+02
2.054034233093261719e+01
1.071214828491210938e+02
2.073338165283203125e+02
1.706320190429687500e+02
2.341904640197753906e+01
1.003144149780273438e+02
3.300295410156250000e+02
1.563975524902343750e+02
8.408937835693359375e+01
2.457527618408203125e+02
2.043456726074218750e+02
1.736079711914062500e+02
2.602291107177734375e+01
1.047139358520507812e+02
6.595764160156250000e-01
1.887902832031250000e+02
3.333696746826171875e+01
9.151246643066406250e+01
1.508854370117187500e+02
1.736478271484375000e+02
8.119048118591308594e+00
4.562129974365234375e+01
2.583885192871093750e-01
1.875018768310546875e+02
2.807405471801757812e+01
9.359217071533203125e+01
2.944044189453125000e+02
1.811433410644531250e+02
5.662266159057617188e+01
2.195605926513671875e+02
3.504201049804687500e+02
1.797572174072265625e+02
5.462158584594726562e+01
1.959725036621093750e+02
2.881233825683593750e+02
1.852900695800781250e+02
5.785363769531250000e+01
2.112254180908203125e+02
1.956513061523437500e+02
1.622795867919921875e+02
3.958773040771484375e+01
1.162395401000976562e+02
2.324947509765625000e+02
1.728316040039062500e+02
1.769187736511230469e+01
8.843297576904296875e+01
1.619701385498046875e-01
1.897785186767578125e+02
3.780757141113281250e+01
1.091943740844726562e+02
1.930351257324218750e-01
1.850352325439453125e+02
3.638868713378906250e+01
1.023548507690429688e+02
1.201203231811523438e+02
1.743969726562500000e+02
7.693545818328857422e+00
3.192786026000976562e+01
2.282750854492187500e+02
1.745469207763671875e+02
1.894930458068847656e+01
8.744910430908203125e+01
3.505306091308593750e+02
1.667557678222656250e+02
5.018284988403320312e+01
1.999747161865234375e+02
3.045574340820312500e+02
1.522047271728515625e+02
4.171959686279296875e+01
2.310480041503906250e+02
8.012428283691406250e+01
1.780248107910156250e+02
1.182957363128662109e+01
4.060222625732421875e+01
3.304378662109375000e+02
1.503172149658203125e+02
3.348299407958984375e+01
2.305318908691406250e+02
2.534727783203125000e+02
1.689928894042968750e+02
8.814623832702636719e+00
3.580287170410156250e+01
3.380324401855468750e+02
1.664584503173828125e+02
4.037849807739257812e+01
2.233542785644531250e+02
0.000000000000000000e+00
0.000000000000000000e+00
0.000000000000000000e+00
0.000000000000000000e+00
