2.370741119384765625e+02
1.627826232910156250e+02
2.371010208129882812e+01
1.025378265380859375e+02
2.646695251464843750e+02
1.691522674560546875e+02
2.595256805419921875e+01
1.011811904907226562e+02
2.177418518066406250e+02
1.738572387695312500e+02
1.898886680603027344e+01
7.761586761474609375e+01
1.350915985107421875e+02
1.767483520507812500e+02
8.235628128051757812e+00
3.668676376342773438e+01
1.567321624755859375e+02
1.737677001953125000e+02
9.049520492553710938e+00
4.001295471191406250e+01
2.604194946289062500e+02
1.698607330322265625e+02
1.595397567749023438e+01
9.248040008544921875e+01
2.653541870117187500e+02
1.789944763183593750e+02
2.451790428161621094e+01
9.371809387207031250e+01
1.264647979736328125e+02
1.775052795410156250e+02
7.724054813385009766e+00
3.127236938476562500e+01
2.178925170898437500e+02
1.672495117187500000e+02
1.874535179138183594e+01
7.652235412597656250e+01
7.914749908447265625e+01
1.834264678955078125e+02
1.255698585510253906e+01
3.997774887084960938e+01
1.187088088989257812e+02
1.782042694091796875e+02
8.648513793945312500e+00
3.000172042846679688e+01
3.950606079101562500e+02
1.256517028808593750e+02
2.067314147949218750e+01
2.779175415039062500e+02
3.951784362792968750e+02
1.422906799316406250e+02
2.060752105712890625e+01
2.734682617187500000e+02
1.187201614379882812e+02
1.744333343505859375e+02
9.372078895568847656e+00
3.219467544555664062e+01
3.632611694335937500e+02
1.668050842285156250e+02
2.403884696960449219e+01
6.950949096679687500e+01
1.442487945556640625e+02
1.777941741943359375e+02
7.412546634674072266e+00
3.542004394531250000e+01
0.000000000000000000e+00
0.000000000000000000e+00
0.000000000000000000e+00
0.000000000000000000e+00
