1.216029510498046875e+02
1.501186218261718750e+02
3.262042999267578125e+01
1.426498260498046875e+02
1.210280303955078125e+02
1.601374206542968750e+02
3.131231498718261719e+01
1.305174713134765625e+02
1.783614349365234375e+01
1.678312988281250000e+02
3.322129058837890625e+01
1.395400390625000000e+02
8.816828918457031250e+01
1.688004760742187500e+02
2.610074234008789062e+01
1.154902496337890625e+02
1.249039459228515625e+02
1.632684020996093750e+02
2.562371444702148438e+01
1.267788619995117188e+02
2.305354614257812500e+02
1.592922668457031250e+02
5.540246200561523438e+01
2.326391143798828125e+02
1.570255584716796875e+02
1.790406799316406250e+02
1.127615928649902344e+01
5.056360244750976562e+01
1.906510162353515625e+01
1.693511657714843750e+02
3.071352958679199219e+01
1.442597808837890625e+02
2.287990875244140625e+02
1.645299377441406250e+02
4.896776580810546875e+01
2.234030914306640625e+02
2.085956420898437500e+02
1.652556762695312500e+02
3.518227767944335938e+01
1.948104400634765625e+02
8.428291320800781250e+01
1.645977630615234375e+02
3.348803329467773438e+01
1.253479690551757812e+02
6.159947967529296875e+01
1.646054687500000000e+02
3.187095832824707031e+01
1.466472320556640625e+02
2.048960266113281250e+02
1.696214294433593750e+02
3.508052062988281250e+01
1.862182464599609375e+02
1.377582740783691406e+01
1.644972991943359375e+02
3.408336257934570312e+01
1.451675109863281250e+02
2.299490356445312500e+02
1.616088867187500000e+02
6.003528594970703125e+01
2.123446807861328125e+02
8.818403625488281250e+01
1.688649291992187500e+02
2.551154708862304688e+01
1.053016891479492188e+02
1.456569480895996094e+01
1.690540618896484375e+02
3.267132186889648438e+01
1.463591003417968750e+02
2.080143737792968750e+02
1.580490722656250000e+02
3.617807769775390625e+01
1.880757293701171875e+02
8.316058349609375000e+01
1.648258361816406250e+02
3.604657363891601562e+01
1.152476043701171875e+02
6.504501342773437500e+01
1.631304626464843750e+02
4.013591766357421875e+01
1.427978363037109375e+02
2.281360778808593750e+02
1.589047241210937500e+02
4.747380065917968750e+01
2.185593261718750000e+02
6.089192962646484375e+01
1.708215026855468750e+02
3.371621704101562500e+01
1.406852874755859375e+02
2.036939697265625000e+02
1.617609252929687500e+02
3.703506469726562500e+01
1.806104888916015625e+02
3.628584899902343750e+02
1.676323394775390625e+02
2.334470176696777344e+01
6.505142211914062500e+01
1.209627380371093750e+02
1.771896362304687500e+02
5.331989288330078125e+00
2.094590568542480469e+01
2.010401916503906250e+02
1.632982330322265625e+02
1.060381412506103516e+01
6.831039428710937500e+01
1.141766204833984375e+02
1.766584167480468750e+02
5.345401763916015625e+00
2.392195129394531250e+01
6.682267761230468750e+01
1.744039459228515625e+02
3.201469802856445312e+01
1.346664428710937500e+02
0.000000000000000000e+00
0.000000000000000000e+00
0.000000000000000000e+00
0.000000000000000000e+00
