3.647291870117187500e+02
1.587779693603515625e+02
4.678542327880859375e+01
1.699412536621093750e+02
9.980766296386718750e+01
1.691064910888671875e+02
3.169849777221679688e+01
1.249769897460937500e+02
1.298207702636718750e+02
1.681653289794921875e+02
2.521304512023925781e+01
1.052682266235351562e+02
1.028142776489257812e+02
1.700865020751953125e+02
2.612272834777832031e+01
1.238323364257812500e+02
3.685772094726562500e+02
1.541337890625000000e+02
4.139315795898437500e+01
1.661535186767578125e+02
1.293872833251953125e+02
1.801889801025390625e+02
2.550493240356445312e+01
9.290656280517578125e+01
2.721558837890625000e+02
1.659399261474609375e+02
8.406066894531250000e+00
4.456937789916992188e+01
3.200056457519531250e+02
1.661053619384765625e+02
8.933347702026367188e+00
4.818665695190429688e+01
3.200863342285156250e+02
1.705358276367187500e+02
9.404265403747558594e+00
4.571669387817382812e+01
1.399382324218750000e+02
1.719577178955078125e+02
2.245933341979980469e+01
8.930941009521484375e+01
1.516851043701171875e+02
1.792489929199218750e+02
1.109468173980712891e+01
4.933457565307617188e+01
9.386074829101562500e+01
1.727009277343750000e+02
3.446699905395507812e+01
1.222700042724609375e+02
3.597832336425781250e+02
1.661815795898437500e+02
4.614268493652343750e+01
1.566488189697265625e+02
1.745430603027343750e+02
1.799652099609375000e+02
8.733357429504394531e+00
3.179138946533203125e+01
1.042841262817382812e+02
1.796311950683593750e+02
2.321780395507812500e+01
7.909681701660156250e+01
4.033253173828125000e+02
1.649270935058593750e+02
1.276407146453857422e+01
1.357836456298828125e+02
4.041441345214843750e+02
1.645011138916015625e+02
1.151984691619873047e+01
1.621094665527343750e+02
0.000000000000000000e+00
0.000000000000000000e+00
0.000000000000000000e+00
0.000000000000000000e+00
