1.632572326660156250e+02
1.669049987792968750e+02
2.376584434509277344e+01
9.351950836181640625e+01
3.033209533691406250e+02
1.584972229003906250e+02
4.859662246704101562e+01
2.487372283935546875e+02
2.335376129150390625e+02
1.716753540039062500e+02
1.866013526916503906e+01
8.879438018798828125e+01
1.657695770263671875e+02
1.682485351562500000e+02
2.252134895324707031e+01
9.300058746337890625e+01
1.912387542724609375e+02
1.619796295166015625e+02
2.279323577880859375e+01
1.090297622680664062e+02
3.337384948730468750e+02
1.506350555419921875e+02
8.318770599365234375e+01
2.608204650878906250e+02
2.067746124267578125e+02
1.760787353515625000e+02
2.623340797424316406e+01
1.011766510009765625e+02
3.007202758789062500e+02
1.834777374267578125e+02
5.291518783569335938e+01
2.141915588378906250e+02
2.070829315185546875e+02
1.677287902832031250e+02
2.493412208557128906e+01
1.063262939453125000e+02
1.441450958251953125e+02
1.750150451660156250e+02
1.000459957122802734e+01
4.088922882080078125e+01
1.980255126953125000e+02
1.615453491210937500e+02
3.740974426269531250e+01
1.181096572875976562e+02
1.204385757446289062e+02
1.744103240966796875e+02
7.602643966674804688e+00
3.138476371765136719e+01
3.633989868164062500e+02
1.873352355957031250e+02
5.130800628662109375e+01
1.833333892822265625e+02
9.758815765380859375e-01
2.016491699218750000e+02
1.847816848754882812e+01
9.145696258544921875e+01
1.524931335449218750e+02
1.738119201660156250e+02
8.468955993652343750e+00
4.276126098632812500e+01
3.621112976074218750e+02
1.715440368652343750e+02
5.261148834228515625e+01
1.891572113037109375e+02
3.231908874511718750e+02
1.630744323730468750e+02
4.327569961547851562e+01
2.370108184814453125e+02
3.399251098632812500e+02
1.587394409179687500e+02
3.388196945190429688e+01
2.435831451416015625e+02
1.536935882568359375e+02
1.725418090820312500e+02
7.320900917053222656e+00
3.531837081909179688e+01
8.029219818115234375e+01
1.778176422119140625e+02
1.177951717376708984e+01
4.079510879516601562e+01
2.538334045410156250e+02
1.686742706298828125e+02
8.582018852233886719e+00
3.618976593017578125e+01
3.356807861328125000e+02
1.657563781738281250e+02
7.990017700195312500e+01
2.508458862304687500e+02
0.000000000000000000e+00
0.000000000000000000e+00
0.000000000000000000e+00
0.000000000000000000e+00
