1.207852630615234375e+02
1.664250488281250000e+02
5.264447784423828125e+01
1.876500244140625000e+02
1.660332183837890625e+02
1.684592742919921875e+02
3.008162689208984375e+01
1.337344360351562500e+02
1.918359069824218750e+02
1.714905242919921875e+02
2.561303329467773438e+01
1.152345199584960938e+02
1.685307769775390625e+02
1.702212219238281250e+02
2.428118133544921875e+01
1.275843658447265625e+02
2.497065277099609375e+02
1.733031463623046875e+02
1.083816432952880859e+01
4.041486740112304688e+01
1.207817764282226562e+02
1.618648071289062500e+02
5.125016403198242188e+01
1.825308074951171875e+02
2.115199127197265625e+02
1.698968353271484375e+02
1.837754631042480469e+01
9.977701568603515625e+01
2.495997619628906250e+02
1.703220825195312500e+02
1.009141349792480469e+01
4.138667297363281250e+01
1.158276596069335938e+02
1.848198547363281250e+02
5.269181823730468750e+01
1.509513092041015625e+02
1.248593444824218750e+02
1.785840148925781250e+02
1.040096855163574219e+01
3.405239486694335938e+01
1.031055603027343750e+02
1.762161712646484375e+02
9.297310829162597656e+00
4.083179092407226562e+01
2.505064239501953125e+02
1.748697967529296875e+02
1.174973201751708984e+01
3.770455932617187500e+01
1.110767135620117188e+02
1.761820983886718750e+02
8.509011268615722656e+00
3.955934143066406250e+01
1.931968078613281250e+02
1.773097534179687500e+02
2.285190582275390625e+01
8.529290771484375000e+01
2.082136077880859375e+02
1.730565490722656250e+02
1.867032432556152344e+01
1.057037200927734375e+02
1.159417037963867188e+02
1.810294189453125000e+02
5.015150833129882812e+01
1.385295867919921875e+02
2.112777099609375000e+02
1.758448333740234375e+02
1.325401020050048828e+01
5.472321319580078125e+01
0.000000000000000000e+00
0.000000000000000000e+00
0.000000000000000000e+00
0.000000000000000000e+00
