8.405120086669921875e+01
1.558194427490234375e+02
3.920863723754882812e+01
1.507624206542968750e+02
9.315814971923828125e-01
1.678489074707031250e+02
4.359911346435546875e+01
1.589309539794921875e+02
4.034899139404296875e+01
1.673799438476562500e+02
2.136765861511230469e+01
1.287588195800781250e+02
1.995878753662109375e+02
1.623157043457031250e+02
3.554604721069335938e+01
1.957268829345703125e+02
8.349426269531250000e+01
1.501571044921875000e+02
3.877892303466796875e+01
1.445762939453125000e+02
1.586129760742187500e+02
1.819039306640625000e+02
1.021152782440185547e+01
4.705194091796875000e+01
3.491855621337890625e+00
1.649604797363281250e+02
3.943373107910156250e+01
1.464897460937500000e+02
3.707690429687500000e+01
1.627623443603515625e+02
2.849123954772949219e+01
1.350039062500000000e+02
2.327834014892578125e+02
1.503676910400390625e+02
5.307680511474609375e+01
2.515539245605468750e+02
1.992175445556640625e+02
1.529455871582031250e+02
3.647526931762695312e+01
2.004107666015625000e+02
2.308041992187500000e+02
1.456195678710937500e+02
4.319615936279296875e+01
2.400136260986328125e+02
1.590580291748046875e+02
1.900419921875000000e+02
1.031351089477539062e+01
4.241472625732421875e+01
2.700606079101562500e+02
1.701966400146484375e+02
9.889595031738281250e+00
3.833889770507812500e+01
1.743297576904296875e+00
1.852678375244140625e+02
4.510552597045898438e+01
1.459595642089843750e+02
2.359910430908203125e+02
1.637404632568359375e+02
5.004233932495117188e+01
2.026878356933593750e+02
1.441241149902343750e+02
1.891770935058593750e+02
1.184257030487060547e+01
4.440892028808593750e+01
2.285850830078125000e+02
1.519084472656250000e+02
4.776422882080078125e+01
2.484465332031250000e+02
1.441408843994140625e+02
1.863757476806640625e+02
1.274364948272705078e+01
3.910673141479492188e+01
3.327466125488281250e+02
1.663099212646484375e+02
8.852687835693359375e+00
4.401911544799804688e+01
1.215684204101562500e+02
1.786634368896484375e+02
5.061709880828857422e+00
1.748804855346679688e+01
1.496387786865234375e+02
1.841729431152343750e+02
9.489850044250488281e+00
4.220250701904296875e+01
0.000000000000000000e+00
0.000000000000000000e+00
0.000000000000000000e+00
0.000000000000000000e+00
