9.959700012207031250e+01
1.682375488281250000e+02
3.182559394836425781e+01
1.262904052734375000e+02
1.298784790039062500e+02
1.671176605224609375e+02
2.447111320495605469e+01
1.068475952148437500e+02
3.775198974609375000e+02
1.515638427734375000e+02
3.486412048339843750e+01
1.700099945068359375e+02
1.036850585937500000e+02
1.702223205566406250e+02
2.511769294738769531e+01
1.229872283935546875e+02
3.736806640625000000e+02
1.557860107421875000e+02
3.970729827880859375e+01
1.762750701904296875e+02
1.289310760498046875e+02
1.794688415527343750e+02
2.599495506286621094e+01
9.384177398681640625e+01
1.399248962402343750e+02
1.718551940917968750e+02
2.184223175048828125e+01
8.977344512939453125e+01
2.723959655761718750e+02
1.664250793457031250e+02
8.576682090759277344e+00
4.400208282470703125e+01
3.221663818359375000e+02
1.665947265625000000e+02
7.733490943908691406e+00
4.521680450439453125e+01
9.371719360351562500e+01
1.722856140136718750e+02
3.457571411132812500e+01
1.234611129760742188e+02
1.574580230712890625e+02
1.748211975097656250e+02
9.091102600097656250e+00
4.404209136962890625e+01
3.644035034179687500e+02
1.652071075439453125e+02
1.881023597717285156e+01
7.309163665771484375e+01
0.000000000000000000e+00
0.000000000000000000e+00
0.000000000000000000e+00
0.000000000000000000e+00
