1.823018341064453125e+02
1.662126922607421875e+02
2.378256988525390625e+01
9.620081329345703125e+01
1.408350372314453125e+02
1.759044952392578125e+02
1.056083488464355469e+01
4.158029937744140625e+01
2.341307830810546875e+02
1.670556030273437500e+02
2.594161033630371094e+01
1.047460632324218750e+02
3.326604003906250000e+02
1.681226654052734375e+02
5.381247711181640625e+01
2.271382141113281250e+02
3.557489624023437500e+02
1.641508789062500000e+02
4.409763336181640625e+01
2.338596038818359375e+02
2.030301666259765625e+02
1.671480255126953125e+02
2.496403884887695312e+01
1.000102767944335938e+02
3.933014221191406250e+02
1.588734130859375000e+02
2.283782005310058594e+01
2.443684234619140625e+02
1.522803039550781250e+02
1.742183990478515625e+02
9.002292633056640625e+00
3.332526779174804688e+01
1.528634643554687500e+02
1.753086547851562500e+02
9.190075874328613281e+00
3.519723510742187500e+01
1.187946472167968750e+02
1.727789764404296875e+02
8.630942344665527344e+00
3.337445449829101562e+01
1.789087829589843750e+02
1.697060852050781250e+02
2.451849746704101562e+01
8.944889831542968750e+01
3.604427795410156250e+02
1.604327697753906250e+02
3.801290512084960938e+01
2.153427734375000000e+02
2.262886047363281250e+02
1.627226562500000000e+02
3.715290832519531250e+01
1.127527008056640625e+02
1.259248046875000000e+02
1.744091796875000000e+02
8.088896751403808594e+00
3.064553642272949219e+01
3.302332458496093750e+02
1.815111083984375000e+02
5.927465820312500000e+01
2.175536346435546875e+02
3.361951904296875000e+02
1.643490295410156250e+02
4.181202316284179688e+01
2.071326751708984375e+02
2.316272583007812500e+02
1.737723388671875000e+02
2.590563201904296875e+01
1.036130523681640625e+02
3.943491516113281250e+02
1.429571228027343750e+02
2.179428291320800781e+01
2.482930450439453125e+02
7.990824890136718750e+01
1.828328247070312500e+02
1.222741603851318359e+01
3.992142486572265625e+01
8.778953552246093750e+01
1.767202758789062500e+02
1.198908901214599609e+01
4.340583038330078125e+01
0.000000000000000000e+00
0.000000000000000000e+00
0.000000000000000000e+00
0.000000000000000000e+00
