2.043437805175781250e+02
1.710492858886718750e+02
2.691217613220214844e+01
8.576869201660156250e+01
3.659841308593750000e+02
1.530701293945312500e+02
4.810301971435546875e+01
2.587067260742187500e+02
1.376228027343750000e+02
1.759972686767578125e+02
8.321078300476074219e+00
3.887046051025390625e+01
3.654169311523437500e+02
1.621888580322265625e+02
4.975527954101562500e+01
2.592247009277343750e+02
2.509770355224609375e+02
1.731675872802734375e+02
2.807003402709960938e+01
1.053662414550781250e+02
2.514351196289062500e+02
1.715462188720703125e+02
2.598968887329101562e+01
9.918548583984375000e+01
1.561400299072265625e+02
1.751076049804687500e+02
9.374328613281250000e+00
3.851233291625976562e+01
2.450946960449218750e+02
1.643603820800781250e+02
3.691881942749023438e+01
1.140236816406250000e+02
1.540614166259765625e+02
1.757882080078125000e+02
7.777998924255371094e+00
3.594317626953125000e+01
1.267529602050781250e+02
1.777279663085937500e+02
7.515045642852783203e+00
3.044512176513671875e+01
2.261559753417968750e+02
1.681586914062500000e+02
2.180858230590820312e+01
9.349838256835937500e+01
2.447119598388671875e+02
1.721847229003906250e+02
3.715261840820312500e+01
1.069693527221679688e+02
3.711258239746093750e+02
1.755583801269531250e+02
4.245477676391601562e+01
1.760890350341796875e+02
1.182744293212890625e+02
1.790951843261718750e+02
8.620498657226562500e+00
2.875144195556640625e+01
1.266854705810546875e+02
1.757074127197265625e+02
7.791223526000976562e+00
3.057083892822265625e+01
8.011770629882812500e+01
1.855070800781250000e+02
1.107639122009277344e+01
3.702948760986328125e+01
0.000000000000000000e+00
0.000000000000000000e+00
0.000000000000000000e+00
0.000000000000000000e+00
