2.194576873779296875e+02
1.713128204345703125e+02
2.357755470275878906e+01
8.539284515380859375e+01
1.571360321044921875e+02
1.738041839599609375e+02
8.580615997314453125e+00
4.044443511962890625e+01
2.729249572753906250e+02
1.708254394531250000e+02
2.166904449462890625e+01
9.864460754394531250e+01
2.437174682617187500e+02
1.656911621093750000e+02
1.904613304138183594e+01
9.684626007080078125e+01
1.351430664062500000e+02
1.768376007080078125e+02
7.284666538238525391e+00
3.657233047485351562e+01
2.584833679199218750e+02
1.664829406738281250e+02
1.779069709777832031e+01
9.673248291015625000e+01
2.742438659667968750e+02
1.770801696777343750e+02
1.985970878601074219e+01
9.830585479736328125e+01
3.642289733886718750e+02
1.693816833496093750e+02
2.342662239074707031e+01
6.403822326660156250e+01
7.949742889404296875e+01
1.816903533935546875e+02
1.226177787780761719e+01
4.181788253784179688e+01
1.191790008544921875e+02
1.781242675781250000e+02
1.023313999176025391e+01
3.092795944213867188e+01
1.512829742431640625e+02
1.832770385742187500e+02
4.652117729187011719e+00
2.313493347167968750e+01
1.569448089599609375e+02
1.724930419921875000e+02
9.359096527099609375e+00
3.778089904785156250e+01
1.193615951538085938e+02
1.733199615478515625e+02
1.127328681945800781e+01
3.407788085937500000e+01
7.927581024169921875e+01
1.784305419921875000e+02
1.238968181610107422e+01
4.063896179199218750e+01
0.000000000000000000e+00
0.000000000000000000e+00
0.000000000000000000e+00
0.000000000000000000e+00
