1.754063415527343750e+02
1.600898132324218750e+02
2.560207176208496094e+01
1.108596649169921875e+02
1.483306884765625000e+02
1.641937255859375000e+02
2.466631507873535156e+01
1.236096954345703125e+02
3.071182250976562500e+02
1.675885162353515625e+02
3.380900573730468750e+01
1.332507019042968750e+02
2.391755371093750000e+02
1.661551818847656250e+02
3.886163330078125000e+01
2.187714843750000000e+02
1.450488891601562500e+02
1.731730346679687500e+02
2.842357444763183594e+01
1.064689636230468750e+02
4.540596771240234375e+01
1.258283386230468750e+02
8.725233459472656250e+01
2.917611083984375000e+02
2.394192504882812500e+02
1.562019042968750000e+02
3.926502227783203125e+01
2.222367095947265625e+02
1.237723541259765625e+02
1.664758148193359375e+02
2.016283416748046875e+01
1.059121932983398438e+02
1.461831817626953125e+02
1.674061584472656250e+02
3.126519775390625000e+01
1.179141845703125000e+02
1.505149841308593750e+02
1.655441894531250000e+02
2.298944854736328125e+01
1.114804077148437500e+02
3.652293090820312500e+02
1.694695129394531250e+02
2.104518318176269531e+01
6.033705902099609375e+01
2.690489196777343750e+02
1.880480041503906250e+02
4.519612884521484375e+01
1.831452178955078125e+02
1.224966125488281250e+02
1.750037841796875000e+02
2.176412773132324219e+01
1.008201217651367188e+02
2.355369720458984375e+02
1.738545532226562500e+02
3.867200851440429688e+01
2.038486175537109375e+02
2.363643951416015625e+02
1.670013122558593750e+02
3.698715209960937500e+01
1.999831085205078125e+02
1.423886718750000000e+02
1.719737091064453125e+02
3.207213211059570312e+01
1.086147079467773438e+02
3.100070495605468750e+02
1.751486206054687500e+02
2.766217994689941406e+01
1.168860321044921875e+02
1.468154296875000000e+02
1.596015472412109375e+02
3.144327163696289062e+01
1.233267745971679688e+02
3.064820556640625000e+02
1.708783264160156250e+02
3.515054702758789062e+01
1.405521392822265625e+02
1.695419616699218750e+02
1.575526123046875000e+02
3.493398666381835938e+01
1.129975357055664062e+02
1.107471160888671875e+02
1.727424316406250000e+02
2.033220863342285156e+01
8.272494506835937500e+01
3.981018066406250000e+02
1.481638793945312500e+02
1.674298095703125000e+01
1.033450393676757812e+02
2.258166961669921875e+02
1.676423950195312500e+02
7.337505817413330078e+00
3.978452682495117188e+01
0.000000000000000000e+00
0.000000000000000000e+00
0.000000000000000000e+00
0.000000000000000000e+00
