2.883420410156250000e+02
1.621408233642578125e+02
2.527470779418945312e+01
1.085438537597656250e+02
3.581318664550781250e+02
1.682321624755859375e+02
4.314885711669921875e+01
1.823749694824218750e+02
3.580932312011718750e+02
1.660855865478515625e+02
4.214152526855468750e+01
1.709744262695312500e+02
1.691502227783203125e+02
1.764692840576171875e+02
1.829563331604003906e+01
7.852204132080078125e+01
2.546133117675781250e+02
1.687003784179687500e+02
9.461600303649902344e+00
4.395042800903320312e+01
1.583302307128906250e+02
1.815787506103515625e+02
1.148339939117431641e+01
4.705552291870117188e+01
1.084777908325195312e+02
1.754573974609375000e+02
1.049890995025634766e+01
4.099861907958984375e+01
2.541137084960937500e+02
1.728599853515625000e+02
1.014849472045898438e+01
4.057180023193359375e+01
3.498687744140625000e+02
1.557825927734375000e+02
1.834326553344726562e+01
9.496692657470703125e+01
1.642048034667968750e+02
1.777785491943359375e+02
1.958996200561523438e+01
6.991665649414062500e+01
1.213064880371093750e+02
1.778631286621093750e+02
5.756922721862792969e+00
2.131311988830566406e+01
1.869210357666015625e+02
1.628865661621093750e+02
3.521024703979492188e+01
1.973596038818359375e+02
2.149416198730468750e+02
1.618512573242187500e+02
4.325720214843750000e+01
2.291671142578125000e+02
2.821131896972656250e+02
1.603225555419921875e+02
3.550582122802734375e+01
1.110154190063476562e+02
2.147308654785156250e+02
1.482537384033203125e+02
4.218631362915039062e+01
2.371619567871093750e+02
3.499776916503906250e+02
1.662774963378906250e+02
1.864974403381347656e+01
9.148208618164062500e+01
1.864771423339843750e+02
1.616194763183593750e+02
3.587351989746093750e+01
1.792384185791015625e+02
8.048876190185546875e+01
1.770638732910156250e+02
1.156155014038085938e+01
4.225111007690429688e+01
1.592266998291015625e+02
1.890420989990234375e+02
1.036789989471435547e+01
4.358054351806640625e+01
-1.725912094116210938e-01
1.981347351074218750e+02
2.037250137329101562e+01
1.307448272705078125e+02
3.611642150878906250e+02
1.670158691406250000e+02
4.849578094482421875e+01
1.876935424804687500e+02
0.000000000000000000e+00
0.000000000000000000e+00
0.000000000000000000e+00
0.000000000000000000e+00
