1.015283660888671875e+02
1.700901336669921875e+02
2.556145477294921875e+01
1.116526260375976562e+02
6.108422088623046875e+01
2.072739257812500000e+02
3.306532669067382812e+01
4.828347015380859375e+01
1.261923065185546875e+02
1.680412597656250000e+02
2.682064437866210938e+01
1.191672821044921875e+02
1.552810821533203125e+02
1.594585571289062500e+02
3.475426483154296875e+01
1.179002532958984375e+02
1.586806182861328125e+02
1.643628540039062500e+02
2.397609329223632812e+01
1.104207916259765625e+02
1.227146224975585938e+02
1.661932983398437500e+02
3.405720520019531250e+01
1.212683868408203125e+02
1.673357543945312500e+02
1.580063476562500000e+02
2.216352844238281250e+01
1.188071975708007812e+02
1.048431777954101562e+02
1.698266296386718750e+02
2.311594963073730469e+01
1.011958465576171875e+02
9.660520935058593750e+01
1.783984832763671875e+02
2.933642959594726562e+01
9.772201538085937500e+01
9.948399353027343750e+01
1.665760192871093750e+02
3.266371917724609375e+01
1.193562088012695312e+02
2.830777587890625000e+02
1.647082824707031250e+02
3.368944549560546875e+01
1.311885070800781250e+02
1.868724517822265625e+02
1.402344970703125000e+02
8.986464691162109375e+01
2.535856781005859375e+02
1.606122131347656250e+02
1.544635009765625000e+02
3.391811370849609375e+01
1.248748397827148438e+02
2.864512939453125000e+02
1.732423248291015625e+02
2.663161849975585938e+01
1.141723098754882812e+02
2.582702331542968750e+02
1.601365356445312500e+02
3.803369522094726562e+01
1.467416229248046875e+02
6.548755645751953125e+01
1.949846038818359375e+02
2.571260261535644531e+01
5.163039398193359375e+01
3.630292663574218750e+02
1.681605224609375000e+02
2.317124748229980469e+01
6.224935531616210938e+01
1.641692352294921875e+02
1.379578399658203125e+02
1.022467651367187500e+02
2.620027160644531250e+02
2.494921417236328125e+02
1.583779754638671875e+02
3.682901763916015625e+01
1.797592468261718750e+02
2.562562255859375000e+02
1.585636291503906250e+02
3.990666961669921875e+01
1.767166748046875000e+02
9.855782318115234375e+01
1.627388000488281250e+02
3.327988815307617188e+01
1.181003875732421875e+02
8.801023864746093750e+01
1.754823303222656250e+02
1.057447719573974609e+01
4.458058929443359375e+01
1.252765121459960938e+02
1.754369964599609375e+02
2.339637947082519531e+01
8.710532379150390625e+01
1.206078186035156250e+02
1.598323059082031250e+02
3.629891967773437500e+01
1.240813064575195312e+02
2.481325531005859375e+02
1.595907897949218750e+02
3.820603179931640625e+01
1.487413177490234375e+02
2.864751281738281250e+02
1.733253631591796875e+02
2.532610893249511719e+01
9.198037719726562500e+01
1.580446929931640625e+02
1.757536773681640625e+02
2.429526519775390625e+01
9.986345672607421875e+01
2.678600158691406250e+02
1.701722106933593750e+02
2.385117340087890625e+01
9.298657226562500000e+01
0.000000000000000000e+00
0.000000000000000000e+00
0.000000000000000000e+00
0.000000000000000000e+00
