2.242119598388671875e+02
1.720709075927734375e+02
3.859737777709960938e+01
1.230428161621093750e+02
1.899842224121093750e+02
1.591621856689453125e+02
3.164891624450683594e+01
1.550404968261718750e+02
1.091058578491210938e+02
1.746477050781250000e+02
1.098315906524658203e+01
4.305785369873046875e+01
1.903103027343750000e+02
1.622946319580078125e+02
3.058899497985839844e+01
1.607855529785156250e+02
1.269954223632812500e+02
1.707112731933593750e+02
1.851409912109375000e+01
6.857250213623046875e+01
2.179843750000000000e+02
1.658817443847656250e+02
4.031455612182617188e+01
1.360331268310546875e+02
1.919100646972656250e+02
1.585253143310546875e+02
3.563735580444335938e+01
1.554102783203125000e+02
2.600480346679687500e+02
1.714130706787109375e+02
9.579081535339355469e+00
4.359967422485351562e+01
1.281082305908203125e+02
1.753966522216796875e+02
1.935048484802246094e+01
6.723366546630859375e+01
1.481858367919921875e+02
1.714430694580078125e+02
4.311306762695312500e+01
1.868459167480468750e+02
9.499468231201171875e+01
1.782843627929687500e+02
1.019987297058105469e+01
3.911405944824218750e+01
2.600789184570312500e+02
1.684281005859375000e+02
9.789009094238281250e+00
4.452601623535156250e+01
2.249585876464843750e+02
1.688869628906250000e+02
1.065148067474365234e+01
3.835354614257812500e+01
3.626701965332031250e+02
1.688316040039062500e+02
2.428293800354003906e+01
6.338542938232421875e+01
1.483989257812500000e+02
1.797592773437500000e+02
4.518714141845703125e+01
1.938056488037109375e+02
1.217661285400390625e+02
1.771044006347656250e+02
5.706561088562011719e+00
2.275593566894531250e+01
1.929408874511718750e+02
1.661070251464843750e+02
3.296018600463867188e+01
1.524972686767578125e+02
2.226108551025390625e+02
1.788190002441406250e+02
4.149560928344726562e+01
1.242775955200195312e+02
2.315732727050781250e+02
1.799425354003906250e+02
2.771920394897460938e+01
1.053531646728515625e+02
9.336536407470703125e+01
1.829020385742187500e+02
1.122362804412841797e+01
3.702023315429687500e+01
0.000000000000000000e+00
0.000000000000000000e+00
0.000000000000000000e+00
0.000000000000000000e+00
