1.946395721435546875e+02
1.675142364501953125e+02
2.142771530151367188e+01
9.354067993164062500e+01
3.491255798339843750e+02
1.629407196044921875e+02
5.784415435791015625e+01
2.405473937988281250e+02
2.390045013427734375e+02
1.708326416015625000e+02
2.647298622131347656e+01
9.961128997802734375e+01
2.166004180908203125e+02
1.687782287597656250e+02
2.656106567382812500e+01
9.551805877685546875e+01
1.379411468505859375e+02
1.778507232666015625e+02
9.912557601928710938e+00
3.850523757934570312e+01
3.466104431152343750e+02
1.598115386962890625e+02
6.118671035766601562e+01
2.615068664550781250e+02
2.388459625244140625e+02
1.722239532470703125e+02
2.564405632019042969e+01
1.069065856933593750e+02
1.532976837158203125e+02
1.721399841308593750e+02
8.886497497558593750e+00
3.697545242309570312e+01
1.407488250732421875e+02
1.772836914062500000e+02
9.193503379821777344e+00
3.731872940063476562e+01
1.258600234985351562e+02
1.756071624755859375e+02
8.031667709350585938e+00
3.045052528381347656e+01
3.356238403320312500e+02
1.643604736328125000e+02
7.648107910156250000e+01
2.386468658447265625e+02
2.323614196777343750e+02
1.633791961669921875e+02
3.608238220214843750e+01
1.133594589233398438e+02
1.530339965820312500e+02
1.754045562744140625e+02
9.390813827514648438e+00
3.525478363037109375e+01
2.109472198486328125e+02
1.598206176757812500e+02
3.947283935546875000e+01
1.114047164916992188e+02
1.186809616088867188e+02
1.748311462402343750e+02
8.270017623901367188e+00
3.116162109375000000e+01
8.776602935791015625e+01
1.765269470214843750e+02
1.306180095672607422e+01
4.334325790405273438e+01
3.647599792480468750e+02
1.586984100341796875e+02
4.991728210449218750e+01
2.437306213378906250e+02
1.257752304077148438e+02
1.783531646728515625e+02
8.101698875427246094e+00
2.909778404235839844e+01
3.545774230957031250e+02
1.740795593261718750e+02
4.721479415893554688e+01
1.839906005859375000e+02
7.960031890869140625e+01
1.849853363037109375e+02
1.302484321594238281e+01
3.668044662475585938e+01
0.000000000000000000e+00
0.000000000000000000e+00
0.000000000000000000e+00
0.000000000000000000e+00
