1.159922561645507812e+02
1.733646240234375000e+02
3.666321945190429688e+01
1.170336761474609375e+02
8.954352569580078125e+01
1.728261260986328125e+02
2.577696228027343750e+01
1.193218460083007812e+02
1.575997772216796875e+02
1.626148376464843750e+02
2.603653335571289062e+01
1.154892349243164062e+02
2.563226928710937500e+02
1.205881042480468750e+02
1.070740966796875000e+02
2.830710449218750000e+02
2.562119750976562500e+02
1.249739990234375000e+02
1.094803314208984375e+02
2.509131774902343750e+02
1.210597229003906250e+02
1.769536743164062500e+02
2.854705238342285156e+01
1.108235244750976562e+02
1.526711273193359375e+02
1.568210449218750000e+02
3.418703079223632812e+01
1.246737670898437500e+02
2.404719238281250000e+02
1.609963989257812500e+02
4.117389678955078125e+01
1.663220977783203125e+02
8.438658905029296875e+01
1.722519531250000000e+02
3.492376708984375000e+01
1.176604537963867188e+02
3.640151367187500000e+02
1.660629272460937500e+02
2.066117286682128906e+01
6.850004577636718750e+01
2.338295593261718750e+02
1.584100494384765625e+02
3.826442337036132812e+01
1.700310668945312500e+02
2.323904571533203125e+02
1.633974914550781250e+02
3.942995452880859375e+01
1.461754608154296875e+02
2.146150360107421875e+02
1.572637176513671875e+02
3.196311378479003906e+01
1.707834777832031250e+02
2.416060638427734375e+02
1.617925415039062500e+02
4.274985504150390625e+01
1.467399444580078125e+02
2.154048461914062500e+02
1.603400268554687500e+02
3.293463897705078125e+01
1.508192596435546875e+02
2.719261779785156250e+02
1.175975494384765625e+02
1.036421585083007812e+02
2.890873107910156250e+02
1.568401336669921875e+02
1.741106262207031250e+02
2.557451248168945312e+01
1.047207794189453125e+02
3.980220031738281250e+02
1.459781646728515625e+02
1.643717002868652344e+01
1.067618713378906250e+02
2.687982177734375000e+02
1.264501647949218750e+02
1.084262466430664062e+02
2.461242065429687500e+02
1.206906814575195312e+02
1.773097839355468750e+02
6.353415966033935547e+00
2.126380157470703125e+01
3.977229003906250000e+02
1.790674133300781250e+02
1.708329010009765625e+01
7.219404602050781250e+01
0.000000000000000000e+00
0.000000000000000000e+00
0.000000000000000000e+00
0.000000000000000000e+00
