1.490088348388671875e+02
1.647224426269531250e+02
2.032106590270996094e+01
1.040943298339843750e+02
1.902249298095703125e+02
1.589066772460937500e+02
2.175669097900390625e+01
1.244343872070312500e+02
1.509610290527343750e+02
1.612920074462890625e+02
1.916575431823730469e+01
1.130447463989257812e+02
1.891747589111328125e+02
1.697252807617187500e+02
2.158160781860351562e+01
1.120882873535156250e+02
3.661383361816406250e+02
1.542318420410156250e+02
4.455212783813476562e+01
1.926538238525390625e+02
3.632966613769531250e+02
1.612288513183593750e+02
4.957381439208984375e+01
1.976334838867187500e+02
2.786414184570312500e+02
1.536094970703125000e+02
3.843917465209960938e+01
2.287554321289062500e+02
2.092623748779296875e+02
1.687040405273437500e+02
2.436263084411621094e+01
9.539706420898437500e+01
3.107584838867187500e+02
1.561960754394531250e+02
2.788406372070312500e+01
2.203991546630859375e+02
2.765064697265625000e+02
1.635543518066406250e+02
4.231628036499023438e+01
2.237724456787109375e+02
4.533592224121093750e+01
1.870657196044921875e+02
2.647805595397949219e+01
8.656164550781250000e+01
3.651497802734375000e+02
1.599817810058593750e+02
4.546394729614257812e+01
1.527421112060546875e+02
1.824751129150390625e+02
1.569469757080078125e+02
3.385649490356445312e+01
1.260457458496093750e+02
3.607768249511718750e+02
1.552374877929687500e+02
4.258300399780273438e+01
1.908069915771484375e+02
2.132357940673828125e+02
1.693312377929687500e+02
2.391127204895019531e+01
9.425697326660156250e+01
3.115877380371093750e+02
1.564718933105468750e+02
2.619814682006835938e+01
1.906749572753906250e+02
1.200039596557617188e+02
1.749387817382812500e+02
7.901586532592773438e+00
3.019402313232421875e+01
3.571307067871093750e+02
1.663258056640625000e+02
4.812873840332031250e+01
1.915694732666015625e+02
2.330131530761718750e+02
1.685384979248046875e+02
1.915470886230468750e+01
5.817180633544921875e+01
3.264916381835937500e+02
1.560874786376953125e+02
4.105690002441406250e+01
2.189241638183593750e+02
3.305444946289062500e+02
1.633064575195312500e+02
5.096877288818359375e+01
2.000476684570312500e+02
1.371178131103515625e+02
1.761248168945312500e+02
5.298323631286621094e+00
2.217759513854980469e+01
2.525735626220703125e+02
1.709844207763671875e+02
1.040543842315673828e+01
3.342852020263671875e+01
7.942101287841796875e+01
1.835073699951171875e+02
1.235385417938232422e+01
3.875295257568359375e+01
1.147397918701171875e+02
1.783985443115234375e+02
5.250363349914550781e+00
2.236240959167480469e+01
3.321736450195312500e+02
1.588728027343750000e+02
4.635971069335937500e+01
1.818283233642578125e+02
3.083450317382812500e+02
1.633244628906250000e+02
3.145015335083007812e+01
2.253693084716796875e+02
0.000000000000000000e+00
0.000000000000000000e+00
0.000000000000000000e+00
0.000000000000000000e+00
