1.180332870483398438e+02
1.634365081787109375e+02
3.188334846496582031e+01
1.262885055541992188e+02
4.679355621337890625e+00
1.632564849853515625e+02
3.817874145507812500e+01
1.464001770019531250e+02
5.438885116577148438e+01
1.659488067626953125e+02
3.310675811767578125e+01
1.426508483886718750e+02
1.181649627685546875e+02
1.560411224365234375e+02
3.377346801757812500e+01
1.316449584960937500e+02
1.208748931884765625e+02
1.671259155273437500e+02
2.799495887756347656e+01
1.212252807617187500e+02
2.306553192138671875e+02
1.597110900878906250e+02
5.512081146240234375e+01
2.323542938232421875e+02
1.577107696533203125e+02
1.795986633300781250e+02
9.897507667541503906e+00
4.882533645629882812e+01
5.470618057250976562e+01
1.659813079833984375e+02
3.284191131591796875e+01
1.509878234863281250e+02
2.079701690673828125e+02
1.646585998535156250e+02
3.657266616821289062e+01
1.946771697998046875e+02
7.917288970947265625e+01
1.678963928222656250e+02
3.711160278320312500e+01
1.200458526611328125e+02
2.295704803466796875e+02
1.654868927001953125e+02
4.697938919067382812e+01
2.219071960449218750e+02
4.993579864501953125e+00
1.698161621093750000e+02
3.786474990844726562e+01
1.429840698242187500e+02
2.048105468750000000e+02
1.666048278808593750e+02
3.541267776489257812e+01
1.905221557617187500e+02
7.544846343994140625e+01
1.651564788818359375e+02
3.688154983520507812e+01
1.277365188598632812e+02
2.074218750000000000e+02
1.566872406005859375e+02
3.677668762207031250e+01
1.910787048339843750e+02
2.311864318847656250e+02
1.649223937988281250e+02
5.828435134887695312e+01
2.051321258544921875e+02
2.286914520263671875e+02
1.614732208251953125e+02
4.598342132568359375e+01
2.132257995605468750e+02
2.043579559326171875e+02
1.587728118896484375e+02
3.620856857299804688e+01
1.867662658691406250e+02
3.630906066894531250e+02
1.683871765136718750e+02
2.249356842041015625e+01
6.487775421142578125e+01
1.493966064453125000e+02
1.822413940429687500e+02
8.969814300537109375e+00
4.350203704833984375e+01
8.032011413574218750e+01
1.679199676513671875e+02
2.618563079833984375e+01
1.217429122924804688e+02
1.129092788696289062e+02
1.761971893310546875e+02
6.006059646606445312e+00
2.385037994384765625e+01
0.000000000000000000e+00
0.000000000000000000e+00
0.000000000000000000e+00
0.000000000000000000e+00
