1.727120666503906250e+02
1.579757385253906250e+02
2.369303321838378906e+01
1.130658111572265625e+02
2.998539123535156250e+02
1.685528869628906250e+02
2.627746391296386719e+01
1.257323760986328125e+02
4.635765075683593750e+01
2.068297424316406250e+02
3.150966262817382812e+01
5.007144927978515625e+01
2.295543060302734375e+02
1.555946960449218750e+02
3.388107299804687500e+01
2.155490875244140625e+02
2.984881286621093750e+02
1.673546752929687500e+02
2.944064521789550781e+01
1.248932342529296875e+02
2.380141143798828125e+02
1.573115539550781250e+02
8.504386138916015625e+01
2.442817840576171875e+02
5.006343078613281250e+01
2.055285339355468750e+02
2.939510726928710938e+01
5.104939270019531250e+01
2.317293395996093750e+02
1.548905639648437500e+02
3.203770065307617188e+01
1.943015899658203125e+02
9.937660217285156250e+01
1.459397583007812500e+02
8.400122070312500000e+01
2.536327362060546875e+02
2.569729614257812500e+02
1.701731872558593750e+02
4.140317916870117188e+01
1.914952545166015625e+02
1.669163360595703125e+02
1.555085754394531250e+02
3.491901016235351562e+01
1.160979003906250000e+02
2.280301818847656250e+02
1.736950988769531250e+02
3.693186950683593750e+01
2.034425201416015625e+02
2.555822296142578125e+02
1.694778900146484375e+02
4.291433715820312500e+01
2.162177429199218750e+02
8.855306243896484375e+01
1.751714019775390625e+02
9.131906509399414062e+00
4.547369384765625000e+01
8.050942993164062500e+01
1.767332916259765625e+02
1.088490581512451172e+01
4.303421783447265625e+01
7.961883544921875000e+01
1.818103790283203125e+02
1.193582820892333984e+01
4.123171997070312500e+01
2.972297668457031250e+02
1.556559448242187500e+02
3.046756362915039062e+01
1.322755584716796875e+02
3.658226928710937500e+02
1.684231109619140625e+02
2.090956115722656250e+01
6.516693878173828125e+01
6.988844299316406250e+01
1.729703979492187500e+02
9.021310806274414062e+00
4.501866149902343750e+01
2.586275634765625000e+02
1.627336883544921875e+02
3.789130783081054688e+01
1.747754516601562500e+02
0.000000000000000000e+00
0.000000000000000000e+00
0.000000000000000000e+00
0.000000000000000000e+00
