3.330689392089843750e+02
1.656527252197265625e+02
5.288032531738281250e+01
2.318551330566406250e+02
1.406372680664062500e+02
1.757929687500000000e+02
1.091325092315673828e+01
4.121968841552734375e+01
2.343458099365234375e+02
1.667164611816406250e+02
2.666713714599609375e+01
1.040008697509765625e+02
1.840024566650390625e+02
1.654571838378906250e+02
2.264205551147460938e+01
9.816011047363281250e+01
3.547608032226562500e+02
1.613609771728515625e+02
4.576021575927734375e+01
2.399339904785156250e+02
2.258229217529296875e+02
1.632818450927734375e+02
3.810013580322265625e+01
1.105501937866210938e+02
1.520591125488281250e+02
1.745403594970703125e+02
9.267045974731445312e+00
3.279828262329101562e+01
3.936321105957031250e+02
1.599668579101562500e+02
2.262875175476074219e+01
2.413344268798828125e+02
1.526926422119140625e+02
1.755453491210937500e+02
9.299590110778808594e+00
3.455156707763671875e+01
1.187487335205078125e+02
1.730787506103515625e+02
8.441210746765136719e+00
3.328104782104492188e+01
3.368930664062500000e+02
1.557843627929687500e+02
4.195240020751953125e+01
2.253495635986328125e+02
1.259212112426757812e+02
1.749210205078125000e+02
8.059218406677246094e+00
3.040922546386718750e+01
3.316370544433593750e+02
1.808088684082031250e+02
5.569642639160156250e+01
2.190052642822265625e+02
3.599889831542968750e+02
1.595341033935546875e+02
3.907059860229492188e+01
2.165381164550781250e+02
3.941480102539062500e+02
1.409712219238281250e+02
2.213164520263671875e+01
2.520965118408203125e+02
7.996604919433593750e+01
1.828960571289062500e+02
1.214141750335693359e+01
3.993000411987304688e+01
2.039147186279296875e+02
1.661864624023437500e+02
2.400142669677734375e+01
1.020502243041992188e+02
8.798270416259765625e+01
1.768414001464843750e+02
1.186735725402832031e+01
4.314286804199218750e+01
0.000000000000000000e+00
0.000000000000000000e+00
0.000000000000000000e+00
0.000000000000000000e+00
