8.183110046386718750e+01
1.548829498291015625e+02
3.888431167602539062e+01
1.512969055175781250e+02
7.054214477539062500e-01
1.682315979003906250e+02
3.980320739746093750e+01
1.604531097412109375e+02
2.907701110839843750e+01
1.624388122558593750e+02
3.197764396667480469e+01
1.365380706787109375e+02
1.981739654541015625e+02
1.600725097656250000e+02
3.534726715087890625e+01
1.999138336181640625e+02
1.584782409667968750e+02
1.811906585693359375e+02
1.114628219604492188e+01
4.794654464721679688e+01
8.028607940673828125e+01
1.446846008300781250e+02
4.130835342407226562e+01
1.554164733886718750e+02
2.968095016479492188e+01
1.704172058105468750e+02
2.791542816162109375e+01
1.225561294555664062e+02
1.159832000732421875e+00
1.664821777343750000e+02
3.868060302734375000e+01
1.429028472900390625e+02
2.316284790039062500e+02
1.498112792968750000e+02
5.515929794311523438e+01
2.530490112304687500e+02
9.063758850097656250e-01
1.863464660644531250e+02
4.267670440673828125e+01
1.440779876708984375e+02
1.965991516113281250e+02
1.532483825683593750e+02
3.581895065307617188e+01
1.996507263183593750e+02
2.287763366699218750e+02
1.502907104492187500e+02
4.843063354492187500e+01
2.514088897705078125e+02
3.283100128173828125e+01
1.643759765625000000e+02
3.289672470092773438e+01
1.316689300537109375e+02
2.369337005615234375e+02
1.563554382324218750e+02
5.025022125244140625e+01
2.184363555908203125e+02
1.486173095703125000e+02
1.829263153076171875e+02
1.127248001098632812e+01
4.549480819702148438e+01
7.404976654052734375e+01
1.531717987060546875e+02
4.126496505737304688e+01
1.540032653808593750e+02
1.219518051147460938e+02
1.782998962402343750e+02
4.446333885192871094e+00
1.859750175476074219e+01
3.628886413574218750e+02
1.676768798828125000e+02
2.289791297912597656e+01
6.148707199096679688e+01
2.295182952880859375e+02
1.426780090332031250e+02
4.481118011474609375e+01
2.473560638427734375e+02
1.448778076171875000e+02
1.886792144775390625e+02
1.166389560699462891e+01
4.486735916137695312e+01
1.145348358154296875e+02
1.765502319335937500e+02
4.907976627349853516e+00
2.170745086669921875e+01
1.478307037353515625e+02
1.906083221435546875e+02
1.157269668579101562e+01
4.077117156982421875e+01
-9.274101257324218750e-02
1.596845245361328125e+02
3.054524040222167969e+01
1.781099853515625000e+02
1.375178527832031250e+02
1.776230621337890625e+02
4.484480857849121094e+00
2.166793441772460938e+01
0.000000000000000000e+00
0.000000000000000000e+00
0.000000000000000000e+00
0.000000000000000000e+00
