9.943966674804687500e+01
1.560018310546875000e+02
3.210689163208007812e+01
1.434998931884765625e+02
2.394294548034667969e+01
1.666784057617187500e+02
3.715037155151367188e+01
1.529583435058593750e+02
5.401031494140625000e+01
1.672775878906250000e+02
3.364224624633789062e+01
1.247161560058593750e+02
2.290015792846679688e+01
1.670147399902343750e+02
3.710747528076171875e+01
1.424726409912109375e+02
5.649482727050781250e+01
1.698024139404296875e+02
2.809050369262695312e+01
1.201045761108398438e+02
2.022196807861328125e+02
1.611319122314453125e+02
3.572670364379882812e+01
2.000429992675781250e+02
2.320281372070312500e+02
1.550033569335937500e+02
5.542261505126953125e+01
2.422081298828125000e+02
2.027058105468750000e+02
1.555141906738281250e+02
3.503134155273437500e+01
1.944317626953125000e+02
9.892431640625000000e+01
1.500912780761718750e+02
3.469087982177734375e+01
1.439261627197265625e+02
2.363139038085937500e+02
1.575948333740234375e+02
5.145429992675781250e+01
2.165629577636718750e+02
-1.445502281188964844e+00
1.713158874511718750e+02
1.129110622406005859e+01
1.484102172851562500e+02
1.591215820312500000e+02
1.825666656494140625e+02
8.710102081298828125e+00
4.460965728759765625e+01
-1.358886241912841797e+00
1.462394714355468750e+02
1.023996925354003906e+01
1.789818115234375000e+02
3.631450195312500000e+02
1.682000427246093750e+02
2.303780555725097656e+01
6.314361572265625000e+01
7.834452819824218750e+01
1.832943878173828125e+02
1.488930320739746094e+01
3.991213989257812500e+01
9.337656402587890625e+01
1.597923126220703125e+02
3.506155395507812500e+01
1.366663818359375000e+02
0.000000000000000000e+00
0.000000000000000000e+00
0.000000000000000000e+00
0.000000000000000000e+00
