3.931483459472656250e+01
1.672722473144531250e+02
3.390737533569335938e+01
1.329684906005859375e+02
1.342867736816406250e+02
1.552242736816406250e+02
3.365609741210937500e+01
1.328602294921875000e+02
1.341802062988281250e+02
1.648860473632812500e+02
3.310832595825195312e+01
1.210270538330078125e+02
8.773618316650390625e+01
1.695524444580078125e+02
2.396665763854980469e+01
1.277928466796875000e+02
8.542974090576171875e+01
1.648894653320312500e+02
2.992836570739746094e+01
1.373381042480468750e+02
2.286825256347656250e+02
1.616848754882812500e+02
4.790742492675781250e+01
2.295189819335937500e+02
1.381645965576171875e+02
1.688751831054687500e+02
2.867169570922851562e+01
1.144341888427734375e+02
1.086671981811523438e+02
1.715674591064453125e+02
2.564924049377441406e+01
1.120151367187500000e+02
2.103007965087890625e+02
1.646574096679687500e+02
3.026761627197265625e+01
1.952418823242187500e+02
3.920880126953125000e+01
1.786637725830078125e+02
3.498439407348632812e+01
1.256562271118164062e+02
2.321289215087890625e+02
1.547840270996093750e+02
5.230134963989257812e+01
2.436284332275390625e+02
3.630562744140625000e+02
1.671057586669921875e+02
2.262442398071289062e+01
6.721637725830078125e+01
1.919833068847656250e+02
1.691108398437500000e+02
1.605805969238281250e+01
6.791551208496093750e+01
2.272297363281250000e+02
1.537009277343750000e+02
4.928290557861328125e+01
2.293312377929687500e+02
2.099167480468750000e+02
1.588227386474609375e+02
3.170905494689941406e+01
1.851376037597656250e+02
2.068241271972656250e+02
1.655526123046875000e+02
3.140066337585449219e+01
1.932504119873046875e+02
7.868793487548828125e+01
1.655485076904296875e+02
3.151875686645507812e+01
1.379885864257812500e+02
1.080722503662109375e+02
1.724201202392578125e+02
2.301567840576171875e+01
9.331838226318359375e+01
1.045608520507812500e+02
1.665102233886718750e+02
3.396616744995117188e+01
1.228724365234375000e+02
2.045069122314453125e+02
1.642508544921875000e+02
3.499594497680664062e+01
1.750937194824218750e+02
1.383041076660156250e+02
1.670653076171875000e+02
2.731852912902832031e+01
1.049207305908203125e+02
2.691555480957031250e+02
1.709132385253906250e+02
8.070849418640136719e+00
3.658029556274414062e+01
4.243178176879882812e+01
1.763621826171875000e+02
2.810716438293457031e+01
1.130784378051757812e+02
8.789428710937500000e+01
1.862229614257812500e+02
2.142282485961914062e+01
1.119746932983398438e+02
1.925155181884765625e+02
1.681678466796875000e+02
1.061532306671142578e+01
7.136535644531250000e+01
8.218856048583984375e+01
1.791067962646484375e+02
8.844326972961425781e+00
1.916966629028320312e+01
1.564141998291015625e+02
1.737264709472656250e+02
8.656934738159179688e+00
6.085281372070312500e+01
7.958312988281250000e+01
1.822209472656250000e+02
1.374582958221435547e+01
4.676169586181640625e+01
3.976903076171875000e+02
1.819757080078125000e+02
1.681633949279785156e+01
6.952248382568359375e+01
0.000000000000000000e+00
0.000000000000000000e+00
0.000000000000000000e+00
0.000000000000000000e+00
