1.522508544921875000e+02
1.668693847656250000e+02
3.419746017456054688e+01
1.291510467529296875e+02
1.548771514892578125e+02
1.674327087402343750e+02
2.740175056457519531e+01
1.274195632934570312e+02
1.150050964355468750e+02
1.683825683593750000e+02
3.888275909423828125e+01
1.604231414794921875e+02
1.926483612060546875e+02
1.685132751464843750e+02
1.985719680786132812e+01
1.024504547119140625e+02
1.784810943603515625e+02
1.737934570312500000e+02
2.161540603637695312e+01
1.079965667724609375e+02
1.800535278320312500e+02
1.755114746093750000e+02
1.980049514770507812e+01
8.980502319335937500e+01
2.588924865722656250e+02
1.768031921386718750e+02
7.840322971343994141e+00
3.448155212402343750e+01
1.135401458740234375e+02
1.789560852050781250e+02
4.084060287475585938e+01
1.589522705078125000e+02
3.631263732910156250e+02
1.677010650634765625e+02
2.325213813781738281e+01
6.516364288330078125e+01
1.152090988159179688e+02
1.695421142578125000e+02
3.947322463989257812e+01
1.339160614013671875e+02
0.000000000000000000e+00
0.000000000000000000e+00
0.000000000000000000e+00
0.000000000000000000e+00
