2.186521911621093750e+02
1.691224670410156250e+02
3.731933593750000000e+01
1.295153808593750000e+02
1.257703323364257812e+02
1.701786804199218750e+02
1.826546096801757812e+01
7.081281280517578125e+01
1.890458526611328125e+02
1.628416137695312500e+02
2.996044921875000000e+01
1.481535186767578125e+02
1.269077682495117188e+02
1.759730377197265625e+02
1.862232780456542969e+01
6.644918823242187500e+01
1.091662216186523438e+02
1.750431518554687500e+02
1.098280143737792969e+01
4.262873840332031250e+01
1.893513183593750000e+02
1.616692047119140625e+02
2.902253532409667969e+01
1.616153564453125000e+02
2.207868499755859375e+02
1.705763244628906250e+02
4.260941314697265625e+01
1.236488647460937500e+02
1.898452453613281250e+02
1.714571380615234375e+02
2.534427642822265625e+01
1.269847488403320312e+02
1.461821746826171875e+02
1.698349914550781250e+02
4.243098831176757812e+01
1.899767608642578125e+02
2.601264953613281250e+02
1.735717468261718750e+02
8.941492080688476562e+00
4.038923645019531250e+01
2.221908416748046875e+02
1.781724395751953125e+02
2.865642929077148438e+01
1.120463180541992188e+02
2.188247375488281250e+02
1.817556457519531250e+02
3.814088439941406250e+01
1.195022354125976562e+02
2.575715637207031250e+02
1.705920257568359375e+02
1.101109790802001953e+01
4.545939254760742188e+01
9.453012084960937500e+01
1.853080749511718750e+02
1.067743587493896484e+01
3.484714508056640625e+01
1.215085906982421875e+02
1.779423065185546875e+02
5.543735027313232422e+00
2.065397071838378906e+01
3.623964233398437500e+02
1.682816162109375000e+02
2.397300148010253906e+01
6.404399108886718750e+01
2.228597106933593750e+02
1.687717590332031250e+02
9.564836502075195312e+00
3.992188262939453125e+01
1.465497894287109375e+02
1.791485137939453125e+02
4.443686294555664062e+01
1.957436828613281250e+02
1.271980743408203125e+02
1.780138549804687500e+02
1.431619834899902344e+01
5.331865310668945312e+01
0.000000000000000000e+00
0.000000000000000000e+00
0.000000000000000000e+00
0.000000000000000000e+00
