1.575213317871093750e+02
1.676303100585937500e+02
2.471614074707031250e+01
1.007585601806640625e+02
2.902716369628906250e+02
1.673979492187500000e+02
4.828441619873046875e+01
2.272465057373046875e+02
2.006296081542968750e+02
1.752769927978515625e+02
2.598359680175781250e+01
1.040958480834960938e+02
2.262398986816406250e+02
1.764492340087890625e+02
2.017390441894531250e+01
8.593631744384765625e+01
1.892666168212890625e+02
1.634497833251953125e+02
1.914005661010742188e+01
1.060518112182617188e+02
3.916913452148437500e+02
1.571380004882812500e+02
2.364444541931152344e+01
1.836699676513671875e+02
1.508785400390625000e+02
1.752015838623046875e+02
9.829412460327148438e+00
4.418106079101562500e+01
1.944828796386718750e+02
1.702558898925781250e+02
3.837965011596679688e+01
1.127005691528320312e+02
7.043535232543945312e+00
1.913287963867187500e+02
3.331441879272460938e+01
8.267099761962890625e+01
2.869607849121093750e+02
1.852143554687500000e+02
5.285138320922851562e+01
2.101962890625000000e+02
3.253059082031250000e+02
1.492263641357421875e+02
8.246847534179687500e+01
2.605868225097656250e+02
3.360613098144531250e+02
1.508761596679687500e+02
5.018403625488281250e+01
2.535909271240234375e+02
3.916805114746093750e+02
1.595316772460937500e+02
2.417817115783691406e+01
2.036692504882812500e+02
1.202621002197265625e+02
1.742387847900390625e+02
7.844888687133789062e+00
3.193141937255859375e+01
2.943142089843750000e+02
1.557101287841796875e+02
4.152431106567382812e+01
2.255077209472656250e+02
1.932928314208984375e+02
1.633643341064453125e+02
3.940244674682617188e+01
1.159478530883789062e+02
2.387922821044921875e+02
1.781123046875000000e+02
1.246848201751708984e+01
5.061186981201171875e+01
2.039535827636718750e+02
1.732161254882812500e+02
2.311440849304199219e+01
9.371128082275390625e+01
2.265373077392578125e+02
1.892578125000000000e+02
1.909579658508300781e+01
7.394694519042968750e+01
1.380890045166015625e+02
1.767630615234375000e+02
7.234800815582275391e+00
3.334491348266601562e+01
3.398349914550781250e+02
1.553298950195312500e+02
4.534366989135742188e+01
2.245277862548828125e+02
3.025645446777343750e+02
1.674517059326171875e+02
4.543127822875976562e+01
2.238863220214843750e+02
0.000000000000000000e+00
0.000000000000000000e+00
0.000000000000000000e+00
0.000000000000000000e+00
