2.662795410156250000e+02
1.619991760253906250e+02
4.011999511718750000e+01
1.478348388671875000e+02
2.674806823730468750e+02
1.663911285400390625e+02
4.380882263183593750e+01
1.398168029785156250e+02
3.947298278808593750e+02
1.628258972167968750e+02
2.164272117614746094e+01
1.343651885986328125e+02
2.651338195800781250e+02
1.711952056884765625e+02
4.247977066040039062e+01
1.424159240722656250e+02
1.413992767333984375e+02
1.743717193603515625e+02
1.628612136840820312e+01
7.019577789306640625e+01
1.672597656250000000e+02
1.645139465332031250e+02
3.657817840576171875e+01
1.767587585449218750e+02
1.411526947021484375e+02
1.708267822265625000e+02
1.582832908630371094e+01
7.161588287353515625e+01
1.092433471679687500e+02
1.738637847900390625e+02
1.071611690521240234e+01
4.326212692260742188e+01
2.661878356933593750e+02
1.725762634277343750e+02
4.667269134521484375e+01
1.398035430908203125e+02
1.967697448730468750e+02
1.691161193847656250e+02
4.928954696655273438e+01
2.154352569580078125e+02
3.900524902343750000e+02
1.552826385498046875e+02
2.548838043212890625e+01
1.494526672363281250e+02
1.679398193359375000e+02
1.700966186523437500e+02
3.645306015014648438e+01
1.749463958740234375e+02
8.626750946044921875e+01
1.809559631347656250e+02
1.283996486663818359e+01
4.156422042846679688e+01
2.384908294677734375e+02
1.702106323242187500e+02
1.007536506652832031e+01
4.803351593017578125e+01
1.989950103759765625e+02
1.713729553222656250e+02
4.490788650512695312e+01
1.871147918701171875e+02
8.731230926513671875e+01
1.772428588867187500e+02
1.174732685089111328e+01
4.358242416381835938e+01
2.052064361572265625e+02
1.757391052246093750e+02
4.187146759033203125e+01
1.776704254150390625e+02
1.570910339355468750e+02
1.815759124755859375e+02
1.029994869232177734e+01
4.673989486694335938e+01
2.392193145751953125e+02
1.679013061523437500e+02
9.905386924743652344e+00
4.564408874511718750e+01
1.014347763061523438e+02
1.744836273193359375e+02
8.842490196228027344e+00
4.262043380737304688e+01
1.222314453125000000e+02
1.765550689697265625e+02
5.934510707855224609e+00
2.432808303833007812e+01
1.291611633300781250e+02
1.780027313232421875e+02
5.641404151916503906e+00
2.245171737670898438e+01
3.623518066406250000e+02
1.691414184570312500e+02
2.470063591003417969e+01
6.680771636962890625e+01
2.042988128662109375e+02
1.858169708251953125e+02
4.363095855712890625e+01
1.826692810058593750e+02
3.912707519531250000e+02
1.493346557617187500e+02
2.331538391113281250e+01
1.437351379394531250e+02
2.066902160644531250e+02
1.685375061035156250e+02
3.873024368286132812e+01
1.639146881103515625e+02
2.025295867919921875e+02
1.697266845703125000e+02
3.749124908447265625e+01
1.591578369140625000e+02
3.956895751953125000e+02
1.617336425781250000e+02
1.886436843872070312e+01
1.161838226318359375e+02
0.000000000000000000e+00
0.000000000000000000e+00
0.000000000000000000e+00
0.000000000000000000e+00
