5.671465682983398438e+01
1.594735412597656250e+02
4.086240386962890625e+01
1.537263641357421875e+02
6.135217666625976562e+00
1.658460998535156250e+02
2.928079605102539062e+01
1.400189666748046875e+02
1.937507324218750000e+02
1.599158935546875000e+02
3.696026611328125000e+01
2.030753021240234375e+02
5.797510528564453125e+01
1.726556701660156250e+02
3.865735244750976562e+01
1.393982391357421875e+02
2.289068145751953125e+02
1.478776245117187500e+02
4.515536499023437500e+01
2.372725830078125000e+02
2.289038391113281250e+02
1.556921386718750000e+02
4.586119079589843750e+01
2.396234893798828125e+02
6.243160629272460938e+01
1.577820739746093750e+02
3.778998565673828125e+01
1.571433258056640625e+02
1.579933624267578125e+02
1.826856994628906250e+02
1.185841751098632812e+01
4.457632446289062500e+01
9.044982910156250000e+00
1.742073059082031250e+02
2.566849899291992188e+01
1.231835784912109375e+02
9.340976715087890625e+00
1.820252227783203125e+02
2.507901000976562500e+01
1.206458206176757812e+02
1.938132019042968750e+02
1.481061401367187500e+02
3.865468215942382812e+01
2.105380706787109375e+02
3.628260192871093750e+02
1.672324829101562500e+02
2.288088226318359375e+01
6.771433258056640625e+01
1.211212310791015625e+02
1.775571441650390625e+02
5.582397460937500000e+00
1.971439170837402344e+01
3.257146911621093750e+02
1.656598968505859375e+02
9.768062591552734375e+00
4.526980590820312500e+01
1.049643096923828125e+02
1.746737365722656250e+02
1.007659435272216797e+01
4.218849945068359375e+01
5.541604995727539062e+00
1.731251983642578125e+02
3.020834350585937500e+01
1.375752563476562500e+02
6.174510955810546875e+01
1.696417236328125000e+02
3.832303237915039062e+01
1.459806976318359375e+02
2.409371643066406250e+02
1.699767608642578125e+02
4.417339324951171875e+01
1.889765319824218750e+02
0.000000000000000000e+00
0.000000000000000000e+00
0.000000000000000000e+00
0.000000000000000000e+00
