2.203042297363281250e+02
1.640442657470703125e+02
2.568098449707031250e+01
1.021364822387695312e+02
2.036832733154296875e+02
1.690531005859375000e+02
2.121105766296386719e+01
8.912749481201171875e+01
2.486825866699218750e+02
1.677514495849609375e+02
2.734246063232421875e+01
1.059154586791992188e+02
2.440033264160156250e+02
1.631542968750000000e+02
3.596342849731445312e+01
1.148929977416992188e+02
3.618075561523437500e+02
1.521227569580078125e+02
5.333740234375000000e+01
2.778471374511718750e+02
3.650362548828125000e+02
1.488337860107421875e+02
4.941812133789062500e+01
2.671164855957031250e+02
2.490466156005859375e+02
1.727680969238281250e+02
2.745289993286132812e+01
1.054554901123046875e+02
1.543764190673828125e+02
1.711654663085937500e+02
7.937865734100341797e+00
3.865440368652343750e+01
1.378912353515625000e+02
1.756743774414062500e+02
8.579099655151367188e+00
3.927017593383789062e+01
1.542790679931640625e+02
1.750322875976562500e+02
8.480511665344238281e+00
3.678961563110351562e+01
1.190210952758789062e+02
1.723150939941406250e+02
1.087059211730957031e+01
3.549849700927734375e+01
3.579169921875000000e+02
1.565217895507812500e+02
4.719592666625976562e+01
2.535261077880859375e+02
1.427551422119140625e+02
1.750889892578125000e+02
7.897257804870605469e+00
3.821586990356445312e+01
1.189168853759765625e+02
1.775985565185546875e+02
1.016000652313232422e+01
3.125304222106933594e+01
2.441654663085937500e+02
1.698814239501953125e+02
3.617938613891601562e+01
1.105498886108398438e+02
3.563792724609375000e+02
1.693810424804687500e+02
5.132125854492187500e+01
2.435954589843750000e+02
1.265279464721679688e+02
1.737622680664062500e+02
7.750623703002929688e+00
3.314827346801757812e+01
8.752510070800781250e+01
1.758663177490234375e+02
1.302063465118408203e+01
4.392809677124023438e+01
2.140653381347656250e+02
1.611024932861328125e+02
3.676396942138671875e+01
1.075247116088867188e+02
2.039206237792968750e+02
1.713644256591796875e+02
2.074057006835937500e+01
6.701920318603515625e+01
0.000000000000000000e+00
0.000000000000000000e+00
0.000000000000000000e+00
0.000000000000000000e+00
