1.397082824707031250e+02
1.687671966552734375e+02
2.553132820129394531e+01
1.011618347167968750e+02
3.499527587890625000e+02
1.604786682128906250e+02
3.098378944396972656e+01
1.676362152099609375e+02
2.600643920898437500e+02
1.675616149902343750e+02
4.206792068481445312e+01
2.221761932373046875e+02
3.499030151367187500e+02
1.554905090332031250e+02
3.146475791931152344e+01
1.594697875976562500e+02
1.745821380615234375e+02
1.733179321289062500e+02
2.742026138305664062e+01
1.065266876220703125e+02
2.032898712158203125e+02
1.697528533935546875e+02
1.905828666687011719e+01
9.036065673828125000e+01
6.269372177124023438e+01
1.993445129394531250e+02
2.813371849060058594e+01
6.003162002563476562e+01
2.908917541503906250e+02
1.544747009277343750e+02
7.698116302490234375e+01
2.556134033203125000e+02
1.575964508056640625e+02
1.708574676513671875e+02
9.745012283325195312e+00
4.986919021606445312e+01
3.030543823242187500e+02
1.412432861328125000e+02
5.110128784179687500e+01
2.782286987304687500e+02
3.535602416992187500e+02
1.568884887695312500e+02
3.168699073791503906e+01
1.562099761962890625e+02
1.406062011718750000e+02
1.787919311523437500e+02
2.454021263122558594e+01
9.462737274169921875e+01
1.204570007324218750e+02
1.734548187255859375e+02
8.363880157470703125e+00
3.217662811279296875e+01
6.332680892944335938e+01
1.911599121093750000e+02
2.501502227783203125e+01
6.005099487304687500e+01
1.693045349121093750e+02
1.709891052246093750e+02
3.636423492431640625e+01
1.101790924072265625e+02
1.686955261230468750e+02
1.630769348144531250e+02
3.564161682128906250e+01
1.171765441894531250e+02
2.594288635253906250e+02
1.848656921386718750e+02
4.394944000244140625e+01
2.112199096679687500e+02
1.756062774658203125e+02
1.673671875000000000e+02
2.404925155639648438e+01
1.089729614257812500e+02
3.540470886230468750e+02
1.621608886718750000e+02
3.031310462951660156e+01
1.633333282470703125e+02
2.625825195312500000e+02
1.603947296142578125e+02
3.634538650512695312e+01
2.169129943847656250e+02
2.925237426757812500e+02
1.584535064697265625e+02
3.445375061035156250e+01
2.440757141113281250e+02
-1.447749137878417969e-01
2.068914337158203125e+02
9.631250381469726562e+00
6.045893096923828125e+01
2.945469665527343750e+02
1.582022857666015625e+02
7.323712158203125000e+01
2.646304626464843750e+02
2.999518127441406250e+02
1.506823577880859375e+02
5.678143692016601562e+01
2.824118347167968750e+02
0.000000000000000000e+00
0.000000000000000000e+00
0.000000000000000000e+00
0.000000000000000000e+00
