3.539439086914062500e+02
1.598371276855468750e+02
5.423634719848632812e+01
1.664679260253906250e+02
3.540404968261718750e+02
1.653739471435546875e+02
5.291939926147460938e+01
1.453077697753906250e+02
1.284821014404296875e+02
1.677086334228515625e+02
2.702883911132812500e+01
1.070669860839843750e+02
1.032350463867187500e+02
1.674216613769531250e+02
2.588877105712890625e+01
1.208522262573242188e+02
9.897928619384765625e+01
1.667627410888671875e+02
3.284318923950195312e+01
1.218093872070312500e+02
3.597450256347656250e+02
1.622554931640625000e+02
5.536091232299804688e+01
1.629902343750000000e+02
3.163151855468750000e+02
1.657178955078125000e+02
1.073392295837402344e+01
4.921080017089843750e+01
1.281251525878906250e+02
1.761280975341796875e+02
2.669744491577148438e+01
9.918264007568359375e+01
2.718608703613281250e+02
1.684740753173828125e+02
7.857315540313720703e+00
4.074671554565429688e+01
9.307590484619140625e+01
1.689956054687500000e+02
3.562689208984375000e+01
1.207333602905273438e+02
1.256767272949218750e+02
1.647636413574218750e+02
4.005129623413085938e+01
1.124562988281250000e+02
3.166142883300781250e+02
1.693394927978515625e+02
1.088109397888183594e+01
4.676538848876953125e+01
3.975070495605468750e+02
1.657554779052734375e+02
1.844899559020996094e+01
1.382352294921875000e+02
1.391908416748046875e+02
1.709506378173828125e+02
2.343335533142089844e+01
9.188610076904296875e+01
1.230926284790039062e+02
1.677336120605468750e+02
3.600706481933593750e+01
1.083453979492187500e+02
3.648402404785156250e+02
1.657469787597656250e+02
4.778548049926757812e+01
1.411732330322265625e+02
1.063025360107421875e+02
1.746526794433593750e+02
2.256993865966796875e+01
9.067608642578125000e+01
4.001791381835937500e+02
1.754042663574218750e+02
1.726441764831542969e+01
1.386413726806640625e+02
1.575292663574218750e+02
1.766633300781250000e+02
8.383117675781250000e+00
4.325810623168945312e+01
1.519287719726562500e+02
1.821182250976562500e+02
1.056055641174316406e+01
4.236463928222656250e+01
0.000000000000000000e+00
0.000000000000000000e+00
0.000000000000000000e+00
0.000000000000000000e+00
