2.045623779296875000e+02
1.689031982421875000e+02
2.407389068603515625e+01
8.851620483398437500e+01
3.643900146484375000e+02
1.531685485839843750e+02
5.046562576293945312e+01
2.593949584960937500e+02
3.628327331542968750e+02
1.552108154296875000e+02
5.275114822387695312e+01
2.715259399414062500e+02
2.235821228027343750e+02
1.695545654296875000e+02
2.360490798950195312e+01
9.541957092285156250e+01
2.502525024414062500e+02
1.672559509277343750e+02
2.575617408752441406e+01
1.087574920654296875e+02
1.375411071777343750e+02
1.752699584960937500e+02
8.993644714355468750e+00
3.945021820068359375e+01
2.498266143798828125e+02
1.715829162597656250e+02
2.742769432067871094e+01
1.076909332275390625e+02
2.446203308105468750e+02
1.649774627685546875e+02
3.587908554077148438e+01
1.130769882202148438e+02
1.541467895507812500e+02
1.742189331054687500e+02
7.996428489685058594e+00
3.833094787597656250e+01
1.184482574462890625e+02
1.786551513671875000e+02
8.904473304748535156e+00
2.938233947753906250e+01
1.537791290283203125e+02
1.722477416992187500e+02
7.481737136840820312e+00
3.691560363769531250e+01
1.433072967529296875e+02
1.743432769775390625e+02
7.638331413269042969e+00
3.937308120727539062e+01
1.265589828491210938e+02
1.780481872558593750e+02
7.891091823577880859e+00
2.988607215881347656e+01
2.048055419921875000e+02
1.684720764160156250e+02
2.279270935058593750e+01
7.307609558105468750e+01
2.443248138427734375e+02
1.706358032226562500e+02
3.664876556396484375e+01
1.095713424682617188e+02
1.266116409301757812e+02
1.752855224609375000e+02
7.784403800964355469e+00
3.109660530090332031e+01
1.185845642089843750e+02
1.748553466796875000e+02
9.901802062988281250e+00
3.165336036682128906e+01
7.976681518554687500e+01
1.854256591796875000e+02
1.234637832641601562e+01
3.631064987182617188e+01
8.792551422119140625e+01
1.761109161376953125e+02
1.221385192871093750e+01
4.404147338867187500e+01
0.000000000000000000e+00
0.000000000000000000e+00
0.000000000000000000e+00
0.000000000000000000e+00
