2.536213989257812500e+02
1.723980712890625000e+02
2.638757324218750000e+01
9.639550781250000000e+01
3.672350463867187500e+02
1.244793090820312500e+02
4.763614654541015625e+01
3.160644531250000000e+02
2.072352142333984375e+02
1.703378295898437500e+02
2.672050857543945312e+01
8.673726654052734375e+01
1.374741821289062500e+02
1.775843658447265625e+02
7.692272663116455078e+00
3.593207931518554688e+01
3.431630554199218750e+02
1.456125030517578125e+02
7.379881286621093750e+01
2.707862854003906250e+02
3.651347351074218750e+02
1.506933593750000000e+02
5.023470306396484375e+01
2.827305908203125000e+02
1.560081176757812500e+02
1.743983917236328125e+02
9.540329933166503906e+00
3.847462081909179688e+01
2.543080596923828125e+02
1.758076629638671875e+02
2.614382362365722656e+01
9.915499877929687500e+01
1.540000305175781250e+02
1.769962310791015625e+02
7.455091953277587891e+00
3.473900604248046875e+01
1.269028472900390625e+02
1.752716827392578125e+02
7.688880443572998047e+00
3.099907684326171875e+01
1.184509963989257812e+02
1.737132568359375000e+02
9.516333580017089844e+00
3.283898925781250000e+01
1.441678924560546875e+02
1.769514770507812500e+02
7.077427864074707031e+00
3.623396301269531250e+01
2.475744934082031250e+02
1.680267486572265625e+02
3.827154541015625000e+01
1.054846420288085938e+02
1.273792037963867188e+02
1.779013671875000000e+02
7.191726684570312500e+00
2.999351501464843750e+01
1.184888458251953125e+02
1.783273925781250000e+02
8.949664115905761719e+00
2.965205574035644531e+01
2.335950775146484375e+02
1.684078063964843750e+02
1.857355690002441406e+01
9.642472839355468750e+01
3.457860717773437500e+02
1.644640197753906250e+02
6.803728485107421875e+01
2.536149902343750000e+02
0.000000000000000000e+00
0.000000000000000000e+00
0.000000000000000000e+00
0.000000000000000000e+00
