9.048947143554687500e+01
1.555490417480468750e+02
3.660968780517578125e+01
1.511924591064453125e+02
1.546396636962890625e+01
1.702359466552734375e+02
3.680485534667968750e+01
1.511246032714843750e+02
8.524583816528320312e+00
1.714972076416015625e+02
4.281052398681640625e+01
1.499231872558593750e+02
4.903126907348632812e+01
1.645101013183593750e+02
2.424980735778808594e+01
1.352277984619140625e+02
2.007847747802734375e+02
1.640630187988281250e+02
3.424135971069335938e+01
1.939463043212890625e+02
1.686147499084472656e+01
1.674734802246093750e+02
3.702062606811523438e+01
1.410758972167968750e+02
2.331983489990234375e+02
1.503336639404296875e+02
5.286708831787109375e+01
2.516418762207031250e+02
9.021852111816406250e+01
1.524409790039062500e+02
3.640687179565429688e+01
1.393454132080078125e+02
9.442166137695312500e+01
1.563717498779296875e+02
3.721829605102539062e+01
1.468872985839843750e+02
4.749073028564453125e+01
1.626164550781250000e+02
2.837939262390136719e+01
1.363385009765625000e+02
2.363159332275390625e+02
1.578689270019531250e+02
5.051481246948242188e+01
2.150058135986328125e+02
2.007418518066406250e+02
1.550824279785156250e+02
3.479708862304687500e+01
1.954718017578125000e+02
1.222292556762695312e+02
1.773688507080078125e+02
5.434651374816894531e+00
1.956926727294921875e+01
2.309154052734375000e+02
1.458294372558593750e+02
4.345174789428710938e+01
2.401552886962890625e+02
1.592681121826171875e+02
1.844226226806640625e+02
9.205416679382324219e+00
4.172540283203125000e+01
7.784749603271484375e+01
1.828098754882812500e+02
1.454429340362548828e+01
4.080168914794921875e+01
4.862969207763671875e+01
1.937272644042968750e+02
2.397374153137207031e+01
9.879420471191406250e+01
2.293649749755859375e+02
1.531993103027343750e+02
4.689239501953125000e+01
2.460371704101562500e+02
1.431021118164062500e+02
1.888437500000000000e+02
1.310574150085449219e+01
4.562534332275390625e+01
3.975484619140625000e+02
1.819421386718750000e+02
1.721224975585937500e+01
6.841523742675781250e+01
3.629339294433593750e+02
1.671419830322265625e+02
2.250465011596679688e+01
6.251871490478515625e+01
1.368589019775390625e+02
1.765075531005859375e+02
5.107249259948730469e+00
2.384312629699707031e+01
0.000000000000000000e+00
0.000000000000000000e+00
0.000000000000000000e+00
0.000000000000000000e+00
