1.903071212768554688e+01
1.668222503662109375e+02
3.293634796142578125e+01
1.555195922851562500e+02
9.113856506347656250e+01
1.573538360595703125e+02
3.571171569824218750e+01
1.482391662597656250e+02
1.873624229431152344e+01
1.671693115234375000e+02
3.510351181030273438e+01
1.423746032714843750e+02
2.016486358642578125e+02
1.637786407470703125e+02
3.346170806884765625e+01
1.936415100097656250e+02
2.319557800292968750e+02
1.498502197265625000e+02
5.472618484497070312e+01
2.530810089111328125e+02
4.930129623413085938e+01
1.653775939941406250e+02
3.345259857177734375e+01
1.311233215332031250e+02
4.727025985717773438e+01
1.613597717285156250e+02
3.077998161315917969e+01
1.396946716308593750e+02
9.469852447509765625e+01
1.594733276367187500e+02
3.648376464843750000e+01
1.421849670410156250e+02
4.936231613159179688e+01
1.665847778320312500e+02
2.635878753662109375e+01
1.306056060791015625e+02
2.352241516113281250e+02
1.576299133300781250e+02
5.221782302856445312e+01
2.153716888427734375e+02
2.012826538085937500e+02
1.573463745117187500e+02
3.425388336181640625e+01
1.910892181396484375e+02
9.941558837890625000e+00
1.723552551269531250e+02
4.139669799804687500e+01
1.451365509033203125e+02
9.037832641601562500e+01
1.526110076904296875e+02
3.627355194091796875e+01
1.391676635742187500e+02
1.215951156616210938e+02
1.766514892578125000e+02
5.808856010437011719e+00
2.058327102661132812e+01
1.587523345947265625e+02
1.841887664794921875e+02
1.020516967773437500e+01
4.251898193359375000e+01
7.809915161132812500e+01
1.817083740234375000e+02
1.487902069091796875e+01
4.208311462402343750e+01
2.310186157226562500e+02
1.453210296630859375e+02
4.339204025268554688e+01
2.405993347167968750e+02
3.627244567871093750e+02
1.685127258300781250e+02
2.280495262145996094e+01
6.257514572143554688e+01
5.280519866943359375e+01
1.712854003906250000e+02
2.654113769531250000e+01
1.230593185424804688e+02
2.297573547363281250e+02
1.555275268554687500e+02
4.646833801269531250e+01
2.411717987060546875e+02
7.894338989257812500e+01
1.780544281005859375e+02
1.352200984954833984e+01
4.100559234619140625e+01
3.978062133789062500e+02
1.812852630615234375e+02
1.707668113708496094e+01
6.901280975341796875e+01
1.281360015869140625e+02
1.788993988037109375e+02
4.700165748596191406e+00
1.752205467224121094e+01
0.000000000000000000e+00
0.000000000000000000e+00
0.000000000000000000e+00
0.000000000000000000e+00
