2.280271453857421875e+02
1.718261413574218750e+02
3.508770751953125000e+01
1.250381011962890625e+02
1.086179580688476562e+02
1.739121093750000000e+02
1.208183288574218750e+01
4.405308532714843750e+01
1.940453338623046875e+02
1.614517517089843750e+02
3.095495414733886719e+01
1.629686126708984375e+02
1.908746643066406250e+02
1.622519226074218750e+02
3.070042037963867188e+01
1.652058868408203125e+02
1.921463317871093750e+02
1.598041229248046875e+02
3.558460998535156250e+01
1.547710266113281250e+02
1.906445465087890625e+02
1.587172393798828125e+02
3.146305656433105469e+01
1.558399353027343750e+02
2.336916656494140625e+02
1.743725280761718750e+02
2.616180419921875000e+01
1.191812515258789062e+02
1.274900131225585938e+02
1.695197448730468750e+02
1.805409812927246094e+01
7.077014160156250000e+01
1.285798645019531250e+02
1.744784851074218750e+02
1.915026283264160156e+01
6.988825225830078125e+01
2.610105285644531250e+02
1.713252868652343750e+02
9.163941383361816406e+00
4.407787704467773438e+01
2.235298767089843750e+02
1.674424285888671875e+02
1.253110408782958984e+01
5.628201293945312500e+01
1.491240692138671875e+02
1.829519042968750000e+02
4.216729736328125000e+01
1.637139739990234375e+02
2.261295013427734375e+02
1.778072662353515625e+02
3.654723358154296875e+01
1.268015670776367188e+02
2.248056640625000000e+02
1.696134185791015625e+02
1.146816349029541016e+01
3.818169403076171875e+01
9.314615631103515625e+01
1.826488494873046875e+02
1.186724281311035156e+01
3.847565841674804688e+01
9.410836791992187500e+01
1.786624755859375000e+02
1.150279140472412109e+01
3.881484603881835938e+01
1.548137969970703125e+02
1.579555969238281250e+02
4.982061004638671875e+01
2.150926666259765625e+02
2.607265930175781250e+02
1.682909698486328125e+02
9.216802597045898438e+00
4.479482269287109375e+01
1.576201477050781250e+02
1.716340789794921875e+02
4.456647491455078125e+01
2.081085510253906250e+02
3.626525268554687500e+02
1.693994445800781250e+02
2.499498939514160156e+01
6.149318695068359375e+01
1.495939178466796875e+02
1.826559295654296875e+02
4.417963409423828125e+01
1.871587219238281250e+02
0.000000000000000000e+00
0.000000000000000000e+00
0.000000000000000000e+00
0.000000000000000000e+00
