1.885685272216796875e+02
1.673615417480468750e+02
2.346729087829589844e+01
9.425555419921875000e+01
2.353331909179687500e+02
1.693171386718750000e+02
2.525899887084960938e+01
1.029767990112304688e+02
2.060827789306640625e+02
1.650034790039062500e+02
2.735670089721679688e+01
9.702017211914062500e+01
1.395472564697265625e+02
1.757113800048828125e+02
1.136907005310058594e+01
4.076934051513671875e+01
2.347944488525390625e+02
1.697919616699218750e+02
2.558514785766601562e+01
1.110556182861328125e+02
3.396656494140625000e+02
1.644920654296875000e+02
4.788638687133789062e+01
2.361008453369140625e+02
1.529646148681640625e+02
1.729628906250000000e+02
8.953930854797363281e+00
3.580429840087890625e+01
3.701686096191406250e+02
1.607164306640625000e+02
4.198590087890625000e+01
2.400738372802734375e+02
3.448168334960937500e+02
1.643551635742187500e+02
6.176412582397460938e+01
2.370579833984375000e+02
1.529074401855468750e+02
1.758220520019531250e+02
9.780040740966796875e+00
3.399700927734375000e+01
1.259435119628906250e+02
1.747449035644531250e+02
8.244499206542968750e+00
3.201175308227539062e+01
3.697140808105468750e+02
1.426884460449218750e+02
4.223301696777343750e+01
2.503819732666015625e+02
1.379819641113281250e+02
1.781133728027343750e+02
1.061091232299804688e+01
3.893351745605468750e+01
3.377827148437500000e+02
1.648958435058593750e+02
5.101466369628906250e+01
2.523005828857421875e+02
1.183988037109375000e+02
1.742055511474609375e+02
8.759051322937011719e+00
3.222169876098632812e+01
2.290705566406250000e+02
1.619326782226562500e+02
3.535499191284179688e+01
1.180975112915039062e+02
7.931135559082031250e+01
1.835809631347656250e+02
1.327206420898437500e+01
3.842351913452148438e+01
1.256463088989257812e+02
1.782191009521484375e+02
8.307389259338378906e+00
2.913683700561523438e+01
0.000000000000000000e+00
0.000000000000000000e+00
0.000000000000000000e+00
0.000000000000000000e+00
