1.755586700439453125e+02
1.639148254394531250e+02
3.668393707275390625e+01
1.464470214843750000e+02
1.766401062011718750e+02
1.651290588378906250e+02
3.507057189941406250e+01
1.543518829345703125e+02
1.726847076416015625e+02
1.624641113281250000e+02
3.574285125732421875e+01
1.472419281005859375e+02
1.225518264770507812e+02
1.707347869873046875e+02
1.682807922363281250e+01
6.716956329345703125e+01
2.106098480224609375e+02
1.677274932861328125e+02
3.577129745483398438e+01
1.249344787597656250e+02
2.193988800048828125e+02
1.729285888671875000e+02
2.481777381896972656e+01
1.145199127197265625e+02
1.245931701660156250e+02
1.745123291015625000e+02
1.264981746673583984e+01
6.171302413940429688e+01
1.399832763671875000e+02
1.674868011474609375e+02
4.510801315307617188e+01
1.945312194824218750e+02
1.727381591796875000e+02
1.658168334960937500e+02
3.569142150878906250e+01
1.541389617919921875e+02
2.102542266845703125e+02
1.740977172851562500e+02
2.428580093383789062e+01
1.136292037963867188e+02
1.355452728271484375e+02
1.669917602539062500e+02
4.399907302856445312e+01
1.941505126953125000e+02
2.477914123535156250e+02
1.689570922851562500e+02
9.666018486022949219e+00
4.316142272949218750e+01
1.092548599243164062e+02
1.749353942871093750e+02
9.410045623779296875e+00
4.282821273803710938e+01
2.253561096191406250e+02
1.689344787597656250e+02
2.105550384521484375e+01
1.033095016479492188e+02
2.464924926757812500e+02
1.736119079589843750e+02
9.942404747009277344e+00
3.962007141113281250e+01
1.057491836547851562e+02
1.760037231445312500e+02
8.606539726257324219e+00
4.081031799316406250e+01
2.093180541992187500e+02
1.759659118652343750e+02
2.224649620056152344e+01
8.440296936035156250e+01
9.716905975341796875e+01
1.848162994384765625e+02
9.288705825805664062e+00
3.551705932617187500e+01
1.423204498291015625e+02
1.824002075195312500e+02
4.175414657592773438e+01
1.857716522216796875e+02
2.532560729980468750e+02
1.680755615234375000e+02
9.196827888488769531e+00
4.469746780395507812e+01
3.977597656250000000e+02
1.499913330078125000e+02
1.678650093078613281e+01
9.966838836669921875e+01
1.200408782958984375e+02
1.764806823730468750e+02
5.394163608551025391e+00
2.282335281372070312e+01
0.000000000000000000e+00
0.000000000000000000e+00
0.000000000000000000e+00
0.000000000000000000e+00
