2.042372436523437500e+02
1.687810516357421875e+02
2.646439170837402344e+01
9.023401641845703125e+01
3.653454895019531250e+02
1.535012207031250000e+02
4.941972351074218750e+01
2.586279296875000000e+02
3.635912475585937500e+02
1.553523101806640625e+02
5.203367996215820312e+01
2.722458801269531250e+02
1.377807464599609375e+02
1.762553710937500000e+02
8.637224197387695312e+00
3.838856506347656250e+01
2.501118469238281250e+02
1.681081237792968750e+02
2.629418373107910156e+01
1.074783401489257812e+02
2.497613372802734375e+02
1.721174926757812500e+02
2.813260078430175781e+01
1.065407867431640625e+02
2.242629699707031250e+02
1.697344665527343750e+02
2.291806030273437500e+01
9.526007080078125000e+01
2.449933166503906250e+02
1.660356292724609375e+02
3.597465515136718750e+01
1.114236450195312500e+02
1.543276367187500000e+02
1.751538391113281250e+02
7.806667327880859375e+00
3.693058776855468750e+01
1.264419631958007812e+02
1.780125427246093750e+02
8.043540000915527344e+00
2.989958953857421875e+01
1.183664474487304688e+02
1.786224822998046875e+02
8.553237915039062500e+00
2.968823432922363281e+01
1.559071807861328125e+02
1.749730987548828125e+02
9.457434654235839844e+00
3.831769561767578125e+01
2.446538238525390625e+02
1.710997619628906250e+02
3.655471801757812500e+01
1.085482559204101562e+02
1.537078094482421875e+02
1.729099426269531250e+02
7.435468673706054688e+00
3.591040039062500000e+01
1.265609359741210938e+02
1.755224151611328125e+02
8.009871482849121094e+00
3.116682243347167969e+01
0.000000000000000000e+00
0.000000000000000000e+00
0.000000000000000000e+00
0.000000000000000000e+00
