1.004876556396484375e+02
1.695037078857421875e+02
3.394613265991210938e+01
1.225216674804687500e+02
1.376314392089843750e+02
1.718072967529296875e+02
2.223310279846191406e+01
9.438700103759765625e+01
1.052839050292968750e+02
1.686924896240234375e+02
2.755943679809570312e+01
1.242816162109375000e+02
1.326307830810546875e+02
1.709969787597656250e+02
2.020058059692382812e+01
9.895827484130859375e+01
1.346967315673828125e+02
1.771813659667968750e+02
2.212653732299804688e+01
1.000531692504882812e+02
3.643511047363281250e+02
1.669232635498046875e+02
2.054597663879394531e+01
6.457585906982421875e+01
3.258847045898437500e+02
1.657991333007812500e+02
1.051517295837402344e+01
4.744881439208984375e+01
2.734197082519531250e+02
1.697048645019531250e+02
7.914171695709228516e+00
3.917431259155273438e+01
1.316968536376953125e+02
1.763054504394531250e+02
2.160797691345214844e+01
1.001131591796875000e+02
2.180404510498046875e+02
1.736045532226562500e+02
8.936372756958007812e+00
2.930180358886718750e+01
1.545032196044921875e+02
1.758559417724609375e+02
1.425292778015136719e+01
7.709142303466796875e+01
1.761497802734375000e+02
1.791143798828125000e+02
8.282633781433105469e+00
3.377068328857421875e+01
3.336676940917968750e+02
1.738572692871093750e+02
7.428639888763427734e+00
3.893939208984375000e+01
0.000000000000000000e+00
0.000000000000000000e+00
0.000000000000000000e+00
0.000000000000000000e+00
