8.502756500244140625e+01
1.560785064697265625e+02
3.854817199707031250e+01
1.507067260742187500e+02
8.443069458007812500e-01
1.660459899902343750e+02
4.572703170776367188e+01
1.625225219726562500e+02
4.298999404907226562e+01
1.646181640625000000e+02
2.055702400207519531e+01
1.341466522216796875e+02
1.994322357177734375e+02
1.617742462158203125e+02
3.513080978393554688e+01
1.964844055175781250e+02
2.323934173583984375e+02
1.500520172119140625e+02
5.386198043823242188e+01
2.521195373535156250e+02
8.457031250000000000e+01
1.537051849365234375e+02
3.760577392578125000e+01
1.374109191894531250e+02
1.587965850830078125e+02
1.842331695556640625e+02
1.015312290191650391e+01
4.321656036376953125e+01
3.718952178955078125e+00
1.679564208984375000e+02
4.064621734619140625e+01
1.399758758544921875e+02
1.592334289550781250e+02
1.898330230712890625e+02
1.023850822448730469e+01
4.268056869506835938e+01
1.986990051269531250e+02
1.515847625732421875e+02
3.566106033325195312e+01
2.025686645507812500e+02
2.351297607421875000e+02
1.591015014648437500e+02
5.201356124877929688e+01
2.121655731201171875e+02
2.308899993896484375e+02
1.447497253417968750e+02
4.344671249389648438e+01
2.421861419677734375e+02
2.701450195312500000e+02
1.715613403320312500e+02
9.603129386901855469e+00
3.680609893798828125e+01
3.859042358398437500e+01
1.602895812988281250e+02
2.854088401794433594e+01
1.393323211669921875e+02
2.291448211669921875e+02
1.523136596679687500e+02
4.762845993041992188e+01
2.471083221435546875e+02
2.157306671142578125e+00
1.830207824707031250e+02
4.575191116333007812e+01
1.498646850585937500e+02
1.219547500610351562e+02
1.776983337402343750e+02
5.168561935424804688e+00
1.857949447631835938e+01
3.337425842285156250e+02
1.650540618896484375e+02
8.155989646911621094e+00
4.520007705688476562e+01
1.494851379394531250e+02
1.851533660888671875e+02
9.729222297668457031e+00
4.087851333618164062e+01
1.441714477539062500e+02
1.892074890136718750e+02
1.204831504821777344e+01
4.430111312866210938e+01
1.370077056884765625e+02
1.771672363281250000e+02
5.117488384246826172e+00
2.310192108154296875e+01
0.000000000000000000e+00
0.000000000000000000e+00
0.000000000000000000e+00
0.000000000000000000e+00
