2.515797424316406250e+02
1.663531646728515625e+02
3.161815261840820312e+01
1.399416809082031250e+02
1.335187377929687500e+02
1.756704254150390625e+02
1.710562515258789062e+01
6.846614837646484375e+01
1.722290954589843750e+02
1.711536712646484375e+02
5.204504013061523438e+01
2.107160339355468750e+02
1.085379714965820312e+02
1.733854827880859375e+02
1.013159561157226562e+01
4.444697952270507812e+01
1.321523284912109375e+02
1.723985290527343750e+02
1.762640380859375000e+01
6.850287628173828125e+01
2.506247558593750000e+02
1.735701599121093750e+02
3.218407440185546875e+01
1.354402313232421875e+02
1.540840454101562500e+02
1.695896453857421875e+02
3.479483413696289062e+01
1.619890441894531250e+02
2.552784729003906250e+02
1.760068054199218750e+02
2.322376060485839844e+01
1.189449310302734375e+02
1.211999206542968750e+02
1.770882873535156250e+02
6.637549877166748047e+00
2.264143371582031250e+01
1.742228240966796875e+02
1.695660858154296875e+02
5.002155303955078125e+01
1.925690612792968750e+02
2.324524383544921875e+02
1.717734680175781250e+02
9.307244300842285156e+00
4.711151885986328125e+01
9.705134582519531250e+01
1.750357055664062500e+02
9.005115509033203125e+00
4.045746612548828125e+01
1.288932952880859375e+02
1.769198760986328125e+02
5.557704448699951172e+00
2.105381584167480469e+01
2.407582244873046875e+02
1.679365234375000000e+02
6.946808815002441406e+00
4.318645095825195312e+01
1.997181854248046875e+02
1.569111633300781250e+02
3.020024299621582031e+01
1.847522888183593750e+02
8.921060943603515625e+01
1.777492675781250000e+02
8.502200126647949219e+00
3.923782348632812500e+01
3.630853881835937500e+02
1.688595275878906250e+02
2.323876380920410156e+01
6.623265075683593750e+01
1.362367401123046875e+02
1.799150390625000000e+02
1.149163436889648438e+01
6.166698837280273438e+01
0.000000000000000000e+00
0.000000000000000000e+00
0.000000000000000000e+00
0.000000000000000000e+00
