2.195687561035156250e+02
1.725643615722656250e+02
2.025607109069824219e+01
8.149350738525390625e+01
1.570340881347656250e+02
1.739324798583984375e+02
9.299226760864257812e+00
4.019355010986328125e+01
2.718013916015625000e+02
1.711657867431640625e+02
2.251898384094238281e+01
9.986112213134765625e+01
2.397529907226562500e+02
1.649524841308593750e+02
2.252075004577636719e+01
1.007901306152343750e+02
2.711846618652343750e+02
1.777010498046875000e+02
2.290397071838378906e+01
9.803590393066406250e+01
1.347043457031250000e+02
1.767919921875000000e+02
7.528749942779541016e+00
3.643129730224609375e+01
2.605922546386718750e+02
1.680589599609375000e+02
1.658073425292968750e+01
9.422588348388671875e+01
7.962097930908203125e+01
1.811148071289062500e+02
1.201267528533935547e+01
4.275679397583007812e+01
1.187948303222656250e+02
1.776488800048828125e+02
9.288312911987304688e+00
3.126685333251953125e+01
1.192773208618164062e+02
1.737658081054687500e+02
9.537462234497070312e+00
3.348030471801757812e+01
2.205627593994140625e+02
1.683924865722656250e+02
1.875572013854980469e+01
7.346748352050781250e+01
3.643041076660156250e+02
1.684682922363281250e+02
2.270716094970703125e+01
6.645262145996093750e+01
1.514354248046875000e+02
1.832474975585937500e+02
4.659974098205566406e+00
2.250465393066406250e+01
1.433332519531250000e+02
1.786529541015625000e+02
8.306339263916015625e+00
3.536607742309570312e+01
1.270178451538085938e+02
1.774897308349609375e+02
7.470873832702636719e+00
3.148870086669921875e+01
7.957820892333984375e+01
1.783028564453125000e+02
1.180915641784667969e+01
4.105919647216796875e+01
2.398491516113281250e+02
1.656039276123046875e+02
1.620528602600097656e+01
7.131288909912109375e+01
1.570516052246093750e+02
1.722349395751953125e+02
9.696956634521484375e+00
3.834724044799804688e+01
0.000000000000000000e+00
0.000000000000000000e+00
0.000000000000000000e+00
0.000000000000000000e+00
