2.775291137695312500e+02
1.662784118652343750e+02
2.747348022460937500e+01
1.014454193115234375e+02
3.628655395507812500e+02
1.706370544433593750e+02
5.186606979370117188e+01
1.813265991210937500e+02
1.724689636230468750e+02
1.750273895263671875e+02
1.569106769561767578e+01
8.108358764648437500e+01
3.652906799316406250e+02
1.578754425048828125e+02
4.773437118530273438e+01
1.881459045410156250e+02
1.317988395690917969e+00
1.616237487792968750e+02
2.419366645812988281e+01
1.678271026611328125e+02
2.733018798828125000e+02
1.644396362304687500e+02
3.834289932250976562e+01
1.047172393798828125e+02
1.076543197631835938e+02
1.756313629150390625e+02
1.122479343414306641e+01
4.075396728515625000e+01
3.558036193847656250e+02
1.603645324707031250e+02
2.776472663879394531e+01
1.505049743652343750e+02
3.515102233886718750e+02
1.624685668945312500e+02
2.993126106262207031e+01
1.467656402587890625e+02
2.199417724609375000e+02
1.628090515136718750e+02
4.744615554809570312e+01
2.283865203857421875e+02
1.581824340820312500e+02
1.824485931396484375e+02
1.130405807495117188e+01
4.486519622802734375e+01
7.009916305541992188e-01
1.505776062011718750e+02
2.441473007202148438e+01
1.719202880859375000e+02
2.571665649414062500e+02
1.709981842041015625e+02
8.579770088195800781e+00
3.798901748657226562e+01
1.214366836547851562e+02
1.780204772949218750e+02
5.595957756042480469e+00
2.058298873901367188e+01
2.156256561279296875e+02
1.559577941894531250e+02
4.165905761718750000e+01
2.229066314697265625e+02
2.149712219238281250e+02
1.656395263671875000e+02
4.452115631103515625e+01
2.209358367919921875e+02
7.985126495361328125e+01
1.781196289062500000e+02
1.173247623443603516e+01
4.044554138183593750e+01
7.881872558593750000e+01
1.812747497558593750e+02
1.300207901000976562e+01
4.104607009887695312e+01
1.871728668212890625e+02
1.674817199707031250e+02
3.506206512451171875e+01
1.907590484619140625e+02
2.246801910400390625e+02
1.746356353759765625e+02
4.515569305419921875e+01
1.804850769042968750e+02
3.567194824218750000e+02
1.624184265136718750e+02
3.271780776977539062e+01
1.674743652343750000e+02
1.048259582519531250e+02
1.737048645019531250e+02
1.043396949768066406e+01
4.386039733886718750e+01
1.426848602294921875e+02
1.753188629150390625e+02
8.710786819458007812e+00
3.039431762695312500e+01
1.865428924560546875e+02
1.589660491943359375e+02
3.611237716674804688e+01
1.837456665039062500e+02
2.736145935058593750e+02
1.670824584960937500e+02
2.774666976928710938e+01
9.806867980957031250e+01
2.580133056640625000e+02
1.728842620849609375e+02
8.815278053283691406e+00
4.099288177490234375e+01
3.623389892578125000e+02
1.923686218261718750e+02
5.319647979736328125e+01
1.654704589843750000e+02
3.571567077636718750e+02
1.854172058105468750e+02
4.654423904418945312e+01
1.524163665771484375e+02
3.581434936523437500e+02
1.577825622558593750e+02
2.338760948181152344e+01
1.498791961669921875e+02
0.000000000000000000e+00
0.000000000000000000e+00
0.000000000000000000e+00
0.000000000000000000e+00
