1.516815643310546875e+02
1.666172027587890625e+02
2.642541885375976562e+01
1.296579589843750000e+02
1.195245056152343750e+02
1.666133728027343750e+02
3.908441543579101562e+01
1.659723205566406250e+02
1.499311218261718750e+02
1.682211303710937500e+02
3.134854316711425781e+01
1.277722244262695312e+02
1.777425537109375000e+02
1.762204895019531250e+02
2.041309165954589844e+01
8.931241607666015625e+01
1.765277557373046875e+02
1.794002380371093750e+02
2.040693855285644531e+01
9.441292572021484375e+01
2.074253997802734375e+02
1.685020751953125000e+02
9.402406692504882812e+00
3.662185668945312500e+01
2.611270446777343750e+02
1.701860351562500000e+02
8.227324485778808594e+00
4.017480087280273438e+01
3.634194335937500000e+02
1.672655639648437500e+02
2.306317901611328125e+01
6.340811920166015625e+01
1.184415817260742188e+02
1.694347229003906250e+02
3.741175460815429688e+01
1.299405822753906250e+02
2.399958190917968750e+02
1.698885040283203125e+02
8.391642570495605469e+00
4.012648391723632812e+01
2.611790466308593750e+02
1.742156829833984375e+02
7.981847286224365234e+00
3.772091674804687500e+01
1.894490814208984375e+02
1.699548950195312500e+02
1.756443977355957031e+01
9.151788330078125000e+01
1.179566497802734375e+02
1.792658996582031250e+02
3.719705963134765625e+01
1.580117340087890625e+02
2.173429565429687500e+02
1.722576141357421875e+02
8.363972663879394531e+00
3.052004814147949219e+01
0.000000000000000000e+00
0.000000000000000000e+00
0.000000000000000000e+00
0.000000000000000000e+00
