1.663606643676757812e+01
1.661977996826171875e+02
3.680534362792968750e+01
1.391851196289062500e+02
7.154103088378906250e+01
1.561654968261718750e+02
3.114637947082519531e+01
1.523527374267578125e+02
1.943881988525390625e+02
1.592022247314453125e+02
4.054964828491210938e+01
2.017787170410156250e+02
-7.016959190368652344e-01
1.596593933105468750e+02
1.351643943786621094e+01
1.786098632812500000e+02
1.671560668945312500e+01
1.773122253417968750e+02
3.884635162353515625e+01
1.284047393798828125e+02
2.279824218750000000e+02
1.528478698730468750e+02
4.972713470458984375e+01
2.453610076904296875e+02
2.274085998535156250e+02
1.408571166992187500e+02
4.893113708496093750e+01
2.503306732177734375e+02
1.942737731933593750e+02
1.507515563964843750e+02
4.157219696044921875e+01
2.048418731689453125e+02
6.996878051757812500e+01
1.491522216796875000e+02
3.465620803833007812e+01
1.451948852539062500e+02
1.582462463378906250e+02
1.811112670898437500e+02
9.741982460021972656e+00
4.756755828857421875e+01
1.304051780700683594e+01
1.628294982910156250e+02
3.573627090454101562e+01
1.438696136474609375e+02
2.330072021484375000e+02
1.616587829589843750e+02
5.310680770874023438e+01
2.290294647216796875e+02
-3.954820632934570312e-01
1.799774169921875000e+02
1.341176891326904297e+01
1.597314605712890625e+02
1.217860488891601562e+02
1.772966918945312500e+02
4.748989105224609375e+00
2.007570838928222656e+01
3.277625122070312500e+02
1.683048706054687500e+02
9.823509216308593750e+00
4.237862777709960938e+01
7.620732116699218750e+01
1.707104339599609375e+02
2.439500236511230469e+01
1.193582458496093750e+02
3.638632202148437500e+02
1.673727111816406250e+02
2.210090637207031250e+01
6.771220397949218750e+01
2.381355743408203125e+02
1.619185791015625000e+02
4.763077545166015625e+01
2.077853851318359375e+02
1.503117065429687500e+02
1.809062957763671875e+02
1.013710117340087891e+01
4.756543350219726562e+01
7.028163146972656250e+01
1.628711395263671875e+02
3.453439712524414062e+01
1.575271301269531250e+02
2.689112243652343750e+02
1.720836486816406250e+02
9.031741142272949219e+00
3.331752395629882812e+01
1.032930984497070312e+02
1.740561218261718750e+02
1.046790218353271484e+01
4.294414138793945312e+01
0.000000000000000000e+00
0.000000000000000000e+00
0.000000000000000000e+00
0.000000000000000000e+00
