2.192252349853515625e+02
1.713975372314453125e+02
2.122273826599121094e+01
8.344781494140625000e+01
1.572113189697265625e+02
1.743354492187500000e+02
8.961793899536132812e+00
4.008486175537109375e+01
2.720942077636718750e+02
1.715243225097656250e+02
2.263278007507324219e+01
9.896026611328125000e+01
2.403353576660156250e+02
1.665026550292968750e+02
2.340901184082031250e+01
9.775357818603515625e+01
2.714891052246093750e+02
1.768754272460937500e+02
2.315736389160156250e+01
9.905678558349609375e+01
2.600303649902343750e+02
1.676295471191406250e+02
1.713700866699218750e+01
9.349304962158203125e+01
1.349817199707031250e+02
1.774530792236328125e+02
7.265781402587890625e+00
3.569104766845703125e+01
7.976061248779296875e+01
1.806838989257812500e+02
1.184702014923095703e+01
4.308680725097656250e+01
1.187683105468750000e+02
1.776556091308593750e+02
8.994477272033691406e+00
3.127833747863769531e+01
3.642977600097656250e+02
1.688905639648437500e+02
2.291642570495605469e+01
6.474089050292968750e+01
1.191265640258789062e+02
1.737171630859375000e+02
9.405315399169921875e+00
3.360360336303710938e+01
1.511832885742187500e+02
1.830925140380859375e+02
4.647914886474609375e+00
2.281392097473144531e+01
1.272454147338867188e+02
1.777770996093750000e+02
7.417588710784912109e+00
3.108847999572753906e+01
2.201791381835937500e+02
1.692286987304687500e+02
1.949788665771484375e+01
7.247290802001953125e+01
7.974127197265625000e+01
1.779685058593750000e+02
1.155502605438232422e+01
4.162533950805664062e+01
8.831090545654296875e+01
1.761274261474609375e+02
1.062212181091308594e+01
4.402207565307617188e+01
0.000000000000000000e+00
0.000000000000000000e+00
0.000000000000000000e+00
0.000000000000000000e+00
