3.293739929199218750e+02
1.603298492431640625e+02
5.978967666625976562e+01
2.424554748535156250e+02
1.792689514160156250e+02
1.710299377441406250e+02
2.284829711914062500e+01
8.815420532226562500e+01
2.021939849853515625e+02
1.658320617675781250e+02
2.329660606384277344e+01
1.029717483520507812e+02
1.413188476562500000e+02
1.764754791259765625e+02
9.857565879821777344e+00
4.075512313842773438e+01
3.911298828125000000e+02
1.577153625488281250e+02
2.405620765686035156e+01
2.470542602539062500e+02
1.826921691894531250e+02
1.688390197753906250e+02
2.153618049621582031e+01
9.277248382568359375e+01
3.542295227050781250e+02
1.570299072265625000e+02
4.113872909545898438e+01
2.457714996337890625e+02
2.348911895751953125e+02
1.681861877441406250e+02
2.243581771850585938e+01
1.033011932373046875e+02
1.521879425048828125e+02
1.742305908203125000e+02
8.696752548217773438e+00
3.359467697143554688e+01
3.912814941406250000e+02
1.361410827636718750e+02
2.351261138916015625e+01
2.617910156250000000e+02
3.254823303222656250e+02
1.636138916015625000e+02
4.790779113769531250e+01
2.333230438232421875e+02
3.274282226562500000e+02
1.741731872558593750e+02
6.403369903564453125e+01
2.324651489257812500e+02
1.520009918212890625e+02
1.760151062011718750e+02
8.968081474304199219e+00
3.378668212890625000e+01
2.236118469238281250e+02
1.756983489990234375e+02
2.786007499694824219e+01
1.009518737792968750e+02
3.917216491699218750e+02
1.690687255859375000e+02
2.396458435058593750e+01
2.484389495849609375e+02
3.347718505859375000e+02
1.588316650390625000e+02
4.847314453125000000e+01
2.187803497314453125e+02
2.234169921875000000e+02
1.758024444580078125e+02
2.545427703857421875e+01
8.614359283447265625e+01
1.194884719848632812e+02
1.746278228759765625e+02
8.020172119140625000e+00
3.148535346984863281e+01
3.565922851562500000e+02
1.429930725097656250e+02
3.857930755615234375e+01
2.483909759521484375e+02
7.947914886474609375e+01
1.822434692382812500e+02
1.274101543426513672e+01
4.041807556152343750e+01
1.260430831909179688e+02
1.751934051513671875e+02
8.420154571533203125e+00
3.065243911743164062e+01
2.177692718505859375e+02
1.627288818359375000e+02
3.734254074096679688e+01
1.169287567138671875e+02
2.306236267089843750e+02
1.725934906005859375e+02
2.466606521606445312e+01
1.067373428344726562e+02
2.247705230712890625e+02
1.700614776611328125e+02
3.442319488525390625e+01
1.117339859008789062e+02
2.238322906494140625e+02
1.644918823242187500e+02
3.640913772583007812e+01
1.123948669433593750e+02
8.742664337158203125e+01
1.773749542236328125e+02
1.179350090026855469e+01
4.237588500976562500e+01
2.185467376708984375e+02
1.717906036376953125e+02
3.719752883911132812e+01
1.074486618041992188e+02
0.000000000000000000e+00
0.000000000000000000e+00
0.000000000000000000e+00
0.000000000000000000e+00
