1.647877960205078125e+02
1.682882385253906250e+02
2.925336456298828125e+01
1.326718902587890625e+02
1.887340850830078125e+02
1.711067199707031250e+02
2.909598922729492188e+01
1.149054489135742188e+02
1.666253814697265625e+02
1.686888885498046875e+02
2.546663093566894531e+01
1.288863830566406250e+02
2.492152862548828125e+02
1.719218597412109375e+02
1.197387599945068359e+01
4.244487380981445312e+01
1.868286437988281250e+02
1.702592010498046875e+02
3.457728195190429688e+01
1.174310379028320312e+02
1.154073181152343750e+02
1.728666076660156250e+02
5.192688369750976562e+01
1.562216491699218750e+02
1.214052429199218750e+02
1.623821716308593750e+02
5.009963989257812500e+01
1.761957244873046875e+02
1.141478652954101562e+02
1.705232849121093750e+02
5.459029006958007812e+01
1.775709381103515625e+02
2.493202972412109375e+02
1.694541320800781250e+02
1.084491443634033203e+01
4.289286041259765625e+01
2.503040466308593750e+02
1.744579467773437500e+02
1.252375507354736328e+01
3.818907165527343750e+01
1.207808685302734375e+02
1.590000762939453125e+02
5.047213363647460938e+01
2.003804626464843750e+02
2.097838134765625000e+02
1.690466918945312500e+02
1.909498023986816406e+01
1.002488174438476562e+02
1.100639648437500000e+02
1.761986694335937500e+02
8.683040618896484375e+00
4.010558319091796875e+01
1.035963745117187500e+02
1.760576477050781250e+02
8.580107688903808594e+00
4.041232299804687500e+01
3.629424438476562500e+02
1.687261810302734375e+02
2.406905555725097656e+01
6.306864166259765625e+01
2.518422088623046875e+02
1.700557403564453125e+02
1.069925308227539062e+01
4.153066635131835938e+01
1.908406829833984375e+02
1.768042602539062500e+02
2.550016593933105469e+01
8.634033966064453125e+01
1.849761657714843750e+02
1.651805572509765625e+02
3.691341018676757812e+01
1.128044509887695312e+02
0.000000000000000000e+00
0.000000000000000000e+00
0.000000000000000000e+00
0.000000000000000000e+00
