1.898803100585937500e+02
1.670425872802734375e+02
2.317765045166015625e+01
9.476226806640625000e+01
2.341551055908203125e+02
1.693770446777343750e+02
2.676081466674804688e+01
1.022561492919921875e+02
2.082235717773437500e+02
1.671048889160156250e+02
2.730500793457031250e+01
9.301144409179687500e+01
1.533869934082031250e+02
1.724960632324218750e+02
8.621265411376953125e+00
3.650570678710937500e+01
2.340857849121093750e+02
1.720745544433593750e+02
2.680226707458496094e+01
1.073802719116210938e+02
3.358336181640625000e+02
1.644775695800781250e+02
7.839627838134765625e+01
2.397369232177734375e+02
2.295793304443359375e+02
1.621711730957031250e+02
3.532070922851562500e+01
1.164332733154296875e+02
1.378746490478515625e+02
1.787917785644531250e+02
1.021152782440185547e+01
3.802707290649414062e+01
3.435628967285156250e+02
1.603061218261718750e+02
6.563114166259765625e+01
2.477464599609375000e+02
1.410695495605468750e+02
1.778450012207031250e+02
8.933444976806640625e+00
3.867825317382812500e+01
3.426809387207031250e+02
1.612229156494140625e+02
6.402536773681640625e+01
2.587799377441406250e+02
1.529615173339843750e+02
1.757768859863281250e+02
9.220181465148925781e+00
3.407828903198242188e+01
1.184421005249023438e+02
1.738162689208984375e+02
8.860083580017089844e+00
3.260354614257812500e+01
1.261115417480468750e+02
1.748048858642578125e+02
8.051734924316406250e+00
3.105620002746582031e+01
3.679098815917968750e+02
1.473638610839843750e+02
4.591291809082031250e+01
2.692509155273437500e+02
3.349416503906250000e+02
1.649462585449218750e+02
7.909799957275390625e+01
2.513296508789062500e+02
2.152934265136718750e+02
1.646395416259765625e+02
2.362436485290527344e+01
9.802374267578125000e+01
8.822395324707031250e+01
1.765661315917968750e+02
1.254295825958251953e+01
4.358773040771484375e+01
7.923304748535156250e+01
1.851979980468750000e+02
1.284582424163818359e+01
3.642501831054687500e+01
3.405112304687500000e+02
1.681353607177734375e+02
4.828173828125000000e+01
2.297192687988281250e+02
3.375003967285156250e+02
1.706556549072265625e+02
5.371007156372070312e+01
2.415610656738281250e+02
0.000000000000000000e+00
0.000000000000000000e+00
0.000000000000000000e+00
0.000000000000000000e+00
