2.262040252685546875e+02
1.724765930175781250e+02
3.663193893432617188e+01
1.234399337768554688e+02
1.088239669799804688e+02
1.742184143066406250e+02
1.164045906066894531e+01
4.350103759765625000e+01
1.903323822021484375e+02
1.610873413085937500e+02
3.180852127075195312e+01
1.485195922851562500e+02
1.269711914062500000e+02
1.688348693847656250e+02
1.833843803405761719e+01
7.188127136230468750e+01
1.922918395996093750e+02
1.609485015869140625e+02
3.527055740356445312e+01
1.507316589355468750e+02
1.907256774902343750e+02
1.619446411132812500e+02
3.080565643310546875e+01
1.644543304443359375e+02
1.280910644531250000e+02
1.737458190917968750e+02
1.943290710449218750e+01
7.118182373046875000e+01
1.938016052246093750e+02
1.610375976562500000e+02
3.144700241088867188e+01
1.635201873779296875e+02
2.320896606445312500e+02
1.778507080078125000e+02
2.710377120971679688e+01
1.107242584228515625e+02
1.482126159667968750e+02
1.792047119140625000e+02
4.352595901489257812e+01
1.714194793701171875e+02
2.605036621093750000e+02
1.713617401123046875e+02
9.216114044189453125e+00
4.372382354736328125e+01
2.247882080078125000e+02
1.684533843994140625e+02
1.109239959716796875e+01
3.965108489990234375e+01
9.454994201660156250e+01
1.783308715820312500e+02
1.078366184234619141e+01
3.887401199340820312e+01
2.174981079101562500e+02
1.669105529785156250e+02
4.076773071289062500e+01
1.362035369873046875e+02
2.248305664062500000e+02
1.781824340820312500e+02
3.773921203613281250e+01
1.257588729858398438e+02
3.627063598632812500e+02
1.691374359130859375e+02
2.441852951049804688e+01
6.186788558959960938e+01
1.546674346923828125e+02
1.574236602783203125e+02
4.964603424072265625e+01
2.148464660644531250e+02
9.340203857421875000e+01
1.828843078613281250e+02
1.167023563385009766e+01
3.760989761352539062e+01
2.604410095214843750e+02
1.687792205810546875e+02
9.382075309753417969e+00
4.351298904418945312e+01
1.487521972656250000e+02
1.859103698730468750e+02
4.543108749389648438e+01
1.799452514648437500e+02
2.233366546630859375e+02
1.674752502441406250e+02
1.221575355529785156e+01
5.563018035888671875e+01
1.917808532714843750e+02
1.746824340820312500e+02
2.705030059814453125e+01
1.160697174072265625e+02
1.216336059570312500e+02
1.770249023437500000e+02
5.652198791503906250e+00
2.247406959533691406e+01
0.000000000000000000e+00
0.000000000000000000e+00
0.000000000000000000e+00
0.000000000000000000e+00
