2.189198608398437500e+02
1.676090698242187500e+02
3.710059356689453125e+01
1.325625762939453125e+02
1.264156799316406250e+02
1.710596771240234375e+02
1.868877792358398438e+01
6.901854705810546875e+01
1.901397247314453125e+02
1.612825622558593750e+02
2.980486679077148438e+01
1.524801788330078125e+02
2.230864868164062500e+02
1.688306274414062500e+02
4.070603179931640625e+01
1.262575912475585938e+02
1.089314270019531250e+02
1.750820312500000000e+02
1.102126312255859375e+01
4.256454849243164062e+01
1.905515441894531250e+02
1.615663757324218750e+02
2.846041679382324219e+01
1.612396697998046875e+02
1.276461105346679688e+02
1.762256164550781250e+02
1.902428054809570312e+01
6.554630279541015625e+01
1.911540222167968750e+02
1.747213897705078125e+02
2.513963890075683594e+01
1.201651916503906250e+02
9.409416198730468750e+01
1.854633178710937500e+02
1.124549007415771484e+01
3.495634460449218750e+01
1.469609069824218750e+02
1.728323364257812500e+02
4.328152084350585938e+01
1.831305084228515625e+02
2.598254089355468750e+02
1.724599609375000000e+02
9.716602325439453125e+00
4.199246215820312500e+01
2.597518920898437500e+02
1.680791473388671875e+02
9.996931076049804688e+00
4.380069732666015625e+01
2.234594573974609375e+02
1.676994171142578125e+02
1.016848182678222656e+01
4.163242721557617188e+01
1.214390640258789062e+02
1.771362762451171875e+02
5.727085590362548828e+00
2.247626876831054688e+01
2.232390441894531250e+02
1.768818511962890625e+02
2.742920303344726562e+01
1.148302993774414062e+02
2.575454101562500000e+02
1.684763946533203125e+02
1.052427768707275391e+01
4.289362716674804688e+01
2.574017639160156250e+02
1.705587768554687500e+02
1.135540771484375000e+01
4.525242614746093750e+01
3.624562988281250000e+02
1.682504730224609375e+02
2.404609870910644531e+01
6.406301879882812500e+01
2.220696258544921875e+02
1.690247497558593750e+02
1.134318256378173828e+01
5.219729995727539062e+01
0.000000000000000000e+00
0.000000000000000000e+00
0.000000000000000000e+00
0.000000000000000000e+00
