2.826364746093750000e+02
1.647240905761718750e+02
2.781044006347656250e+01
1.065216674804687500e+02
3.593343505859375000e+02
1.669343261718750000e+02
5.381894683837890625e+01
1.866088256835937500e+02
3.595162048339843750e+02
1.646562805175781250e+02
5.252830505371093750e+01
1.758907928466796875e+02
1.722344055175781250e+02
1.766976318359375000e+02
1.674775695800781250e+01
7.922546386718750000e+01
3.591041870117187500e+02
1.779725036621093750e+02
4.692634201049804688e+01
1.639893035888671875e+02
3.590259399414062500e+02
1.680914916992187500e+02
4.564333724975585938e+01
1.642552032470703125e+02
1.585214233398437500e+02
1.816732330322265625e+02
1.172515773773193359e+01
4.590367507934570312e+01
1.082729949951171875e+02
1.752312622070312500e+02
1.101110553741455078e+01
4.179277038574218750e+01
2.780211791992187500e+02
1.641764373779296875e+02
3.537049484252929688e+01
1.058957519531250000e+02
2.567919006347656250e+02
1.691482391357421875e+02
9.194995880126953125e+00
4.234257125854492188e+01
1.885937500000000000e+02
1.661595458984375000e+02
3.367750167846679688e+01
1.911981964111328125e+02
1.886940612792968750e+02
1.595149841308593750e+02
3.340393829345703125e+01
1.841907501220703125e+02
-8.604593276977539062e-01
1.574194030761718750e+02
2.516835021972656250e+01
1.782212371826171875e+02
2.568170776367187500e+02
1.724793090820312500e+02
9.581759452819824219e+00
4.150128173828125000e+01
2.211695556640625000e+02
1.626393432617187500e+02
4.665337753295898438e+01
2.308292083740234375e+02
-9.720277786254882812e-01
1.674930419921875000e+02
1.903523254394531250e+01
1.590844421386718750e+02
2.248984222412109375e+02
1.801455078125000000e+02
4.622774887084960938e+01
1.688909149169921875e+02
1.211640625000000000e+02
1.782761077880859375e+02
5.548460006713867188e+00
2.075287246704101562e+01
1.489928588867187500e+02
1.833433532714843750e+02
1.032756233215332031e+01
4.410253906250000000e+01
1.927033691406250000e+02
1.656245727539062500e+02
3.439083099365234375e+01
1.947489471435546875e+02
3.520297241210937500e+02
1.643878784179687500e+02
2.022304153442382812e+01
1.417025146484375000e+02
2.141051483154296875e+02
1.605212707519531250e+02
4.585335922241210938e+01
2.317245635986328125e+02
8.060752105712890625e+01
1.774945373535156250e+02
1.145727539062500000e+01
4.165013122558593750e+01
-5.773649215698242188e-01
1.564946594238281250e+02
1.738076972961425781e+01
1.561716918945312500e+02
2.138856048583984375e+02
1.511587219238281250e+02
4.469268798828125000e+01
2.316688842773437500e+02
1.591888580322265625e+02
1.892278747558593750e+02
1.062274742126464844e+01
4.252346038818359375e+01
3.549592285156250000e+02
1.623524475097656250e+02
1.720257186889648438e+01
8.583167266845703125e+01
0.000000000000000000e+00
0.000000000000000000e+00
0.000000000000000000e+00
0.000000000000000000e+00
