3.559993286132812500e+02
1.632236938476562500e+02
5.168875885009765625e+01
1.612949676513671875e+02
3.586573486328125000e+02
1.599556274414062500e+02
5.490007781982421875e+01
1.691660919189453125e+02
1.292374877929687500e+02
1.687727966308593750e+02
2.548557472229003906e+01
1.047144927978515625e+02
3.565370788574218750e+02
1.627691345214843750e+02
4.949599456787109375e+01
1.493348388671875000e+02
1.033271026611328125e+02
1.680804138183593750e+02
2.583469581604003906e+01
1.215485839843750000e+02
9.970165252685546875e+01
1.673514709472656250e+02
3.265793991088867188e+01
1.226237487792968750e+02
3.626437072753906250e+02
1.569732360839843750e+02
4.747425079345703125e+01
1.592876892089843750e+02
3.169559631347656250e+02
1.706254272460937500e+02
1.130234241485595703e+01
4.519664764404296875e+01
1.286371307373046875e+02
1.755665893554687500e+02
2.560066032409667969e+01
1.002342987060546875e+02
2.720689697265625000e+02
1.677636260986328125e+02
8.072609901428222656e+00
4.221905136108398438e+01
3.171374206542968750e+02
1.675394592285156250e+02
1.068706703186035156e+01
4.666040420532226562e+01
3.988396911621093750e+02
1.668888854980468750e+02
1.806126785278320312e+01
1.339602661132812500e+02
1.411664276123046875e+02
1.717411956787109375e+02
2.142860603332519531e+01
9.073351287841796875e+01
3.990137939453125000e+02
1.724021301269531250e+02
1.735900688171386719e+01
1.465637054443359375e+02
1.517863769531250000e+02
1.798193206787109375e+02
1.049042320251464844e+01
4.661809158325195312e+01
1.053566131591796875e+02
1.766464080810546875e+02
2.294191932678222656e+01
8.596044158935546875e+01
1.746144104003906250e+02
1.799234008789062500e+02
8.108647346496582031e+00
3.199060630798339844e+01
9.291683959960937500e+01
1.698543395996093750e+02
3.590232086181640625e+01
1.209047012329101562e+02
1.580475921630859375e+02
1.758864135742187500e+02
8.070375442504882812e+00
4.453923034667968750e+01
1.580401306152343750e+02
1.774600219726562500e+02
7.400474071502685547e+00
4.929345703125000000e+01
0.000000000000000000e+00
0.000000000000000000e+00
0.000000000000000000e+00
0.000000000000000000e+00
