1.276793670654296875e+02
1.671089324951171875e+02
2.744863510131835938e+01
1.086190414428710938e+02
3.474812011718750000e+02
1.505092773437500000e+02
3.415964889526367188e+01
1.669465942382812500e+02
1.031633682250976562e+02
1.686407623291015625e+02
2.540332221984863281e+01
1.170255508422851562e+02
3.712687683105468750e+02
1.582847595214843750e+02
4.038846969604492188e+01
1.526475524902343750e+02
9.854823303222656250e+01
1.673028869628906250e+02
3.293785095214843750e+01
1.194715652465820312e+02
3.468312683105468750e+02
1.599979705810546875e+02
3.592341995239257812e+01
1.637812500000000000e+02
1.267292175292968750e+02
1.736852874755859375e+02
2.727526283264160156e+01
1.032105407714843750e+02
3.135169677734375000e+02
1.653656463623046875e+02
8.718561172485351562e+00
4.932715606689453125e+01
2.705260620117187500e+02
1.699646148681640625e+02
8.139843940734863281e+00
3.869182586669921875e+01
1.043801193237304688e+02
1.736218872070312500e+02
2.358077621459960938e+01
9.535391235351562500e+01
3.482002563476562500e+02
1.549839477539062500e+02
4.805665969848632812e+01
1.568471374511718750e+02
9.310323333740234375e+01
1.710017395019531250e+02
3.569437789916992188e+01
1.171390151977539062e+02
1.229908523559570312e+02
1.685423583984375000e+02
3.559785079956054688e+01
1.064329757690429688e+02
3.706003112792968750e+02
1.665242462158203125e+02
4.174586486816406250e+01
1.512345581054687500e+02
1.515883331298828125e+02
1.746481781005859375e+02
1.099107265472412109e+01
4.383459472656250000e+01
1.570242309570312500e+02
1.751477508544921875e+02
9.226367950439453125e+00
4.569861984252929688e+01
1.518300628662109375e+02
1.793602294921875000e+02
1.053616619110107422e+01
4.791358947753906250e+01
3.131062622070312500e+02
1.701204986572265625e+02
8.850688934326171875e+00
4.565443801879882812e+01
1.569586639404296875e+02
1.806689910888671875e+02
8.819922447204589844e+00
4.309930419921875000e+01
0.000000000000000000e+00
0.000000000000000000e+00
0.000000000000000000e+00
0.000000000000000000e+00
