1.854477691650390625e+02
1.715410461425781250e+02
2.715967559814453125e+01
1.152153091430664062e+02
1.134266281127929688e+02
1.662749023437500000e+02
5.060930252075195312e+01
1.699690399169921875e+02
1.641169738769531250e+02
1.666522674560546875e+02
2.734056472778320312e+01
1.347294616699218750e+02
1.104560241699218750e+02
1.641787719726562500e+02
5.521681976318359375e+01
1.878475494384765625e+02
2.050453643798828125e+02
1.664456024169921875e+02
1.863717269897460938e+01
1.038479919433593750e+02
1.824673461914062500e+02
1.701461944580078125e+02
3.442795944213867188e+01
1.187942199707031250e+02
1.593541717529296875e+02
1.626419372558593750e+02
2.940615653991699219e+01
1.453854522705078125e+02
1.643639068603515625e+02
1.651318969726562500e+02
2.512604141235351562e+01
1.337871093750000000e+02
2.489367980957031250e+02
1.694577789306640625e+02
9.822224617004394531e+00
4.182895660400390625e+01
2.491852264404296875e+02
1.728944702148437500e+02
1.044556427001953125e+01
3.988080596923828125e+01
1.626448822021484375e+02
1.673685607910156250e+02
2.383267402648925781e+01
1.330805358886718750e+02
1.090839004516601562e+02
1.742153778076171875e+02
9.644369125366210938e+00
4.235748291015625000e+01
1.037880935668945312e+02
1.749050140380859375e+02
8.727072715759277344e+00
4.290610504150390625e+01
3.628004760742187500e+02
1.681112670898437500e+02
2.405675506591796875e+01
6.424794769287109375e+01
1.877683563232421875e+02
1.795298767089843750e+02
2.336839866638183594e+01
8.161554718017578125e+01
1.204387741088867188e+02
1.767437438964843750e+02
6.195687770843505859e+00
2.119622421264648438e+01
0.000000000000000000e+00
0.000000000000000000e+00
0.000000000000000000e+00
0.000000000000000000e+00
