3.568431091308593750e+02
1.663357696533203125e+02
4.827964019775390625e+01
1.271445541381835938e+02
2.923699951171875000e+02
1.645914459228515625e+02
2.862864875793457031e+01
1.444888000488281250e+02
2.919681396484375000e+02
1.703750000000000000e+02
2.983320045471191406e+01
1.454140167236328125e+02
1.453513336181640625e+02
1.766757507324218750e+02
1.817543601989746094e+01
6.624624633789062500e+01
3.570662231445312500e+02
1.704512939453125000e+02
5.653704071044921875e+01
1.260921173095703125e+02
1.688962860107421875e+02
1.751452636718750000e+02
3.800763320922851562e+01
1.728474884033203125e+02
2.410921173095703125e+02
1.680850524902343750e+02
9.754282951354980469e+00
4.401585006713867188e+01
1.443274688720703125e+02
1.724171600341796875e+02
1.847994995117187500e+01
6.844603729248046875e+01
1.091859207153320312e+02
1.746840057373046875e+02
1.036365032196044922e+01
4.237969589233398438e+01
2.112174682617187500e+02
1.685233459472656250e+02
4.241874694824218750e+01
1.931844940185546875e+02
8.628792572021484375e+01
1.773417510986328125e+02
1.069046878814697266e+01
4.180362701416015625e+01
2.064049377441406250e+02
1.728135681152343750e+02
4.706727981567382812e+01
2.088321990966796875e+02
2.809975280761718750e+02
1.644955596923828125e+02
1.063626384735107422e+01
4.777831649780273438e+01
1.214672775268554688e+02
1.784023284912109375e+02
6.033291816711425781e+00
2.185439872741699219e+01
3.552206115722656250e+02
1.592308349609375000e+02
4.758128738403320312e+01
1.254621353149414062e+02
2.486851196289062500e+02
1.673542785644531250e+02
6.987555503845214844e+00
4.242939758300781250e+01
2.408757019042968750e+02
1.707211303710937500e+02
9.367647171020507812e+00
4.524034881591796875e+01
2.931852722167968750e+02
1.915755310058593750e+02
2.751650238037109375e+01
1.059664230346679688e+02
3.965354614257812500e+02
1.813719329833984375e+02
1.830309486389160156e+01
6.968601226806640625e+01
1.989330749511718750e+02
1.635075378417968750e+02
4.287603378295898438e+01
2.275112457275390625e+02
1.288318328857421875e+02
1.797685546875000000e+02
5.030909538269042969e+00
1.925940322875976562e+01
8.566840362548828125e+01
1.823236389160156250e+02
1.236625099182128906e+01
3.892179870605468750e+01
1.678534240722656250e+02
1.656847229003906250e+02
3.832272720336914062e+01
1.757527618408203125e+02
1.750630493164062500e+02
1.712799987792968750e+02
3.826125335693359375e+01
1.836383819580078125e+02
0.000000000000000000e+00
0.000000000000000000e+00
0.000000000000000000e+00
0.000000000000000000e+00
