2.952601318359375000e+02
1.702894287109375000e+02
4.096262359619140625e+01
1.515318908691406250e+02
2.085133209228515625e+02
1.667755432128906250e+02
4.531283187866210938e+01
2.240691528320312500e+02
1.462296295166015625e+02
1.720472259521484375e+02
1.885275268554687500e+01
6.554250335693359375e+01
3.544803161621093750e+02
1.628129577636718750e+02
2.460665512084960938e+01
1.293375091552734375e+02
2.963791198730468750e+02
1.651091308593750000e+02
3.621915054321289062e+01
1.449373931884765625e+02
1.094139404296875000e+02
1.743786315917968750e+02
1.042783355712890625e+01
4.235651397705078125e+01
3.550568237304687500e+02
1.610326538085937500e+02
3.084790229797363281e+01
1.312120056152343750e+02
1.696108245849609375e+02
1.691827697753906250e+02
3.908261489868164062e+01
1.848361206054687500e+02
3.566387939453125000e+02
1.639803314208984375e+02
2.533189773559570312e+01
1.260478439331054688e+02
3.513791809082031250e+02
1.619765777587890625e+02
3.016732406616210938e+01
1.290143432617187500e+02
2.101695251464843750e+02
1.705256652832031250e+02
4.283076477050781250e+01
1.917794952392578125e+02
2.951680908203125000e+02
1.692408905029296875e+02
5.121527099609375000e+01
1.555658264160156250e+02
1.462073364257812500e+02
1.817968597412109375e+02
1.945647048950195312e+01
5.888150024414062500e+01
1.748983764648437500e+02
1.664076538085937500e+02
3.965246582031250000e+01
1.910232391357421875e+02
2.473615417480468750e+02
1.666869201660156250e+02
8.134213447570800781e+00
4.463595962524414062e+01
1.214037780761718750e+02
1.764092102050781250e+02
5.554056167602539062e+00
2.283446502685546875e+01
8.590174865722656250e+01
1.776461639404296875e+02
1.010780334472656250e+01
4.074653244018554688e+01
3.534085083007812500e+02
1.559122467041015625e+02
3.422223663330078125e+01
1.304157104492187500e+02
2.075255126953125000e+02
1.716162109375000000e+02
4.505259323120117188e+01
2.399882659912109375e+02
1.370529632568359375e+02
1.770461730957031250e+02
4.791253089904785156e+00
2.052651023864746094e+01
3.972312316894531250e+02
1.775205535888671875e+02
1.752381134033203125e+01
7.471799468994140625e+01
1.689436340332031250e+02
1.613663330078125000e+02
3.962606048583984375e+01
1.827339324951171875e+02
2.940369262695312500e+02
1.921585388183593750e+02
4.319506835937500000e+01
1.312762451171875000e+02
3.512050170898437500e+02
1.544528808593750000e+02
3.027446937561035156e+01
1.346207275390625000e+02
2.350976104736328125e+02
1.666132507324218750e+02
1.629011917114257812e+01
6.952129364013671875e+01
1.294578857421875000e+02
1.785105895996093750e+02
4.739351749420166016e+00
1.896427345275878906e+01
0.000000000000000000e+00
0.000000000000000000e+00
0.000000000000000000e+00
0.000000000000000000e+00
