2.458047180175781250e+02
1.642963256835937500e+02
2.574656677246093750e+01
1.114123458862304688e+02
2.177558898925781250e+02
1.692004547119140625e+02
2.709339141845703125e+01
9.622583770751953125e+01
2.026260070800781250e+02
1.692028656005859375e+02
2.124575996398925781e+01
9.045138549804687500e+01
3.560951843261718750e+02
1.548377532958984375e+02
5.136700439453125000e+01
2.559219665527343750e+02
3.632154541015625000e+02
1.411083068847656250e+02
5.142014694213867188e+01
2.814114379882812500e+02
2.470057373046875000e+02
1.733333282470703125e+02
2.432341003417968750e+01
1.044808578491210938e+02
1.379645690917968750e+02
1.766997528076171875e+02
9.073018074035644531e+00
3.850828170776367188e+01
2.429064025878906250e+02
1.601799163818359375e+02
3.287671279907226562e+01
1.185605239868164062e+02
3.619653320312500000e+02
1.550270690917968750e+02
5.275800323486328125e+01
2.718297729492187500e+02
3.553597412109375000e+02
1.648790435791015625e+02
5.270351409912109375e+01
2.517165222167968750e+02
1.540798645019531250e+02
1.719858093261718750e+02
7.631562232971191406e+00
3.680180358886718750e+01
1.542389068603515625e+02
1.761618347167968750e+02
8.319002151489257812e+00
3.500808715820312500e+01
1.192673416137695312e+02
1.726384887695312500e+02
9.346804618835449219e+00
3.419475936889648438e+01
1.257039108276367188e+02
1.746280517578125000e+02
8.236807823181152344e+00
3.215042877197265625e+01
1.415773620605468750e+02
1.757784881591796875e+02
8.598182678222656250e+00
3.794146347045898438e+01
7.937459564208984375e+01
1.859492187500000000e+02
1.331739902496337891e+01
3.560648727416992188e+01
2.109097747802734375e+02
1.633192901611328125e+02
3.945315170288085938e+01
1.058619613647460938e+02
1.266272811889648438e+02
1.779942779541015625e+02
8.013994216918945312e+00
2.982017135620117188e+01
0.000000000000000000e+00
0.000000000000000000e+00
0.000000000000000000e+00
0.000000000000000000e+00
