5.261867523193359375e+01
1.684854431152343750e+02
4.631414794921875000e+01
1.485681610107421875e+02
5.311980438232421875e+01
1.643329162597656250e+02
4.566285324096679688e+01
1.456430511474609375e+02
3.030004501342773438e+00
1.666906127929687500e+02
2.934210968017578125e+01
1.394521636962890625e+02
2.285260772705078125e+02
1.489249572753906250e+02
4.580303573608398438e+01
2.357783966064453125e+02
1.924520568847656250e+02
1.606546936035156250e+02
3.871360397338867188e+01
2.023337860107421875e+02
2.285663146972656250e+02
1.566087646484375000e+02
4.668686294555664062e+01
2.379342498779296875e+02
1.586464996337890625e+02
1.815495758056640625e+02
1.110941028594970703e+01
4.609850311279296875e+01
3.129085540771484375e+00
1.710568237304687500e+02
2.894059753417968750e+01
1.416454620361328125e+02
3.242249450683593750e+02
1.663065795898437500e+02
1.152501487731933594e+01
4.494380187988281250e+01
4.638586997985839844e+00
1.757963562011718750e+02
2.644154167175292969e+01
1.199547882080078125e+02
1.212984237670898438e+02
1.773427429199218750e+02
5.695144653320312500e+00
1.994367980957031250e+01
2.013727188110351562e+00
1.585741577148437500e+02
2.641611289978027344e+01
1.542566680908203125e+02
3.221457824707031250e+02
1.671405944824218750e+02
1.013838291168212891e+01
4.438441467285156250e+01
1.930297088623046875e+02
1.475885314941406250e+02
4.012465667724609375e+01
2.117296600341796875e+02
3.632106933593750000e+02
1.677300567626953125e+02
2.222850227355957031e+01
6.583367919921875000e+01
5.810986328125000000e+01
1.660319213867187500e+02
4.555616760253906250e+01
1.400347290039062500e+02
1.040896530151367188e+02
1.746988983154296875e+02
1.085588455200195312e+01
4.232855606079101562e+01
1.290242614746093750e+02
1.775414276123046875e+02
5.041249275207519531e+00
1.959545898437500000e+01
4.401854515075683594e+00
1.839144897460937500e+02
2.736210060119628906e+01
1.182518920898437500e+02
0.000000000000000000e+00
0.000000000000000000e+00
0.000000000000000000e+00
0.000000000000000000e+00
