2.534485321044921875e+02
1.652634582519531250e+02
3.107954978942871094e+01
1.433480529785156250e+02
1.335908813476562500e+02
1.762893829345703125e+02
1.815908813476562500e+01
6.768093872070312500e+01
2.534740753173828125e+02
1.728547058105468750e+02
3.083619880676269531e+01
1.375140380859375000e+02
1.324504394531250000e+02
1.745463562011718750e+02
1.933473587036132812e+01
6.449215698242187500e+01
1.083747558593750000e+02
1.731315002441406250e+02
1.033926963806152344e+01
4.476327896118164062e+01
1.752339630126953125e+02
1.748809509277343750e+02
5.057131195068359375e+01
2.034253387451171875e+02
2.550642242431640625e+02
1.786228942871093750e+02
2.557565116882324219e+01
1.282122650146484375e+02
2.572071838378906250e+02
1.717379913330078125e+02
2.272261810302734375e+01
1.290948486328125000e+02
1.544545898437500000e+02
1.700657653808593750e+02
3.503133392333984375e+01
1.621955413818359375e+02
1.762196197509765625e+02
1.778498229980468750e+02
4.826657867431640625e+01
1.736779937744140625e+02
2.322239532470703125e+02
1.725379638671875000e+02
9.522786140441894531e+00
4.567959213256835938e+01
1.209321212768554688e+02
1.769916229248046875e+02
6.590473651885986328e+00
2.278545379638671875e+01
2.002489776611328125e+02
1.580903930664062500e+02
3.237973785400390625e+01
1.811334075927734375e+02
1.291002807617187500e+02
1.774358978271484375e+02
5.638158798217773438e+00
2.125581169128417969e+01
2.406484069824218750e+02
1.678435211181640625e+02
7.023600578308105469e+00
4.386351776123046875e+01
2.675127563476562500e+02
1.694948425292968750e+02
1.885104560852050781e+01
1.262843933105468750e+02
9.669650268554687500e+01
1.751242980957031250e+02
1.021722126007080078e+01
4.035289382934570312e+01
1.622603149414062500e+02
1.656368865966796875e+02
3.576841735839843750e+01
1.677191162109375000e+02
1.382114105224609375e+02
1.807746124267578125e+02
1.911344337463378906e+01
6.196340560913085938e+01
0.000000000000000000e+00
0.000000000000000000e+00
0.000000000000000000e+00
0.000000000000000000e+00
