2.482416687011718750e+02
1.678100280761718750e+02
3.392052078247070312e+01
1.372985076904296875e+02
1.330702514648437500e+02
1.756434478759765625e+02
1.691141319274902344e+01
6.766809082031250000e+01
1.318655395507812500e+02
1.720500640869140625e+02
1.707201385498046875e+01
6.892528533935546875e+01
2.470475921630859375e+02
1.737018127441406250e+02
3.466489028930664062e+01
1.349510345458984375e+02
1.089284667968750000e+02
1.736473693847656250e+02
9.965037345886230469e+00
4.387458419799804688e+01
1.212885284423828125e+02
1.772744598388671875e+02
6.074358940124511719e+00
2.308306884765625000e+01
1.710024108886718750e+02
1.621394348144531250e+02
5.308849334716796875e+01
2.274514770507812500e+02
2.323692626953125000e+02
1.718936004638671875e+02
9.585131645202636719e+00
4.706028366088867188e+01
1.739455566406250000e+02
1.600854187011718750e+02
5.003306579589843750e+01
2.110003662109375000e+02
1.358247833251953125e+02
1.786279449462890625e+02
1.169751834869384766e+01
6.381557464599609375e+01
1.290836334228515625e+02
1.775746459960937500e+02
5.301252365112304688e+00
2.047268295288085938e+01
1.630378417968750000e+02
1.795438232421875000e+02
4.496815872192382812e+01
1.657592010498046875e+02
1.988030090332031250e+02
1.551951293945312500e+02
3.140418815612792969e+01
1.889115905761718750e+02
3.634404907226562500e+02
1.691623687744140625e+02
2.303235626220703125e+01
6.307401657104492188e+01
1.030505371093750000e+02
1.743293304443359375e+02
8.122506141662597656e+00
4.166571426391601562e+01
2.413961791992187500e+02
1.685035552978515625e+02
6.290321826934814453e+00
4.180598831176757812e+01
1.966556396484375000e+02
1.646293334960937500e+02
3.338984680175781250e+01
1.951342773437500000e+02
9.558600616455078125e+01
1.751261291503906250e+02
9.050141334533691406e+00
4.116474151611328125e+01
0.000000000000000000e+00
0.000000000000000000e+00
0.000000000000000000e+00
0.000000000000000000e+00
