2.680823364257812500e+02
1.638839263916015625e+02
4.287472534179687500e+01
1.440702514648437500e+02
2.666759033203125000e+02
1.602214355468750000e+02
4.023316574096679688e+01
1.496967315673828125e+02
3.893941650390625000e+02
1.569966888427734375e+02
2.552056694030761719e+01
1.440930480957031250e+02
3.918565979003906250e+02
1.604032135009765625e+02
2.431089973449707031e+01
1.373369445800781250e+02
1.090214385986328125e+02
1.736932525634765625e+02
1.082815551757812500e+01
4.353093338012695312e+01
2.667865905761718750e+02
1.718691253662109375e+02
4.592571640014648438e+01
1.405783386230468750e+02
1.420364074707031250e+02
1.711526641845703125e+02
1.605566978454589844e+01
7.048952484130859375e+01
2.650997314453125000e+02
1.726204528808593750e+02
4.293970489501953125e+01
1.401474609375000000e+02
2.380093231201171875e+02
1.701064910888671875e+02
1.071701908111572266e+01
4.771239471435546875e+01
1.666355895996093750e+02
1.703670806884765625e+02
3.847298431396484375e+01
1.756076354980468750e+02
8.583041381835937500e+01
1.808801116943359375e+02
1.317645549774169922e+01
4.189146041870117188e+01
1.664939270019531250e+02
1.647834167480468750e+02
3.798774719238281250e+01
1.761723327636718750e+02
3.897458801269531250e+02
1.523096618652343750e+02
2.492750930786132812e+01
1.388604583740234375e+02
1.424814147949218750e+02
1.756175537109375000e+02
1.670433044433593750e+01
6.719908142089843750e+01
1.978129730224609375e+02
1.614049682617187500e+02
4.616048812866210938e+01
2.317673339843750000e+02
2.385909576416015625e+02
1.680911407470703125e+02
1.069899463653564453e+01
4.554745483398437500e+01
8.662687683105468750e+01
1.775542449951171875e+02
1.216259670257568359e+01
4.272636032104492188e+01
1.220462417602539062e+02
1.765355834960937500e+02
6.031168937683105469e+00
2.441553688049316406e+01
2.046229705810546875e+02
1.769979858398437500e+02
4.487016677856445312e+01
2.001817626953125000e+02
2.002253570556640625e+02
1.680519104003906250e+02
4.253064346313476562e+01
1.952953643798828125e+02
2.045063476562500000e+02
1.772611389160156250e+02
4.405817794799804688e+01
1.756589355468750000e+02
1.574227294921875000e+02
1.817844848632812500e+02
1.021406555175781250e+01
4.678760147094726562e+01
3.620119323730468750e+02
1.686169128417968750e+02
2.487557220458984375e+01
6.739530944824218750e+01
1.294635314941406250e+02
1.775358276367187500e+02
5.591082572937011719e+00
2.286287879943847656e+01
1.429946136474609375e+02
1.769267272949218750e+02
1.389814376831054688e+01
5.568168640136718750e+01
1.015855102539062500e+02
1.748218688964843750e+02
8.727690696716308594e+00
4.229695892333984375e+01
3.946788635253906250e+02
1.587049713134765625e+02
2.015740203857421875e+01
1.230935897827148438e+02
0.000000000000000000e+00
0.000000000000000000e+00
0.000000000000000000e+00
0.000000000000000000e+00
