1.306263580322265625e+02
1.668096008300781250e+02
2.178311920166015625e+01
1.035675811767578125e+02
1.621711425781250000e+02
1.646572570800781250e+02
2.363572692871093750e+01
1.216971817016601562e+02
1.865820159912109375e+02
1.652284088134765625e+02
2.462749099731445312e+01
9.796091461181640625e+01
3.289361572265625000e+02
1.587760314941406250e+02
3.548379135131835938e+01
1.532744903564453125e+02
1.619373779296875000e+02
1.654742431640625000e+02
2.280540084838867188e+01
1.124148559570312500e+02
1.307100677490234375e+02
1.782967529296875000e+02
2.143583297729492188e+01
9.512910461425781250e+01
2.484740600585937500e+02
1.534981079101562500e+02
4.073527908325195312e+01
2.270325164794921875e+02
9.103919219970703125e+01
1.850155944824218750e+02
2.322733688354492188e+01
6.462968444824218750e+01
2.462378692626953125e+02
1.593470916748046875e+02
4.374375152587890625e+01
2.326549987792968750e+02
2.875725097656250000e+02
1.747234802246093750e+02
4.974044036865234375e+01
2.099830932617187500e+02
1.553515319824218750e+02
1.589529113769531250e+02
3.383395767211914062e+01
1.259674072265625000e+02
1.191526336669921875e+02
1.745289916992187500e+02
8.126338958740234375e+00
2.968702125549316406e+01
1.123338699340820312e+00
1.307439422607421875e+02
5.206993103027343750e+01
2.972306213378906250e+02
3.654471435546875000e+02
1.676466979980468750e+02
2.067402267456054688e+01
6.192346191406250000e+01
3.978137512207031250e+02
1.490279693603515625e+02
1.657831954956054688e+01
1.025839157104492188e+02
1.554913635253906250e+02
1.660391235351562500e+02
3.350387573242187500e+01
1.187019424438476562e+02
2.895020446777343750e+02
1.732543640136718750e+02
4.605992507934570312e+01
1.860005493164062500e+02
3.280458068847656250e+02
1.645317993164062500e+02
3.668154525756835938e+01
1.551320190429687500e+02
2.532377471923828125e+02
1.479445190429687500e+02
4.277376174926757812e+01
2.391825408935546875e+02
2.880407409667968750e+02
1.810867767333984375e+02
5.048201370239257812e+01
2.244418029785156250e+02
1.667307739257812500e+02
1.677899780273437500e+02
2.032549285888671875e+01
1.165648117065429688e+02
2.534685211181640625e+02
1.566134338378906250e+02
4.518673706054687500e+01
2.401278228759765625e+02
1.135976181030273438e+02
1.781506042480468750e+02
5.222585201263427734e+00
2.255982971191406250e+01
1.212045822143554688e+02
1.769198455810546875e+02
5.738424777984619141e+00
2.393473625183105469e+01
1.138666076660156250e+02
1.746159973144531250e+02
7.915283679962158203e+00
2.946317291259765625e+01
0.000000000000000000e+00
0.000000000000000000e+00
0.000000000000000000e+00
0.000000000000000000e+00
