2.088871002197265625e+00
1.609696960449218750e+02
4.641772460937500000e+01
1.691753082275390625e+02
8.601612854003906250e+01
1.550036926269531250e+02
3.893709945678710938e+01
1.525741577148437500e+02
4.480606842041015625e+01
1.691814727783203125e+02
2.169418525695800781e+01
1.262237319946289062e+02
2.001683807373046875e+02
1.621085052490234375e+02
3.452613449096679688e+01
1.962301330566406250e+02
2.325713348388671875e+02
1.484896545410156250e+02
5.351353073120117188e+01
2.553342895507812500e+02
5.058401107788085938e+00
1.672974243164062500e+02
4.048684692382812500e+01
1.404458618164062500e+02
1.586040649414062500e+02
1.847172241210937500e+02
1.025981903076171875e+01
4.208167648315429688e+01
8.570834350585937500e+01
1.537642822265625000e+02
3.811496734619140625e+01
1.368323516845703125e+02
1.995601806640625000e+02
1.535737304687500000e+02
3.520820999145507812e+01
1.987064971923828125e+02
2.352944183349609375e+02
1.580845947265625000e+02
5.125895309448242188e+01
2.143415527343750000e+02
2.293782043457031250e+02
1.530506439208984375e+02
4.689316558837890625e+01
2.458691711425781250e+02
1.219856262207031250e+02
1.771143646240234375e+02
5.437665939331054688e+00
1.951328659057617188e+01
2.312290954589843750e+02
1.465755310058593750e+02
4.277099227905273438e+01
2.389698638916015625e+02
1.591553192138671875e+02
1.904461975097656250e+02
1.015603637695312500e+01
4.176096343994140625e+01
1.490373687744140625e+02
1.849135894775390625e+02
1.033970451354980469e+01
4.078100967407226562e+01
3.631510925292968750e+02
1.670547943115234375e+02
2.223426437377929688e+01
6.564901733398437500e+01
2.705024108886718750e+02
1.709014434814453125e+02
9.708047866821289062e+00
3.776224136352539062e+01
4.090090942382812500e+01
1.633747863769531250e+02
3.020334625244140625e+01
1.356600341796875000e+02
2.602088928222656250e+00
1.848356933593750000e+02
4.579569244384765625e+01
1.467143402099609375e+02
1.370933837890625000e+02
1.777522277832031250e+02
5.077747821807861328e+00
2.245722961425781250e+01
1.284621124267578125e+02
1.782716674804687500e+02
4.537218093872070312e+00
1.882637023925781250e+01
0.000000000000000000e+00
0.000000000000000000e+00
0.000000000000000000e+00
0.000000000000000000e+00
