2.980695495605468750e+02
1.585831909179687500e+02
1.936100387573242188e+01
1.175293426513671875e+02
3.503943786621093750e+02
1.620000305175781250e+02
3.975276565551757812e+01
1.754135131835937500e+02
1.637640991210937500e+02
1.749730682373046875e+02
1.839047431945800781e+01
7.366858673095703125e+01
3.453363647460937500e+02
1.652792968750000000e+02
4.030783462524414062e+01
1.670018005371093750e+02
2.525720214843750000e+02
1.683834381103515625e+02
1.025617504119873047e+01
4.468499755859375000e+01
1.841185150146484375e+02
1.673905792236328125e+02
3.602067184448242188e+01
1.873183288574218750e+02
2.139511260986328125e+02
1.578440551757812500e+02
4.389410400390625000e+01
2.380402069091796875e+02
2.523722534179687500e+02
1.716701965332031250e+02
1.054309844970703125e+01
4.234086608886718750e+01
3.494684448242187500e+02
1.751255035400390625e+02
4.149740600585937500e+01
1.654886779785156250e+02
2.138613586425781250e+02
1.462520751953125000e+02
4.286662673950195312e+01
2.418683471679687500e+02
1.098811264038085938e+02
1.751741027832031250e+02
8.998564720153808594e+00
4.091065216064453125e+01
1.217074966430664062e+02
1.778466339111328125e+02
5.638422966003417969e+00
2.058123016357421875e+01
1.590209197998046875e+02
1.779714508056640625e+02
9.711970329284667969e+00
5.254466629028320312e+01
3.509213256835937500e+02
1.593255004882812500e+02
3.941001129150390625e+01
1.553642120361328125e+02
1.834807434082031250e+02
1.597470703125000000e+02
3.732238769531250000e+01
1.842803497314453125e+02
1.495112915039062500e+02
1.804494934082031250e+02
1.081631088256835938e+01
4.803291320800781250e+01
3.435066223144531250e+02
1.871312255859375000e+02
4.436946105957031250e+01
1.459138793945312500e+02
1.620571594238281250e+02
1.740449371337890625e+02
1.788162422180175781e+01
6.383293533325195312e+01
3.979332275390625000e+02
1.508236694335937500e+02
1.627894973754882812e+01
1.008172149658203125e+02
2.223532867431640625e+02
1.795117340087890625e+02
4.668040084838867188e+01
1.986332702636718750e+02
1.288787994384765625e+02
1.773397979736328125e+02
4.940100669860839844e+00
1.955084228515625000e+01
0.000000000000000000e+00
0.000000000000000000e+00
0.000000000000000000e+00
0.000000000000000000e+00
