2.644615173339843750e+02
1.686133117675781250e+02
2.446969985961914062e+01
1.023563003540039062e+02
2.365681152343750000e+02
1.649561157226562500e+02
2.224348449707031250e+01
9.924763488769531250e+01
2.169060974121093750e+02
1.712484283447265625e+02
2.052351379394531250e+01
8.371010589599609375e+01
1.351622314453125000e+02
1.767829132080078125e+02
8.289229393005371094e+00
3.639032745361328125e+01
2.596590881347656250e+02
1.717852020263671875e+02
1.767081832885742188e+01
9.111531829833984375e+01
1.565997772216796875e+02
1.738242340087890625e+02
9.151834487915039062e+00
3.969228744506835938e+01
1.262425994873046875e+02
1.776677856445312500e+02
7.897791385650634766e+00
3.088713455200195312e+01
3.950389099121093750e+02
1.187460784912109375e+02
2.110886383056640625e+01
2.913297424316406250e+02
2.648128662109375000e+02
1.777111053466796875e+02
2.317835807800292969e+01
9.574614715576171875e+01
3.948465576171875000e+02
1.404484558105468750e+02
2.133178329467773438e+01
2.765185546875000000e+02
1.185609054565429688e+02
1.780988159179687500e+02
8.585966110229492188e+00
3.023094177246093750e+01
7.918398284912109375e+01
1.831655426025390625e+02
1.252620410919189453e+01
3.994621658325195312e+01
2.173027954101562500e+02
1.668016357421875000e+02
1.983452606201171875e+01
7.677128601074218750e+01
1.186843490600585938e+02
1.748405456542968750e+02
9.330654144287109375e+00
3.151511955261230469e+01
1.258143615722656250e+02
1.753373107910156250e+02
8.243980407714843750e+00
3.115082168579101562e+01
1.518292236328125000e+02
1.818874664306640625e+02
4.625276565551757812e+00
2.415039062500000000e+01
1.444271240234375000e+02
1.778861999511718750e+02
7.663311958312988281e+00
3.506904983520507812e+01
0.000000000000000000e+00
0.000000000000000000e+00
0.000000000000000000e+00
0.000000000000000000e+00
