1.001865463256835938e+02
1.690442504882812500e+02
3.388605880737304688e+01
1.245908050537109375e+02
1.040807647705078125e+02
1.685258789062500000e+02
2.774297332763671875e+01
1.253698272705078125e+02
1.391487579345703125e+02
1.724736328125000000e+02
2.247406196594238281e+01
9.061999511718750000e+01
1.325040588378906250e+02
1.709455108642578125e+02
2.065400886535644531e+01
9.718176269531250000e+01
2.735586242675781250e+02
1.701733551025390625e+02
7.842043876647949219e+00
3.834923934936523438e+01
3.261856079101562500e+02
1.670189514160156250e+02
1.010862159729003906e+01
4.526289367675781250e+01
3.644511718750000000e+02
1.671328735351562500e+02
2.090772247314453125e+01
6.687532043457031250e+01
1.348585510253906250e+02
1.793795166015625000e+02
2.235673141479492188e+01
9.726692199707031250e+01
1.322065429687500000e+02
1.777126464843750000e+02
2.118909263610839844e+01
9.835533905029296875e+01
3.337949218750000000e+02
1.697975311279296875e+02
7.435892105102539062e+00
4.058308792114257812e+01
3.334177246093750000e+02
1.737542724609375000e+02
7.870320796966552734e+00
3.887140655517578125e+01
1.535715484619140625e+02
1.763658142089843750e+02
1.525423908233642578e+01
7.684076690673828125e+01
2.178764343261718750e+02
1.732830352783203125e+02
9.339008331298828125e+00
3.008244705200195312e+01
0.000000000000000000e+00
0.000000000000000000e+00
0.000000000000000000e+00
0.000000000000000000e+00
