5.935311889648437500e+01
1.654994506835937500e+02
4.516472244262695312e+01
1.322593078613281250e+02
5.898671722412109375e+01
1.670530242919921875e+02
3.898919677734375000e+01
1.255520324707031250e+02
9.891622924804687500e+01
1.692267761230468750e+02
3.307936859130859375e+01
1.272774505615234375e+02
1.472158813476562500e+02
1.525569305419921875e+02
3.027081298828125000e+01
1.359888610839843750e+02
2.237105407714843750e+02
1.475747680664062500e+02
4.970454406738281250e+01
2.384582061767578125e+02
1.505676269531250000e+02
1.528501586914062500e+02
2.340534210205078125e+01
1.356421203613281250e+02
1.501304168701171875e+02
1.666325378417968750e+02
2.338553237915039062e+01
1.181217498779296875e+02
2.248432464599609375e+02
1.651040039062500000e+02
4.914024734497070312e+01
2.209160003662109375e+02
1.272684402465820312e+02
1.697604675292968750e+02
1.966145133972167969e+01
1.000691375732421875e+02
1.284678344726562500e+02
1.751828308105468750e+02
2.099624443054199219e+01
1.043986053466796875e+02
1.017059783935546875e+02
1.782271423339843750e+02
2.674091339111328125e+01
1.096991424560546875e+02
9.382801818847656250e+01
1.669768371582031250e+02
3.299591827392578125e+01
1.310821685791015625e+02
2.114151916503906250e+02
1.638695678710937500e+02
3.362492752075195312e+01
1.997412719726562500e+02
1.423186340332031250e+02
1.544284973144531250e+02
3.152125740051269531e+01
1.338420562744140625e+02
8.760330963134765625e+01
1.752693786621093750e+02
9.654583930969238281e+00
4.519249725341796875e+01
3.632414550781250000e+02
1.673069152832031250e+02
2.288949012756347656e+01
6.202035903930664062e+01
1.762571716308593750e+02
1.782507629394531250e+02
1.083760738372802734e+01
3.411606216430664062e+01
2.565836791992187500e+02
1.702248840332031250e+02
1.937991142272949219e+01
6.274888992309570312e+01
1.475322723388671875e+02
1.597471313476562500e+02
2.948302078247070312e+01
1.309097442626953125e+02
1.001366577148437500e+02
1.955886077880859375e+02
2.787949943542480469e+01
9.787107086181640625e+01
3.979457702636718750e+02
1.807586975097656250e+02
1.668292427062988281e+01
7.144648742675781250e+01
8.544306945800781250e+01
1.790694885253906250e+02
1.030788135528564453e+01
4.531009674072265625e+01
2.487197418212890625e+02
1.783282928466796875e+02
3.552835083007812500e+01
1.712599182128906250e+02
1.866660156250000000e+02
1.695056304931640625e+02
1.926916313171386719e+01
5.983506393432617188e+01
9.766576385498046875e+01
1.725746917724609375e+02
9.821488380432128906e+00
3.386703491210937500e+01
0.000000000000000000e+00
0.000000000000000000e+00
0.000000000000000000e+00
0.000000000000000000e+00
