1.748282012939453125e+02
1.569899444580078125e+02
2.236327552795410156e+01
1.123124084472656250e+02
3.025624084472656250e+02
1.653476715087890625e+02
3.039017295837402344e+01
1.331711730957031250e+02
2.332695465087890625e+02
1.602254638671875000e+02
3.513973617553710938e+01
2.082242279052734375e+02
1.446501464843750000e+02
1.726987609863281250e+02
2.548428153991699219e+01
1.092993621826171875e+02
2.621433410644531250e+02
1.667212829589843750e+02
4.299105072021484375e+01
2.257550048828125000e+02
4.256936645507812500e+01
2.035909881591796875e+02
2.972588348388671875e+01
5.148187637329101562e+01
3.028395385742187500e+02
1.670918273925781250e+02
2.756973266601562500e+01
1.305082244873046875e+02
2.637427368164062500e+02
1.623723754882812500e+02
4.113047409057617188e+01
2.096271820068359375e+02
7.684863281250000000e+01
1.417457733154296875e+02
8.300400543212890625e+01
2.670057067871093750e+02
2.316435546875000000e+02
1.724005737304687500e+02
3.689829635620117188e+01
2.063953857421875000e+02
3.031911010742187500e+02
1.619197082519531250e+02
3.557756423950195312e+01
1.436336517333984375e+02
3.650528869628906250e+02
1.695274963378906250e+02
2.136297988891601562e+01
6.233538818359375000e+01
2.346074981689453125e+02
1.618845825195312500e+02
3.424551010131835938e+01
1.807475738525390625e+02
1.448005371093750000e+02
1.723515777587890625e+02
2.088026428222656250e+01
9.555205535888671875e+01
8.006862640380859375e+01
1.774303588867187500e+02
1.212563514709472656e+01
4.201655578613281250e+01
3.978304443359375000e+02
1.488470306396484375e+02
1.700479125976562500e+01
1.033929061889648438e+02
4.453995513916015625e+01
1.983570556640625000e+02
2.624010848999023438e+01
4.781050109863281250e+01
1.397083129882812500e+02
1.678413238525390625e+02
3.479344177246093750e+01
1.199512100219726562e+02
1.513548889160156250e+02
1.714085998535156250e+02
1.991923332214355469e+01
1.108329010009765625e+02
2.598043823242187500e+02
1.891257171630859375e+02
4.618485641479492188e+01
2.072389221191406250e+02
2.997675781250000000e+02
1.548055725097656250e+02
3.310547637939453125e+01
1.340082244873046875e+02
2.410964660644531250e+02
1.620845031738281250e+02
7.918590545654296875e+01
2.382205963134765625e+02
2.675863952636718750e+02
1.336295623779296875e+02
4.482173919677734375e+01
2.941316833496093750e+02
8.683616638183593750e+01
1.756274108886718750e+02
8.807749748229980469e+00
4.437317276000976562e+01
7.036186218261718750e+01
1.732833404541015625e+02
8.789821624755859375e+00
4.447846221923828125e+01
1.759533386230468750e+02
1.586886138916015625e+02
1.974024391174316406e+01
9.319272613525390625e+01
3.002070312500000000e+02
1.741226501464843750e+02
3.429419708251953125e+01
1.351348724365234375e+02
0.000000000000000000e+00
0.000000000000000000e+00
0.000000000000000000e+00
0.000000000000000000e+00
