1.617221832275390625e+02
1.676755523681640625e+02
2.129407882690429688e+01
9.901744842529296875e+01
2.905954589843750000e+02
1.617670898437500000e+02
5.266625213623046875e+01
2.386861724853515625e+02
2.975105285644531250e+02
1.617512664794921875e+02
5.033208847045898438e+01
2.401979064941406250e+02
1.914739685058593750e+02
1.609559478759765625e+02
1.962324523925781250e+01
1.088989639282226562e+02
2.073821563720703125e+02
1.714380493164062500e+02
2.256576156616210938e+01
9.798345947265625000e+01
2.040480957031250000e+02
1.737406311035156250e+02
2.524783706665039062e+01
1.048831253051757812e+02
3.293134460449218750e+02
1.558324584960937500e+02
8.540747070312500000e+01
2.504450683593750000e+02
2.275741882324218750e+02
1.741166839599609375e+02
1.967240905761718750e+01
8.705585479736328125e+01
2.882603759765625000e+02
1.855499725341796875e+02
5.749522399902343750e+01
2.110000305175781250e+02
1.507429809570312500e+02
1.737257232666015625e+02
8.184951782226562500e+00
4.564925003051757812e+01
-4.222068786621093750e-01
1.914328918457031250e+02
3.487427902221679688e+01
8.828713226318359375e+01
2.953077087402343750e+02
1.827815551757812500e+02
5.492845916748046875e+01
2.167112579345703125e+02
6.625366210937500000e-02
1.901195068359375000e+02
2.843202781677246094e+01
9.012794494628906250e+01
3.499871826171875000e+02
1.819112854003906250e+02
5.533376312255859375e+01
1.944982757568359375e+02
3.903293609619140625e-01
1.918513488769531250e+02
3.911828613281250000e+01
1.058057937622070312e+02
1.201626892089843750e+02
1.744908599853515625e+02
7.574195861816406250e+00
3.191438865661621094e+01
1.949512481689453125e+02
1.621180419921875000e+02
4.022476959228515625e+01
1.162698822021484375e+02
-3.515605926513671875e-01
1.878854217529296875e+02
3.780049514770507812e+01
9.762078857421875000e+01
2.326519775390625000e+02
1.696536254882812500e+02
1.757440567016601562e+01
9.117028808593750000e+01
3.506255798339843750e+02
1.701810455322265625e+02
4.925020599365234375e+01
1.932127380371093750e+02
3.301443481445312500e+02
1.499640655517578125e+02
3.267955017089843750e+01
2.316015930175781250e+02
3.298141174316406250e+02
1.648429870605468750e+02
8.440113067626953125e+01
2.529138946533203125e+02
1.384212341308593750e+02
1.771293792724609375e+02
7.625921249389648438e+00
3.308885955810546875e+01
0.000000000000000000e+00
0.000000000000000000e+00
0.000000000000000000e+00
0.000000000000000000e+00
