1.078536605834960938e+02
1.738304901123046875e+02
2.158105278015136719e+01
1.047467651367187500e+02
1.077116317749023438e+02
1.685180664062500000e+02
2.327158737182617188e+01
1.052868347167968750e+02
1.366493377685546875e+02
1.678595886230468750e+02
2.086100578308105469e+01
1.169077377319335938e+02
2.937361450195312500e+02
1.653728332519531250e+02
2.497403717041015625e+01
1.277951202392578125e+02
1.400361633300781250e+02
1.302142639160156250e+02
8.506227111816406250e+01
2.849083251953125000e+02
2.915241088867187500e+02
1.639267425537109375e+02
2.927454948425292969e+01
1.297202148437500000e+02
5.721712493896484375e+01
2.041063079833984375e+02
2.716973686218261719e+01
5.171141815185546875e+01
2.246226196289062500e+02
1.544061279296875000e+02
3.542214202880859375e+01
2.220128021240234375e+02
2.237240600585937500e+02
1.685085754394531250e+02
3.821685791015625000e+01
2.178227081298828125e+02
2.206151275634765625e+02
1.597402191162109375e+02
3.501168060302734375e+01
2.102920837402343750e+02
1.376114959716796875e+02
1.653187561035156250e+02
2.105514717102050781e+01
1.132544021606445312e+02
5.985927581787109375e+01
1.949801940917968750e+02
2.352966308593750000e+01
5.316594314575195312e+01
2.467062683105468750e+02
1.628130187988281250e+02
4.202528381347656250e+01
2.325864868164062500e+02
3.639272766113281250e+02
1.686182708740234375e+02
2.222831344604492188e+01
6.039146041870117188e+01
2.202773895263671875e+02
1.729175415039062500e+02
3.530609512329101562e+01
2.069072265625000000e+02
8.877555847167968750e+01
1.753116607666015625e+02
9.584700584411621094e+00
4.396595382690429688e+01
2.844274597167968750e+02
1.606811523437500000e+02
3.323582077026367188e+01
1.363387298583984375e+02
2.253515777587890625e+02
1.529266204833984375e+02
3.588326263427734375e+01
1.973194580078125000e+02
2.156333007812500000e+02
1.727629394531250000e+02
7.941232204437255859e+00
3.251631164550781250e+01
1.017424316406250000e+02
1.626705627441406250e+02
3.522735977172851562e+01
1.156930084228515625e+02
2.918644714355468750e+02
1.549169464111328125e+02
3.028439140319824219e+01
1.337928161621093750e+02
1.296386413574218750e+02
1.630274353027343750e+02
3.491091156005859375e+01
1.183839111328125000e+02
1.303498840332031250e+02
1.812857208251953125e+02
2.012040901184082031e+01
9.087329864501953125e+01
0.000000000000000000e+00
0.000000000000000000e+00
0.000000000000000000e+00
0.000000000000000000e+00
