1.624480590820312500e+02
1.746273193359375000e+02
2.091124916076660156e+01
9.022993469238281250e+01
1.390250854492187500e+02
1.673418884277343750e+02
2.438643455505371094e+01
1.188592681884765625e+02
1.407926177978515625e+02
1.745777282714843750e+02
2.249580574035644531e+01
9.337626647949218750e+01
2.731089782714843750e+02
1.697204589843750000e+02
8.102802276611328125e+00
3.931472396850585938e+01
2.167151184082031250e+02
1.732294311523437500e+02
8.584907531738281250e+00
3.073003387451171875e+01
3.634543151855468750e+02
1.675147094726562500e+02
2.341974639892578125e+01
6.303753280639648438e+01
1.100456771850585938e+02
1.900397796630859375e+02
2.316232872009277344e+01
7.992282867431640625e+01
1.080358123779296875e+02
1.679604492187500000e+02
3.313714218139648438e+01
1.332411346435546875e+02
1.321828155517578125e+02
1.683336029052734375e+02
3.730442428588867188e+01
1.174895019531250000e+02
1.605861663818359375e+02
1.840785827636718750e+02
2.035730743408203125e+01
8.394612884521484375e+01
2.357940521240234375e+02
1.722039184570312500e+02
1.107232761383056641e+01
4.591374206542968750e+01
1.160135345458984375e+02
1.687765350341796875e+02
3.564063262939453125e+01
1.313493347167968750e+02
3.978550415039062500e+02
1.801237792968750000e+02
1.690943908691406250e+01
7.134052276611328125e+01
0.000000000000000000e+00
0.000000000000000000e+00
0.000000000000000000e+00
0.000000000000000000e+00
