2.895329589843750000e+02
1.647553405761718750e+02
3.780282974243164062e+01
1.360892333984375000e+02
1.243005981445312500e+02
1.724711151123046875e+02
2.572893714904785156e+01
9.516501617431640625e+01
1.578288116455078125e+02
1.769122314453125000e+02
1.006905841827392578e+01
4.354403305053710938e+01
1.576864166259765625e+02
1.811282501220703125e+02
8.886046409606933594e+00
4.098749160766601562e+01
2.887924194335937500e+02
1.522541809082031250e+02
3.707914352416992188e+01
1.392110900878906250e+02
9.303521728515625000e+01
1.753090820312500000e+02
2.673119544982910156e+01
1.015707321166992188e+02
3.185320434570312500e+02
1.741555328369140625e+02
2.664049911499023438e+01
1.118221130371093750e+02
9.111639404296875000e+01
1.792907714843750000e+02
2.673163414001464844e+01
8.056724548339843750e+01
2.720114440917968750e+02
1.700861053466796875e+02
8.111299514770507812e+00
3.809949874877929688e+01
3.134219360351562500e+02
1.677653503417968750e+02
3.494090652465820312e+01
1.282200012207031250e+02
1.237912597656250000e+02
1.814403533935546875e+02
2.431918716430664062e+01
8.961956787109375000e+01
2.847514038085937500e+02
1.600882263183593750e+02
3.706045532226562500e+01
1.411844329833984375e+02
3.646973876953125000e+02
1.706445007324218750e+02
2.173314857482910156e+01
5.804224014282226562e+01
2.021491394042968750e+02
1.661207885742187500e+02
7.928025245666503906e+00
3.259084320068359375e+01
8.900430297851562500e+01
1.693812255859375000e+02
3.578728485107421875e+01
1.123944549560546875e+02
8.738535308837890625e+01
1.666256408691406250e+02
3.682080078125000000e+01
1.110252456665039062e+02
3.983235778808593750e+02
1.496677246093750000e+02
1.602407646179199219e+01
1.029791870117187500e+02
0.000000000000000000e+00
0.000000000000000000e+00
0.000000000000000000e+00
0.000000000000000000e+00
