1.063728256225585938e+02
1.713359375000000000e+02
2.201334762573242188e+01
9.880039215087890625e+01
1.058773498535156250e+02
1.760747070312500000e+02
2.181112670898437500e+01
1.006123733520507812e+02
2.433391113281250000e+02
1.416179046630859375e+02
4.562383270263671875e+01
2.781781921386718750e+02
6.009782409667968750e+01
2.058291015625000000e+02
2.826269149780273438e+01
5.014326095581054688e+01
2.906234130859375000e+02
1.635013275146484375e+02
2.986966514587402344e+01
1.274973144531250000e+02
2.934327392578125000e+02
1.650104217529296875e+02
2.361340904235839844e+01
1.247926330566406250e+02
1.368808898925781250e+02
1.697471008300781250e+02
2.178864669799804688e+01
1.142897720336914062e+02
1.598403015136718750e+02
1.376911773681640625e+02
8.422377014160156250e+01
2.632666931152343750e+02
1.614952392578125000e+02
1.715599975585937500e+02
2.030991935729980469e+01
9.785982513427734375e+01
6.295074844360351562e+01
1.945657501220703125e+02
2.345863914489746094e+01
5.269902420043945312e+01
2.292623443603515625e+02
1.559062194824218750e+02
2.996692657470703125e+01
2.194378051757812500e+02
3.630194702148437500e+02
1.688907928466796875e+02
2.333377456665039062e+01
5.869738769531250000e+01
2.834993286132812500e+02
1.618942565917968750e+02
3.408224487304687500e+01
1.314380950927734375e+02
1.285091705322265625e+02
1.869020080566406250e+02
2.463033294677734375e+01
8.318278503417968750e+01
2.437562103271484375e+02
1.720490112304687500e+02
4.596529769897460938e+01
2.405705718994140625e+02
2.900725402832031250e+02
1.667145690917968750e+02
2.262242126464843750e+01
1.080330886840820312e+02
2.296788330078125000e+02
1.631071319580078125e+02
3.194631195068359375e+01
2.283819885253906250e+02
2.878288574218750000e+02
1.742859191894531250e+02
2.528675460815429688e+01
1.059789047241210938e+02
2.910032348632812500e+02
1.543332824707031250e+02
2.988358497619628906e+01
1.352022552490234375e+02
2.470345153808593750e+02
1.635544738769531250e+02
3.860145568847656250e+01
2.077026214599609375e+02
2.939293212890625000e+02
1.610620574951171875e+02
2.264205932617187500e+01
1.208955078125000000e+02
1.269489059448242188e+02
1.777460327148437500e+02
2.191936302185058594e+01
7.970766448974609375e+01
1.593740539550781250e+02
1.807629394531250000e+02
2.238205528259277344e+01
9.193543243408203125e+01
2.295453796386718750e+02
1.492494354248046875e+02
2.879335975646972656e+01
2.035993652343750000e+02
1.401095275878906250e+02
1.671577758789062500e+02
1.878564262390136719e+01
1.058322982788085938e+02
8.842928314208984375e+01
1.758041076660156250e+02
1.012557506561279297e+01
4.274989700317382812e+01
2.723027648925781250e+02
1.780486297607421875e+02
2.382237243652343750e+01
1.033131408691406250e+02
1.296490020751953125e+02
1.789091796875000000e+02
5.238643646240234375e+00
1.694866752624511719e+01
1.305069274902343750e+02
1.685921478271484375e+02
3.379626464843750000e+01
1.176712036132812500e+02
0.000000000000000000e+00
0.000000000000000000e+00
0.000000000000000000e+00
0.000000000000000000e+00
