1.544432220458984375e+02
1.765084533691406250e+02
2.173759269714355469e+01
8.693778991699218750e+01
1.157883148193359375e+02
1.690471801757812500e+02
3.578219223022460938e+01
1.287432403564453125e+02
2.162456359863281250e+02
1.722372741699218750e+02
1.005695533752441406e+01
3.068973159790039062e+01
2.730738830566406250e+02
1.704122772216796875e+02
8.869409561157226562e+00
3.900424957275390625e+01
1.084424133300781250e+02
1.687984924316406250e+02
3.444807052612304688e+01
1.290253753662109375e+02
1.370585327148437500e+02
1.742386627197265625e+02
1.931138801574707031e+01
1.075691223144531250e+02
3.627390747070312500e+02
1.673494873046875000e+02
2.346872329711914062e+01
6.791403198242187500e+01
1.276491699218750000e+02
1.664277648925781250e+02
2.231945419311523438e+01
1.316859130859375000e+02
1.551559906005859375e+02
1.907447814941406250e+02
2.057163619995117188e+01
7.147844696044921875e+01
1.394461517333984375e+02
1.740938720703125000e+02
1.770479011535644531e+01
9.311943817138671875e+01
1.031105957031250000e+02
1.757809753417968750e+02
1.181354522705078125e+01
4.255405426025390625e+01
3.987514648437500000e+02
1.485457458496093750e+02
1.574279880523681641e+01
1.033531036376953125e+02
2.357338867187500000e+02
1.716629180908203125e+02
1.068734645843505859e+01
4.659962844848632812e+01
0.000000000000000000e+00
0.000000000000000000e+00
0.000000000000000000e+00
0.000000000000000000e+00
