1.850633850097656250e+02
1.718433074951171875e+02
2.600302124023437500e+01
1.112962951660156250e+02
1.581607513427734375e+02
1.632442626953125000e+02
3.030818748474121094e+01
1.424413604736328125e+02
1.092698898315429688e+02
1.607702026367187500e+02
5.087962341308593750e+01
1.949086761474609375e+02
1.126676788330078125e+02
1.663884277343750000e+02
4.803265762329101562e+01
1.691833953857421875e+02
1.622721405029296875e+02
1.642135620117187500e+02
2.401102447509765625e+01
1.390876922607421875e+02
2.482093811035156250e+02
1.691332550048828125e+02
9.675486564636230469e+00
4.134784317016601562e+01
2.027257843017578125e+02
1.708543243408203125e+02
1.687307739257812500e+01
9.177625274658203125e+01
1.624811859130859375e+02
1.684929046630859375e+02
3.125784492492675781e+01
1.289202270507812500e+02
1.861290283203125000e+02
1.750147705078125000e+02
2.327745819091796875e+01
9.308761596679687500e+01
1.021329650878906250e+02
1.760287475585937500e+02
9.579936981201171875e+00
4.233418273925781250e+01
1.811885833740234375e+02
1.708582458496093750e+02
3.515251922607421875e+01
1.138066024780273438e+02
1.461964416503906250e+02
1.714392089843750000e+02
2.011456489562988281e+01
1.268898544311523438e+02
1.094815979003906250e+02
1.739178009033203125e+02
9.821963310241699219e+00
4.195712280273437500e+01
2.484563751220703125e+02
1.729070129394531250e+02
1.076439285278320312e+01
3.994560241699218750e+01
0.000000000000000000e+00
0.000000000000000000e+00
0.000000000000000000e+00
0.000000000000000000e+00
