1.287752685546875000e+02
1.575648345947265625e+02
3.795482635498046875e+01
1.269792861938476562e+02
2.890888595581054688e+01
1.693912811279296875e+02
4.343264770507812500e+01
1.323276977539062500e+02
7.255134582519531250e+01
1.659992980957031250e+02
3.387587738037109375e+01
1.412577972412109375e+02
2.312790374755859375e+02
1.550429687500000000e+02
5.611167144775390625e+01
2.421909179687500000e+02
2.736076164245605469e+01
1.682755279541015625e+02
3.921624374389648438e+01
1.335704345703125000e+02
1.044247512817382812e+02
1.731329650878906250e+02
2.123541259765625000e+01
1.071208648681640625e+02
1.298973693847656250e+02
1.665416564941406250e+02
3.696765899658203125e+01
1.184580230712890625e+02
2.099808654785156250e+02
1.638716735839843750e+02
3.120953559875488281e+01
1.959948883056640625e+02
2.314233398437500000e+02
1.667530059814453125e+02
4.475696563720703125e+01
2.202970886230468750e+02
1.942110595703125000e+02
1.687640686035156250e+02
1.548514938354492188e+01
6.841367340087890625e+01
2.093374938964843750e+02
1.606504821777343750e+02
3.291363906860351562e+01
1.820926971435546875e+02
1.555571289062500000e+02
1.724440765380859375e+02
1.042987251281738281e+01
6.378371810913085938e+01
2.345667114257812500e+02
1.579524536132812500e+02
5.697437286376953125e+01
2.190759735107421875e+02
2.070772552490234375e+02
1.658235931396484375e+02
3.125918197631835938e+01
1.919720153808593750e+02
2.045833129882812500e+02
1.616491088867187500e+02
3.526110076904296875e+01
1.800320434570312500e+02
2.698820495605468750e+02
1.716611938476562500e+02
8.355513572692871094e+00
3.457429885864257812e+01
3.629242858886718750e+02
1.674088592529296875e+02
2.293062400817871094e+01
6.344356918334960938e+01
2.943187332153320312e+01
1.714671630859375000e+02
4.498957061767578125e+01
1.395958709716796875e+02
1.366252899169921875e+02
1.724163818359375000e+02
2.729748916625976562e+01
1.085725555419921875e+02
7.813689422607421875e+01
1.742197265625000000e+02
2.396237754821777344e+01
1.222819671630859375e+02
1.062322082519531250e+02
1.712339782714843750e+02
1.915850639343261719e+01
1.001985855102539062e+02
1.233554306030273438e+02
1.571676330566406250e+02
3.776636886596679688e+01
1.246929321289062500e+02
1.955053863525390625e+02
1.674389038085937500e+02
1.198264789581298828e+01
7.238268280029296875e+01
1.395915832519531250e+02
1.707229461669921875e+02
2.437535858154296875e+01
9.415088653564453125e+01
9.978202819824218750e+01
1.701100616455078125e+02
1.758547592163085938e+01
1.172912673950195312e+02
1.223314743041992188e+02
1.782391510009765625e+02
5.179874420166015625e+00
1.801163482666015625e+01
0.000000000000000000e+00
0.000000000000000000e+00
0.000000000000000000e+00
0.000000000000000000e+00
