1.548334808349609375e+02
1.720126953125000000e+02
1.970199012756347656e+01
7.956077575683593750e+01
2.119210662841796875e+02
1.674045104980468750e+02
4.176364135742187500e+01
2.208111572265625000e+02
3.222516784667968750e+02
1.696667022705078125e+02
3.929896545410156250e+01
1.557911376953125000e+02
1.773786163330078125e+02
1.698459167480468750e+02
3.924221420288085938e+01
1.868986816406250000e+02
2.131988830566406250e+02
1.580883331298828125e+02
3.900947952270507812e+01
2.177969055175781250e+02
1.213057327270507812e+02
1.784170837402343750e+02
5.134826660156250000e+00
2.093920707702636719e+01
1.088496780395507812e+02
1.746020660400390625e+02
9.853365898132324219e+00
4.128764724731445312e+01
1.547281494140625000e+02
1.686311035156250000e+02
1.930229187011718750e+01
7.637667846679687500e+01
3.190532836914062500e+02
1.690863342285156250e+02
1.351687622070312500e+01
8.973339080810546875e+01
1.291364440917968750e+02
1.791297149658203125e+02
4.308277606964111328e+00
1.849328994750976562e+01
2.490371093750000000e+02
1.670550079345703125e+02
1.008089351654052734e+01
4.620635604858398438e+01
3.219054260253906250e+02
1.867997283935546875e+02
4.081775665283203125e+01
1.440173645019531250e+02
2.930327148437500000e+02
1.726199188232421875e+02
8.326376914978027344e+00
4.049323272705078125e+01
3.626973266601562500e+02
1.688999176025390625e+02
2.251067733764648438e+01
6.035412597656250000e+01
1.374504089355468750e+02
1.781189727783203125e+02
4.666545391082763672e+00
2.112921905517578125e+01
3.225999450683593750e+02
1.645675659179687500e+02
3.619334411621093750e+01
1.454720916748046875e+02
1.781258087158203125e+02
1.893176269531250000e+02
4.137942886352539062e+01
1.696813812255859375e+02
2.931445312500000000e+02
1.689366760253906250e+02
8.362282752990722656e+00
4.397505569458007812e+01
3.974240417480468750e+02
1.796916809082031250e+02
1.717032051086425781e+01
7.143272399902343750e+01
2.487277984619140625e+02
1.683789367675781250e+02
9.880942344665527344e+00
4.993112945556640625e+01
3.975878601074218750e+02
1.520898132324218750e+02
1.674842071533203125e+01
9.789066314697265625e+01
0.000000000000000000e+00
0.000000000000000000e+00
0.000000000000000000e+00
0.000000000000000000e+00
