3.920343017578125000e+01
1.547476196289062500e+02
4.154290390014648438e+01
1.578647003173828125e+02
2.277480010986328125e+02
1.503340454101562500e+02
4.628978729248046875e+01
2.522490386962890625e+02
4.524886322021484375e+01
1.534055786132812500e+02
3.968683242797851562e+01
1.607987518310546875e+02
3.185515136718750000e+02
1.677017517089843750e+02
9.978119850158691406e+00
4.249688339233398438e+01
1.581761932373046875e+02
1.799714813232421875e+02
1.158340549468994141e+01
4.856117630004882812e+01
1.909013366699218750e+02
1.616750183105468750e+02
4.001223754882812500e+01
2.024787750244140625e+02
2.285229339599609375e+02
1.501935119628906250e+02
4.503646469116210938e+01
2.312987518310546875e+02
3.952162551879882812e+01
1.655888214111328125e+02
4.180886077880859375e+01
1.516033325195312500e+02
3.635774230957031250e+02
1.686658935546875000e+02
2.169409370422363281e+01
6.674949645996093750e+01
1.046559677124023438e+02
1.745422973632812500e+02
1.058176326751708984e+01
4.219082641601562500e+01
8.020276641845703125e+01
1.775375976562500000e+02
1.169128131866455078e+01
4.175741577148437500e+01
1.214535751342773438e+02
1.776990814208984375e+02
5.496435642242431641e+00
2.078354835510253906e+01
1.879844207763671875e+02
1.683479919433593750e+02
3.721617889404296875e+01
1.886211547851562500e+02
7.896337890625000000e+01
1.792428131103515625e+02
1.315875339508056641e+01
4.480090332031250000e+01
3.899844055175781250e+02
1.532438354492187500e+02
2.596867370605468750e+01
1.857620086669921875e+02
1.497332611083984375e+02
1.805072174072265625e+02
1.034637451171875000e+01
4.714718627929687500e+01
2.545251846313476562e-01
1.883638916015625000e+02
2.499637603759765625e+01
1.131495285034179688e+02
3.922098693847656250e+02
1.361929626464843750e+02
2.325859069824218750e+01
1.982954559326171875e+02
0.000000000000000000e+00
0.000000000000000000e+00
0.000000000000000000e+00
0.000000000000000000e+00
