3.083013610839843750e+02
1.656094207763671875e+02
3.608628082275390625e+01
1.615471801757812500e+02
3.084066162109375000e+02
1.622975769042968750e+02
3.437001419067382812e+01
1.500244598388671875e+02
3.363919982910156250e+02
1.549178771972656250e+02
3.688177490234375000e+01
1.321285858154296875e+02
1.087346725463867188e+02
1.741602478027343750e+02
1.145031929016113281e+01
4.298778915405273438e+01
2.105024261474609375e+02
1.490245666503906250e+02
4.231090927124023438e+01
2.603115234375000000e+02
1.751252746582031250e+02
1.617715759277343750e+02
3.796479797363281250e+01
1.965844116210937500e+02
3.348163452148437500e+02
1.661250152587890625e+02
3.873389053344726562e+01
1.208408737182617188e+02
1.744835052490234375e+02
1.549729003906250000e+02
3.931386184692382812e+01
1.930642547607421875e+02
1.719687194824218750e+02
1.652214050292968750e+02
3.670146942138671875e+01
1.884875946044921875e+02
8.462247467041015625e+01
1.758997344970703125e+02
1.153285312652587891e+01
4.467276763916015625e+01
1.213661346435546875e+02
1.769400482177734375e+02
5.749459743499755859e+00
2.214156913757324219e+01
1.535857849121093750e+02
1.748883666992187500e+02
1.738923454284667969e+01
7.367031097412109375e+01
1.712101135253906250e+02
1.604213256835937500e+02
3.747322082519531250e+01
1.818385162353515625e+02
1.474047088623046875e+02
1.784531555175781250e+02
2.044650077819824219e+01
6.513105773925781250e+01
3.312390441894531250e+02
1.613307800292968750e+02
3.754788589477539062e+01
1.317472991943359375e+02
3.339193420410156250e+02
1.575435485839843750e+02
3.318127059936523438e+01
1.269184036254882812e+02
2.877351074218750000e+02
1.689909667968750000e+02
7.921434879302978516e+00
4.263502502441406250e+01
1.472936859130859375e+02
1.711124420166015625e+02
1.905561447143554688e+01
7.003665924072265625e+01
2.140537414550781250e+02
1.618125457763671875e+02
3.895243835449218750e+01
2.091852111816406250e+02
2.386741485595703125e+02
1.666583709716796875e+02
1.554499435424804688e+01
6.900992584228515625e+01
1.289288330078125000e+02
1.791712799072265625e+02
5.474490642547607422e+00
1.803449821472167969e+01
1.375111083984375000e+02
1.767157287597656250e+02
4.868920326232910156e+00
2.155114746093750000e+01
3.641535339355468750e+02
1.685669250488281250e+02
2.194383621215820312e+01
6.499199676513671875e+01
2.875839233398437500e+02
1.732854461669921875e+02
8.067800521850585938e+00
4.015092849731445312e+01
1.533896179199218750e+02
1.678027801513671875e+02
1.676146316528320312e+01
7.763281250000000000e+01
8.387291717529296875e+01
1.788934173583984375e+02
1.249133300781250000e+01
4.415109252929687500e+01
3.063013305664062500e+02
1.868570556640625000e+02
3.986544799804687500e+01
1.428561553955078125e+02
2.490296783447265625e+02
1.681979827880859375e+02
7.224090099334716797e+00
3.901318359375000000e+01
2.109886779785156250e+02
1.747145996093750000e+02
4.104150009155273438e+01
2.323291625976562500e+02
0.000000000000000000e+00
0.000000000000000000e+00
0.000000000000000000e+00
0.000000000000000000e+00
