2.194872589111328125e+02
1.638345336914062500e+02
2.594231986999511719e+01
1.018411102294921875e+02
2.038466186523437500e+02
1.686817779541015625e+02
2.098654937744140625e+01
8.949108886718750000e+01
2.465180969238281250e+02
1.669714965820312500e+02
2.780200386047363281e+01
1.064418182373046875e+02
2.430793457031250000e+02
1.621523590087890625e+02
3.521040344238281250e+01
1.153777999877929688e+02
3.635908813476562500e+02
1.422248229980468750e+02
5.094585418701171875e+01
2.799987182617187500e+02
1.378559722900390625e+02
1.755386352539062500e+02
8.843567848205566406e+00
3.963801574707031250e+01
2.475444030761718750e+02
1.740788879394531250e+02
2.719080734252929688e+01
1.031234588623046875e+02
3.564053344726562500e+02
1.524186859130859375e+02
5.014633941650390625e+01
2.611220397949218750e+02
3.610353393554687500e+02
1.546463165283203125e+02
5.417352676391601562e+01
2.723547668457031250e+02
1.543327636718750000e+02
1.716851196289062500e+02
8.043706893920898438e+00
3.803322601318359375e+01
1.541596069335937500e+02
1.757637176513671875e+02
8.811675071716308594e+00
3.576425552368164062e+01
1.193850173950195312e+02
1.717416229248046875e+02
1.030358791351318359e+01
3.594647598266601562e+01
1.424890441894531250e+02
1.750531768798828125e+02
8.388076782226562500e+00
3.818990707397460938e+01
3.554767761230468750e+02
1.667720489501953125e+02
5.268112945556640625e+01
2.477630310058593750e+02
2.130516204833984375e+02
1.594966583251953125e+02
3.712916946411132812e+01
1.099731063842773438e+02
1.259997863769531250e+02
1.737039184570312500e+02
8.067133903503417969e+00
3.346948623657226562e+01
1.442195129394531250e+02
1.734042510986328125e+02
7.561487674713134766e+00
3.470379257202148438e+01
2.434011230468750000e+02
1.681674499511718750e+02
3.495588302612304688e+01
1.142087936401367188e+02
3.694472656250000000e+02
1.744787750244140625e+02
4.272685623168945312e+01
1.787118835449218750e+02
0.000000000000000000e+00
0.000000000000000000e+00
0.000000000000000000e+00
0.000000000000000000e+00
