1.721888732910156250e+02
1.643604583740234375e+02
2.894807243347167969e+01
1.414721374511718750e+02
1.991095733642578125e+02
1.713325805664062500e+02
3.459682464599609375e+01
1.204197692871093750e+02
2.025983123779296875e+02
1.735956420898437500e+02
2.812664413452148438e+01
1.179036560058593750e+02
1.729331207275390625e+02
1.661507110595703125e+02
2.683053398132324219e+01
1.361567993164062500e+02
2.486386108398437500e+02
1.720273895263671875e+02
1.244960308074951172e+01
4.192748641967773438e+01
2.486242065429687500e+02
1.696884765625000000e+02
1.143342494964599609e+01
4.280286407470703125e+01
1.317794647216796875e+02
1.663668518066406250e+02
4.672822189331054688e+01
1.921002807617187500e+02
1.225700073242187500e+02
1.744216461181640625e+02
1.352856063842773438e+01
6.198067092895507812e+01
1.216202392578125000e+02
1.675205078125000000e+02
1.647296333312988281e+01
7.245762634277343750e+01
1.337722625732421875e+02
1.681201324462890625e+02
4.524649429321289062e+01
1.637702026367187500e+02
1.714584960937500000e+02
1.687334594726562500e+02
3.016276931762695312e+01
1.455366516113281250e+02
2.192929687500000000e+02
1.697765808105468750e+02
2.119306945800781250e+01
9.720059967041015625e+01
1.090314254760742188e+02
1.731542968750000000e+02
1.045245647430419922e+01
4.445095062255859375e+01
2.382686614990234375e+02
1.708078002929687500e+02
8.248569488525390625e+00
3.626360321044921875e+01
1.163264846801757812e+02
1.691345520019531250e+02
1.828541183471679688e+01
6.541361236572265625e+01
1.231758346557617188e+02
1.792581787109375000e+02
1.240314960479736328e+01
5.946952056884765625e+01
2.507842559814453125e+02
1.729201049804687500e+02
1.170584392547607422e+01
4.036537933349609375e+01
1.036427459716796875e+02
1.749008178710937500e+02
9.516900062561035156e+00
4.312107849121093750e+01
0.000000000000000000e+00
0.000000000000000000e+00
0.000000000000000000e+00
0.000000000000000000e+00
