3.574311218261718750e+02
1.648453369140625000e+02
4.400065231323242188e+01
1.292892913818359375e+02
2.918547058105468750e+02
1.701975708007812500e+02
3.312400436401367188e+01
1.462640533447265625e+02
1.450504608154296875e+02
1.752382659912109375e+02
1.843572807312011719e+01
6.925402069091796875e+01
2.922514038085937500e+02
1.645565795898437500e+02
3.103105354309082031e+01
1.454695892333984375e+02
1.443165435791015625e+02
1.714788513183593750e+02
1.887074661254882812e+01
7.020722198486328125e+01
1.694533233642578125e+02
1.739640197753906250e+02
3.760859298706054688e+01
1.750393676757812500e+02
1.090562896728515625e+02
1.745428924560546875e+02
1.106501197814941406e+01
4.245384597778320312e+01
2.061315765380859375e+02
1.693801269531250000e+02
4.644613647460937500e+01
2.163165893554687500e+02
3.562476196289062500e+02
1.575612030029296875e+02
4.211666107177734375e+01
1.290425720214843750e+02
2.419530944824218750e+02
1.696715850830078125e+02
8.535365104675292969e+00
3.979258346557617188e+01
2.100442810058593750e+02
1.679651184082031250e+02
4.205826568603515625e+01
1.963866424560546875e+02
2.486351470947265625e+02
1.679649810791015625e+02
6.847283363342285156e+00
4.202766799926757812e+01
1.214712905883789062e+02
1.780739440917968750e+02
5.658584594726562500e+00
2.172058296203613281e+01
1.994940490722656250e+02
1.654668579101562500e+02
4.290306472778320312e+01
2.247781219482421875e+02
3.972772521972656250e+02
1.769424438476562500e+02
1.677950096130371094e+01
7.597920227050781250e+01
2.807720947265625000e+02
1.643240814208984375e+02
1.083514404296875000e+01
4.854242324829101562e+01
8.577669525146484375e+01
1.779528808593750000e+02
1.074570274353027344e+01
4.009249114990234375e+01
1.371829528808593750e+02
1.773504638671875000e+02
4.871351718902587891e+00
2.039789390563964844e+01
1.291469879150390625e+02
1.788765869140625000e+02
5.169521331787109375e+00
1.988492774963378906e+01
1.685984802246093750e+02
1.670313720703125000e+02
3.782550811767578125e+01
1.730428924560546875e+02
1.749753723144531250e+02
1.696075439453125000e+02
3.815044021606445312e+01
1.860259552001953125e+02
3.583592529296875000e+02
1.698075408935546875e+02
5.438656234741210938e+01
1.255486526489257812e+02
2.414503631591796875e+02
1.710548706054687500e+02
8.801054954528808594e+00
4.662104797363281250e+01
0.000000000000000000e+00
0.000000000000000000e+00
0.000000000000000000e+00
0.000000000000000000e+00
