5.259531784057617188e+01
1.617744140625000000e+02
4.554750823974609375e+01
1.485289764404296875e+02
2.284140930175781250e+02
1.503204040527343750e+02
4.565634155273437500e+01
2.319123992919921875e+02
5.209696197509765625e+01
1.664660034179687500e+02
4.713843917846679688e+01
1.514986267089843750e+02
2.285371093750000000e+02
1.562860412597656250e+02
4.599964904785156250e+01
2.380569915771484375e+02
1.924673461914062500e+02
1.626318664550781250e+02
3.839598846435546875e+01
1.981561126708984375e+02
3.303448677062988281e+00
1.641929321289062500e+02
2.768473243713378906e+01
1.435132904052734375e+02
1.606178283691406250e+00
1.610170288085937500e+02
2.642630386352539062e+01
1.485844573974609375e+02
1.585720062255859375e+02
1.812164306640625000e+02
1.067881965637207031e+01
4.592277526855468750e+01
1.125417709350585938e+00
1.714251403808593750e+02
2.270272254943847656e+01
1.258175201416015625e+02
3.219827575683593750e+02
1.666336059570312500e+02
9.993344306945800781e+00
4.452195739746093750e+01
1.042735595703125000e+02
1.756071624755859375e+02
1.057177257537841797e+01
4.156877899169921875e+01
1.216098480224609375e+02
1.776476287841796875e+02
5.365683555603027344e+00
1.962585830688476562e+01
3.628709106445312500e+02
1.687680053710937500e+02
2.273073959350585938e+01
6.330247497558593750e+01
3.257719726562500000e+02
1.669148406982421875e+02
9.712083816528320312e+00
4.305074691772460938e+01
5.673024749755859375e+01
1.625034027099609375e+02
4.801794433593750000e+01
1.450475158691406250e+02
1.923268585205078125e+02
1.478598022460937500e+02
4.047161483764648438e+01
2.110197906494140625e+02
4.874895095825195312e+00
1.707718353271484375e+02
2.443717956542968750e+01
1.299513854980468750e+02
1.223490715026855469e+00
1.721716003417968750e+02
2.720939826965332031e+01
1.407503204345703125e+02
1.486495513916015625e+02
1.821753997802734375e+02
1.123527050018310547e+01
4.534046554565429688e+01
2.592651367187500000e+00
1.728693695068359375e+02
2.884414291381835938e+01
1.380122375488281250e+02
0.000000000000000000e+00
0.000000000000000000e+00
0.000000000000000000e+00
0.000000000000000000e+00
