1.520356140136718750e+02
1.660637054443359375e+02
2.472344779968261719e+01
1.307917480468750000e+02
1.761676788330078125e+02
1.728305358886718750e+02
2.288341903686523438e+01
9.667578887939453125e+01
1.183432922363281250e+02
1.645199890136718750e+02
3.943795394897460938e+01
1.679484558105468750e+02
1.742395019531250000e+02
1.754175262451171875e+02
2.262100219726562500e+01
1.012154235839843750e+02
1.497856140136718750e+02
1.671143951416015625e+02
3.064295005798339844e+01
1.312582397460937500e+02
1.033634262084960938e+02
1.770562591552734375e+02
1.000279808044433594e+01
4.013409042358398438e+01
2.079478607177734375e+02
1.688938903808593750e+02
8.761405944824218750e+00
3.581947326660156250e+01
1.185642852783203125e+02
1.674378356933593750e+02
3.706909179687500000e+01
1.355649566650390625e+02
2.623616333007812500e+02
1.710002136230468750e+02
7.648224830627441406e+00
3.753674697875976562e+01
0.000000000000000000e+00
0.000000000000000000e+00
0.000000000000000000e+00
0.000000000000000000e+00
