5.427217483520507812e+01
1.582868347167968750e+02
4.446779632568359375e+01
1.563254241943359375e+02
5.336267852783203125e+01
1.699326019287109375e+02
4.536449813842773438e+01
1.443402709960937500e+02
3.465395927429199219e+00
1.661692810058593750e+02
2.911197471618652344e+01
1.406277160644531250e+02
1.924809570312500000e+02
1.611443939208984375e+02
3.880043029785156250e+01
2.013324279785156250e+02
2.290780334472656250e+02
1.480292663574218750e+02
4.444813156127929688e+01
2.371664428710937500e+02
2.287017517089843750e+02
1.558803100585937500e+02
4.604241943359375000e+01
2.398023223876953125e+02
1.584612731933593750e+02
1.812620697021484375e+02
1.118478488922119141e+01
4.692971038818359375e+01
3.247108459472656250e+02
1.660269927978515625e+02
1.122202205657958984e+01
4.532347869873046875e+01
5.891812133789062500e+01
1.598120117187500000e+02
4.404449081420898438e+01
1.521361236572265625e+02
1.213065261840820312e+02
1.774950103759765625e+02
5.736510753631591797e+00
1.999864006042480469e+01
3.357713699340820312e+00
1.750961914062500000e+02
2.907053375244140625e+01
1.328577117919921875e+02
5.569536209106445312e+00
1.763389434814453125e+02
2.555118179321289062e+01
1.190582656860351562e+02
4.785346031188964844e+00
1.827201843261718750e+02
2.677281761169433594e+01
1.192134857177734375e+02
1.928649291992187500e+02
1.478332214355468750e+02
3.954814529418945312e+01
2.114496307373046875e+02
1.041763076782226562e+02
1.750323028564453125e+02
1.068979930877685547e+01
4.178763198852539062e+01
3.630543518066406250e+02
1.678749542236328125e+02
2.281342506408691406e+01
6.566527557373046875e+01
1.289496307373046875e+02
1.777308349609375000e+02
4.958631515502929688e+00
1.944406318664550781e+01
0.000000000000000000e+00
0.000000000000000000e+00
0.000000000000000000e+00
0.000000000000000000e+00
