3.629349670410156250e+02
1.623902587890625000e+02
5.132506179809570312e+01
1.331491241455078125e+02
1.445205078125000000e+02
1.743437194824218750e+02
1.759575462341308594e+01
7.214980316162109375e+01
2.844671020507812500e+02
1.718633422851562500e+02
3.205854034423828125e+01
1.450389862060546875e+02
1.694665222167968750e+02
1.728751525878906250e+02
3.552695083618164062e+01
1.771963653564453125e+02
2.791228942871093750e+02
1.649452514648437500e+02
1.074890518188476562e+01
4.730145645141601562e+01
2.849110717773437500e+02
1.623630218505859375e+02
3.134852600097656250e+01
1.482984924316406250e+02
1.981041412353515625e+02
1.638796386718750000e+02
4.296971893310546875e+01
2.293800201416015625e+02
1.089471664428710938e+02
1.739951019287109375e+02
1.061314296722412109e+01
4.306055068969726562e+01
3.636226196289062500e+02
1.575778808593750000e+02
4.923908615112304688e+01
1.270319290161132812e+02
1.433016204833984375e+02
1.718595733642578125e+02
1.838003540039062500e+01
6.943422698974609375e+01
2.397639465332031250e+02
1.680135955810546875e+02
9.940868377685546875e+00
4.391238403320312500e+01
1.214100036621093750e+02
1.774083862304687500e+02
6.311225891113281250e+00
2.293867301940917969e+01
2.389693603515625000e+02
1.696509246826171875e+02
1.045148181915283203e+01
4.820116043090820312e+01
3.576811218261718750e+02
1.681815338134765625e+02
5.052875900268554688e+01
1.219258422851562500e+02
1.683682861328125000e+02
1.675033569335937500e+02
3.665298843383789062e+01
1.720733947753906250e+02
2.099084930419921875e+02
1.786917419433593750e+02
4.210003280639648438e+01
1.984819793701171875e+02
8.618111419677734375e+01
1.782955474853515625e+02
1.062965583801269531e+01
3.820417404174804688e+01
1.294743194580078125e+02
1.790713500976562500e+02
5.457990169525146484e+00
1.994081115722656250e+01
2.863407287597656250e+02
1.912256774902343750e+02
2.590606117248535156e+01
1.096169738769531250e+02
2.486888122558593750e+02
1.670892639160156250e+02
6.981490135192871094e+00
3.914495468139648438e+01
1.371730804443359375e+02
1.786537933349609375e+02
4.998746395111083984e+00
1.919347000122070312e+01
2.865006103515625000e+02
1.834737396240234375e+02
2.620338249206542969e+01
9.925604248046875000e+01
0.000000000000000000e+00
0.000000000000000000e+00
0.000000000000000000e+00
0.000000000000000000e+00
