2.704913330078125000e+02
1.657210540771484375e+02
2.159994697570800781e+01
9.694434356689453125e+01
1.751356353759765625e+02
1.707283630371093750e+02
1.685097885131835938e+01
8.437732696533203125e+01
5.752853393554687500e+00
1.565517578125000000e+02
5.868055725097656250e+01
1.590411529541015625e+02
5.551046371459960938e+00
1.593308258056640625e+02
5.983523941040039062e+01
1.673459167480468750e+02
3.899638366699218750e+02
1.668719177246093750e+02
2.651013755798339844e+01
1.894952392578125000e+02
1.069487533569335938e+02
1.762286682128906250e+02
1.161515140533447266e+01
4.145051956176757812e+01
3.907702941894531250e+02
1.568688201904296875e+02
2.490095901489257812e+01
1.868055114746093750e+02
2.267955474853515625e+02
1.585145263671875000e+02
4.229561614990234375e+01
2.131216888427734375e+02
1.049518585205078125e+02
1.753693847656250000e+02
1.145801925659179688e+01
4.234715270996093750e+01
2.244879608154296875e+02
1.552019653320312500e+02
4.433739089965820312e+01
2.425856170654296875e+02
1.865375518798828125e+02
1.626716766357421875e+02
3.744562530517578125e+01
1.986492614746093750e+02
4.686660766601562500e+00
1.539807128906250000e+02
4.967584991455078125e+01
1.642269134521484375e+02
2.607300415039062500e+02
1.706959838867187500e+02
9.209327697753906250e+00
3.904299926757812500e+01
3.736705627441406250e+02
1.541707153320312500e+02
2.893580627441406250e+01
1.629085540771484375e+02
3.094839782714843750e+02
1.660912628173828125e+02
9.995646476745605469e+00
4.644987106323242188e+01
7.931353759765625000e+01
1.795468750000000000e+02
1.215876865386962891e+01
4.398147201538085938e+01
3.751703491210937500e+02
1.600192871093750000e+02
2.958366775512695312e+01
1.729425506591796875e+02
7.985020446777343750e+01
1.781987609863281250e+02
1.166541004180908203e+01
4.026501083374023438e+01
1.573106384277343750e+02
1.808854522705078125e+02
1.099296379089355469e+01
4.813978958129882812e+01
1.856923675537109375e+02
1.562839050292968750e+02
3.748831558227539062e+01
1.909646148681640625e+02
1.741110229492187500e+02
1.684888610839843750e+02
1.756849479675292969e+01
7.502705383300781250e+01
1.211675109863281250e+02
1.769555816650390625e+02
4.915112495422363281e+00
2.150083351135253906e+01
1.906315765380859375e+02
1.605733337402343750e+02
3.984085083007812500e+01
2.047967987060546875e+02
2.311569519042968750e+02
1.710156555175781250e+02
4.075272369384765625e+01
1.599298400878906250e+02
0.000000000000000000e+00
0.000000000000000000e+00
0.000000000000000000e+00
0.000000000000000000e+00
