1.172672958374023438e+02
1.619138793945312500e+02
3.205101013183593750e+01
1.292270812988281250e+02
2.695690155029296875e+00
1.639363403320312500e+02
3.957713317871093750e+01
1.452396392822265625e+02
5.338468170166015625e+01
1.676572723388671875e+02
3.419316482543945312e+01
1.391326904296875000e+02
5.416308975219726562e+01
1.666685180664062500e+02
3.147297096252441406e+01
1.497450866699218750e+02
1.171305618286132812e+02
1.564354553222656250e+02
3.430442428588867188e+01
1.311435394287109375e+02
3.128229141235351562e+00
1.700553131103515625e+02
3.982030868530273438e+01
1.434934387207031250e+02
1.579176483154296875e+02
1.797327270507812500e+02
9.855729103088378906e+00
4.797062683105468750e+01
2.079536895751953125e+02
1.632791442871093750e+02
3.608709716796875000e+01
1.966889648437500000e+02
2.307569885253906250e+02
1.573503875732421875e+02
5.504447937011718750e+01
2.378365783691406250e+02
7.948467254638671875e+01
1.707734832763671875e+02
2.785804748535156250e+01
1.160352478027343750e+02
2.297452850341796875e+02
1.661208496093750000e+02
4.667447280883789062e+01
2.211008453369140625e+02
2.048510894775390625e+02
1.664148254394531250e+02
3.526725387573242188e+01
1.902435302734375000e+02
1.199311447143554688e+02
1.669654083251953125e+02
2.812983894348144531e+01
1.219083938598632812e+02
7.601811981201171875e+01
1.676813659667968750e+02
3.554017257690429688e+01
1.232070312500000000e+02
7.958631896972656250e+01
1.681585083007812500e+02
3.606911468505859375e+01
1.209787521362304688e+02
2.073664550781250000e+02
1.565158233642578125e+02
3.656142425537109375e+01
1.916357421875000000e+02
2.306958618164062500e+02
1.599784545898437500e+02
5.903392791748046875e+01
2.147454071044921875e+02
2.043295288085937500e+02
1.594737091064453125e+02
3.624386596679687500e+01
1.862839050292968750e+02
2.291317749023437500e+02
1.597103271484375000e+02
4.537670898437500000e+01
2.157882690429687500e+02
1.493883972167968750e+02
1.828042297363281250e+02
9.103826522827148438e+00
4.264399719238281250e+01
3.631975097656250000e+02
1.677590179443359375e+02
2.294169998168945312e+01
6.421261596679687500e+01
1.126597213745117188e+02
1.760910644531250000e+02
6.043271541595458984e+00
2.314986991882324219e+01
8.291481018066406250e+01
1.713528137207031250e+02
2.895021820068359375e+01
1.158127593994140625e+02
0.000000000000000000e+00
0.000000000000000000e+00
0.000000000000000000e+00
0.000000000000000000e+00
