1.489694671630859375e+02
1.679276885986328125e+02
2.093095588684082031e+01
1.015515060424804688e+02
1.510652770996093750e+02
1.641930084228515625e+02
1.911019325256347656e+01
1.092143020629882812e+02
1.911192474365234375e+02
1.593765563964843750e+02
2.179443168640136719e+01
1.243447494506835938e+02
1.899662017822265625e+02
1.694995880126953125e+02
2.263084793090820312e+01
1.120948562622070312e+02
4.119364929199218750e+01
1.886179504394531250e+02
2.587979125976562500e+01
8.545898437500000000e+01
3.689990844726562500e+02
1.547962188720703125e+02
4.258547210693359375e+01
1.935677490234375000e+02
3.662751464843750000e+02
1.574844818115234375e+02
4.683070755004882812e+01
2.044909973144531250e+02
2.788407592773437500e+02
1.554707946777343750e+02
3.876276779174804688e+01
2.242422485351562500e+02
3.105413208007812500e+02
1.564419097900390625e+02
3.006032943725585938e+01
2.181300354003906250e+02
2.776109008789062500e+02
1.640879364013671875e+02
4.182055664062500000e+01
2.226476135253906250e+02
3.115903625488281250e+02
1.571415710449218750e+02
2.800102424621582031e+01
1.871767730712890625e+02
1.836365966796875000e+02
1.581720581054687500e+02
3.397509002685546875e+01
1.247132186889648438e+02
3.322540283203125000e+02
1.655498504638671875e+02
4.953301620483398438e+01
1.972144470214843750e+02
1.203353424072265625e+02
1.753761596679687500e+02
7.648969173431396484e+00
2.984757614135742188e+01
2.148810424804687500e+02
1.705458221435546875e+02
2.152611923217773438e+01
9.420606231689453125e+01
2.091873321533203125e+02
1.715612792968750000e+02
2.205862617492675781e+01
9.389625549316406250e+01
3.252843017578125000e+02
1.553529815673828125e+02
4.290839004516601562e+01
2.207820739746093750e+02
3.692287292480468750e+02
1.583534393310546875e+02
4.201532745361328125e+01
1.543059997558593750e+02
7.956452178955078125e+01
1.834609985351562500e+02
1.198351669311523438e+01
3.866124343872070312e+01
2.533473815917968750e+02
1.712499237060546875e+02
9.157362937927246094e+00
3.316971969604492188e+01
1.371974334716796875e+02
1.767949218750000000e+02
5.212679386138916016e+00
2.173334312438964844e+01
8.043695068359375000e+01
1.784030609130859375e+02
1.113755702972412109e+01
4.028561019897460938e+01
1.499316711425781250e+02
1.741483612060546875e+02
1.878419876098632812e+01
1.019185791015625000e+02
0.000000000000000000e+00
0.000000000000000000e+00
0.000000000000000000e+00
0.000000000000000000e+00
