1.040625305175781250e+02
1.699203338623046875e+02
2.446659469604492188e+01
1.244717025756835938e+02
3.938611145019531250e+02
1.499873809814453125e+02
2.222520065307617188e+01
1.722546081542968750e+02
3.925933837890625000e+02
1.552482452392578125e+02
2.417669296264648438e+01
1.774599914550781250e+02
9.941262054443359375e+01
1.685483398437500000e+02
3.169240760803222656e+01
1.261913452148437500e+02
1.377873840332031250e+02
1.719788055419921875e+02
2.283039474487304688e+01
9.215529632568359375e+01
1.314185943603515625e+02
1.680407714843750000e+02
2.193938064575195312e+01
1.055086364746093750e+02
3.275939636230468750e+02
1.669787139892578125e+02
9.681031227111816406e+00
4.662709426879882812e+01
1.302905883789062500e+02
1.807769775390625000e+02
2.423036193847656250e+01
9.129962921142578125e+01
2.732179260253906250e+02
1.686511383056640625e+02
8.140542030334472656e+00
4.085146713256835938e+01
3.262981872558593750e+02
1.711460723876953125e+02
1.091623020172119141e+01
4.403831863403320312e+01
1.349746246337890625e+02
1.799848022460937500e+02
2.264986801147460938e+01
9.531901550292968750e+01
9.439456176757812500e+01
1.723411865234375000e+02
3.316659164428710938e+01
1.229053802490234375e+02
3.630571899414062500e+02
1.677347869873046875e+02
2.140318298339843750e+01
6.722747039794921875e+01
3.988306884765625000e+02
1.472125244140625000e+02
1.595032501220703125e+01
1.761959381103515625e+02
1.603396911621093750e+02
1.746441497802734375e+02
8.466710090637207031e+00
4.181647109985351562e+01
3.978515319824218750e+02
1.543981781005859375e+02
1.734946823120117188e+01
1.815258178710937500e+02
0.000000000000000000e+00
0.000000000000000000e+00
0.000000000000000000e+00
0.000000000000000000e+00
