1.420194549560546875e+02
1.659423217773437500e+02
2.339961624145507812e+01
1.069046554565429688e+02
1.756332397460937500e+02
1.780447540283203125e+02
2.867554664611816406e+01
9.923638153076171875e+01
2.049785461425781250e+02
1.675506134033203125e+02
2.429450035095214844e+01
9.332488250732421875e+01
2.604694213867187500e+02
1.668422241210937500e+02
4.849559783935546875e+01
2.227804565429687500e+02
1.810511779785156250e+02
1.737156524658203125e+02
2.285633850097656250e+01
1.094588928222656250e+02
2.944561157226562500e+02
1.604208374023437500e+02
7.988935089111328125e+01
2.434307250976562500e+02
5.636902999877929688e+01
1.884998474121093750e+02
3.168865394592285156e+01
8.073325347900390625e+01
2.645512390136718750e+02
1.615998535156250000e+02
5.115230178833007812e+01
2.357400360107421875e+02
3.551615600585937500e+02
1.595777130126953125e+02
3.227524948120117188e+01
1.456448059082031250e+02
3.204350585937500000e+02
1.723234863281250000e+02
4.961383438110351562e+01
2.136038665771484375e+02
5.856364059448242188e+01
1.859073486328125000e+02
2.815700340270996094e+01
6.899705505371093750e+01
2.368424987792968750e+02
1.650810241699218750e+02
1.201869773864746094e+01
6.519412231445312500e+01
1.203916320800781250e+02
1.746281280517578125e+02
8.222572326660156250e+00
2.972360229492187500e+01
3.548459472656250000e+02
1.564067077636718750e+02
3.234698867797851562e+01
1.785489501953125000e+02
1.704808959960937500e+02
1.728878173828125000e+02
3.648707962036132812e+01
1.088347625732421875e+02
2.984078063964843750e+02
1.652745361328125000e+02
7.533448791503906250e+01
2.519438018798828125e+02
1.424263916015625000e+02
1.778991699218750000e+02
2.247882270812988281e+01
9.605774688720703125e+01
2.667680053710937500e+02
1.617866516113281250e+02
3.824694061279296875e+01
2.151793212890625000e+02
3.007756347656250000e+02
1.245206604003906250e+02
5.479117965698242188e+01
3.127694702148437500e+02
2.986645812988281250e+02
1.512726745605468750e+02
5.864279556274414062e+01
2.831770629882812500e+02
2.542550659179687500e+02
1.708947448730468750e+02
8.546078681945800781e+00
3.339863204956054688e+01
2.370255889892578125e+02
1.746659240722656250e+02
1.232528781890869141e+01
5.519173431396484375e+01
1.147683563232421875e+02
1.781176910400390625e+02
5.397360801696777344e+00
2.302337455749511719e+01
2.954619445800781250e+02
1.506593475341796875e+02
3.325284576416015625e+01
2.297129211425781250e+02
0.000000000000000000e+00
0.000000000000000000e+00
0.000000000000000000e+00
0.000000000000000000e+00
