2.447802734375000000e+02
1.708025207519531250e+02
3.237866973876953125e+01
1.297702026367187500e+02
2.444771881103515625e+02
1.771285095214843750e+02
3.243819427490234375e+01
1.289766387939453125e+02
1.313892211914062500e+02
1.766381988525390625e+02
1.784582901000976562e+01
6.547577667236328125e+01
1.307244415283203125e+02
1.719230041503906250e+02
1.744965171813964844e+01
6.898575592041015625e+01
1.976485900878906250e+02
1.570615844726562500e+02
3.464022445678710938e+01
1.757556610107421875e+02
1.093797454833984375e+02
1.743226928710937500e+02
1.052605152130126953e+01
4.291484069824218750e+01
1.975380096435546875e+02
1.617306518554687500e+02
3.464554214477539062e+01
1.481264038085937500e+02
1.614319458007812500e+02
1.699304046630859375e+02
4.917893981933593750e+01
1.874852600097656250e+02
1.697130432128906250e+02
1.715787658691406250e+02
5.338761138916015625e+01
2.111079559326171875e+02
2.308114929199218750e+02
1.716344604492187500e+02
1.113534259796142578e+01
4.674473571777343750e+01
2.492308044433593750e+02
1.762900238037109375e+02
2.709455680847167969e+01
1.169481506347656250e+02
1.338739624023437500e+02
1.784810791015625000e+02
1.305816650390625000e+01
6.197304534912109375e+01
1.615903167724609375e+02
1.837141418457031250e+02
5.173236083984375000e+01
1.848949737548828125e+02
1.330700988769531250e+02
1.748380126953125000e+02
1.334743499755859375e+01
6.213798522949218750e+01
2.405620574951171875e+02
1.693444976806640625e+02
7.404073715209960938e+00
4.151709365844726562e+01
1.570151367187500000e+02
1.581179199218750000e+02
8.320486450195312500e+01
2.252096710205078125e+02
2.463943023681640625e+02
1.902106781005859375e+02
2.915354537963867188e+01
1.075893249511718750e+02
1.222708587646484375e+02
1.780229492187500000e+02
5.976245403289794922e+00
2.208241653442382812e+01
1.566579742431640625e+02
1.740355529785156250e+02
3.263301467895507812e+01
1.478238677978515625e+02
3.981739807128906250e+02
1.503046264648437500e+02
1.662419128417968750e+01
9.964998626708984375e+01
1.717967681884765625e+02
1.631903076171875000e+02
4.897796630859375000e+01
2.041650543212890625e+02
0.000000000000000000e+00
0.000000000000000000e+00
0.000000000000000000e+00
0.000000000000000000e+00
