1.238023757934570312e+02
1.714642181396484375e+02
2.591108703613281250e+01
9.911284637451171875e+01
3.377611694335937500e+02
1.581545104980468750e+02
3.640286254882812500e+01
1.517547760009765625e+02
3.165092773437500000e+02
1.547109985351562500e+02
5.558215332031250000e+01
1.566645050048828125e+02
3.142497558593750000e+02
1.570499572753906250e+02
3.775487899780273438e+01
1.526164703369140625e+02
9.220836639404296875e+01
1.708291931152343750e+02
3.521620559692382812e+01
1.131933593750000000e+02
1.243680419921875000e+02
1.801739196777343750e+02
2.510277748107910156e+01
9.217974853515625000e+01
9.598360443115234375e+01
1.774422607421875000e+02
2.799974060058593750e+01
1.013236465454101562e+02
1.574150390625000000e+02
1.797075500488281250e+02
8.293251991271972656e+00
4.507633590698242188e+01
1.011178054809570312e+02
1.744565429687500000e+02
2.529737663269042969e+01
1.074134216308593750e+02
3.655990600585937500e+02
1.700327911376953125e+02
2.028765869140625000e+01
6.583535003662109375e+01
3.010458984375000000e+02
1.633546142578125000e+02
1.137713050842285156e+01
4.933434677124023438e+01
2.721371154785156250e+02
1.698819885253906250e+02
7.819626808166503906e+00
3.820269775390625000e+01
1.575284576416015625e+02
1.765880584716796875e+02
9.154523849487304688e+00
4.439598846435546875e+01
2.361495819091796875e+02
1.709888000488281250e+02
1.099313831329345703e+01
4.631632995605468750e+01
9.643962860107421875e+01
1.714716491699218750e+02
3.589463424682617188e+01
1.110007095336914062e+02
2.016039123535156250e+02
1.674373931884765625e+02
8.446493148803710938e+00
3.712988281250000000e+01
2.370033569335937500e+02
1.683515930175781250e+02
1.045689868927001953e+01
4.424513244628906250e+01
0.000000000000000000e+00
0.000000000000000000e+00
0.000000000000000000e+00
0.000000000000000000e+00
