1.163930358886718750e+02
1.660417480468750000e+02
3.666699600219726562e+01
1.529720153808593750e+02
1.149344863891601562e+02
1.654139556884765625e+02
3.655305480957031250e+01
1.452825317382812500e+02
1.677952575683593750e+02
1.722698822021484375e+02
1.936282539367675781e+01
9.707587432861328125e+01
1.465154724121093750e+02
1.677252197265625000e+02
2.069985008239746094e+01
1.246230392456054688e+02
1.667171173095703125e+02
1.730275573730468750e+02
1.688474655151367188e+01
9.605428314208984375e+01
2.685638122558593750e+02
1.703587799072265625e+02
9.025121688842773438e+00
3.926279830932617188e+01
1.674449462890625000e+02
1.816152496337890625e+02
1.986152458190917969e+01
8.781964874267578125e+01
1.469214019775390625e+02
1.733086700439453125e+02
2.054545211791992188e+01
9.267252349853515625e+01
2.356653747558593750e+02
1.713742523193359375e+02
1.115526485443115234e+01
4.654201889038085938e+01
2.016144256591796875e+02
1.670298767089843750e+02
9.017145156860351562e+00
3.851945495605468750e+01
3.634346923828125000e+02
1.679293518066406250e+02
2.352024078369140625e+01
6.034465789794921875e+01
2.667789001464843750e+02
1.710938873291015625e+02
9.059688568115234375e+00
3.520626831054687500e+01
2.365682220458984375e+02
1.691456604003906250e+02
1.077027988433837891e+01
4.220853424072265625e+01
1.641023254394531250e+02
1.762331695556640625e+02
1.877763748168945312e+01
1.002989578247070312e+02
2.020617218017578125e+02
1.666862792968750000e+02
8.367262840270996094e+00
3.223384094238281250e+01
2.159774780273437500e+02
1.733397674560546875e+02
8.998583793640136719e+00
2.981752395629882812e+01
0.000000000000000000e+00
0.000000000000000000e+00
0.000000000000000000e+00
0.000000000000000000e+00
