1.700504150390625000e+02
1.699056701660156250e+02
2.530554199218750000e+01
1.021059799194335938e+02
1.187004928588867188e+02
1.666240844726562500e+02
3.605766677856445312e+01
1.545149688720703125e+02
1.703183288574218750e+02
1.810342712402343750e+02
2.482740592956542969e+01
9.023169708251953125e+01
1.497631378173828125e+02
1.700640106201171875e+02
2.262849617004394531e+01
1.221974868774414062e+02
1.181235275268554688e+02
1.670155334472656250e+02
3.666402053833007812e+01
1.423056488037109375e+02
1.464882659912109375e+02
1.691766662597656250e+02
2.325736808776855469e+01
1.291063842773437500e+02
3.634809265136718750e+02
1.687040710449218750e+02
2.311961746215820312e+01
6.006687164306640625e+01
1.404433898925781250e+02
1.655570983886718750e+02
3.062859535217285156e+01
1.404903717041015625e+02
2.061238098144531250e+02
1.685815582275390625e+02
8.612385749816894531e+00
3.535963058471679688e+01
9.300396728515625000e+01
1.771009674072265625e+02
1.061458873748779297e+01
4.014358901977539062e+01
2.162667236328125000e+02
1.728600769042968750e+02
8.780093193054199219e+00
2.949978828430175781e+01
2.359359588623046875e+02
1.699592285156250000e+02
1.144625663757324219e+01
5.285958480834960938e+01
2.167801666259765625e+02
1.750241241455078125e+02
6.787341117858886719e+00
2.301397323608398438e+01
0.000000000000000000e+00
0.000000000000000000e+00
0.000000000000000000e+00
0.000000000000000000e+00
