1.793467864990234375e+02
1.645406494140625000e+02
3.608300399780273438e+01
1.463159332275390625e+02
2.184448547363281250e+02
1.725588378906250000e+02
2.563317108154296875e+01
1.239683685302734375e+02
1.231320190429687500e+02
1.690120086669921875e+02
1.773870658874511719e+01
7.174431610107421875e+01
2.151531219482421875e+02
1.698360443115234375e+02
3.330258178710937500e+01
1.270522766113281250e+02
1.789279785156250000e+02
1.626192016601562500e+02
3.585447311401367188e+01
1.588553161621093750e+02
1.239993820190429688e+02
1.780185699462890625e+02
1.926198005676269531e+01
6.282443618774414062e+01
1.436719360351562500e+02
1.663996429443359375e+02
4.036691284179687500e+01
1.989176330566406250e+02
1.091961746215820312e+02
1.755109863281250000e+02
9.615267753601074219e+00
4.164256668090820312e+01
2.328295593261718750e+02
1.694508972167968750e+02
1.820070457458496094e+01
1.134718475341796875e+02
2.339473724365234375e+02
1.664808807373046875e+02
1.678337287902832031e+01
1.086307678222656250e+02
2.577628479003906250e+02
1.736174774169921875e+02
8.344595909118652344e+00
4.034087753295898438e+01
1.419534149169921875e+02
1.846297302246093750e+02
4.536302566528320312e+01
1.809404754638671875e+02
1.257324295043945312e+02
1.798035125732421875e+02
1.469325351715087891e+01
5.889745330810546875e+01
1.257221755981445312e+02
1.777640991210937500e+02
1.346101951599121094e+01
5.553855133056640625e+01
1.052203521728515625e+02
1.765858001708984375e+02
8.131655693054199219e+00
3.922514724731445312e+01
2.482306823730468750e+02
1.708065032958984375e+02
6.975331306457519531e+00
3.818820571899414062e+01
0.000000000000000000e+00
0.000000000000000000e+00
0.000000000000000000e+00
0.000000000000000000e+00
