2.388243560791015625e+02
1.621450500488281250e+02
2.313150596618652344e+01
1.029750289916992188e+02
2.695447998046875000e+02
1.702788543701171875e+02
2.342360877990722656e+01
9.964026641845703125e+01
2.180957336425781250e+02
1.743804931640625000e+02
1.940873908996582031e+01
7.646986389160156250e+01
1.570153503417968750e+02
1.741191253662109375e+02
8.945747375488281250e+00
3.956721115112304688e+01
1.347944335937500000e+02
1.762077941894531250e+02
7.763658046722412109e+00
3.705525588989257812e+01
2.606869506835937500e+02
1.677948303222656250e+02
1.661561965942382812e+01
9.192404937744140625e+01
2.687239685058593750e+02
1.788557281494140625e+02
2.404503440856933594e+01
9.458615112304687500e+01
1.187083129882812500e+02
1.775646362304687500e+02
9.295365333557128906e+00
3.116505432128906250e+01
7.924706268310546875e+01
1.818158264160156250e+02
1.219556617736816406e+01
4.194442367553710938e+01
1.190322952270507812e+02
1.736987152099609375e+02
9.504336357116699219e+00
3.374398040771484375e+01
2.188591613769531250e+02
1.678530426025390625e+02
1.889664077758789062e+01
7.480191802978515625e+01
2.386335144042968750e+02
1.634170227050781250e+02
1.875732040405273438e+01
8.284763336181640625e+01
1.517264099121093750e+02
1.826815643310546875e+02
4.702962398529052734e+00
2.329511833190917969e+01
1.434183044433593750e+02
1.784843292236328125e+02
7.897069931030273438e+00
3.516170501708984375e+01
1.265915985107421875e+02
1.775700073242187500e+02
7.563329219818115234e+00
3.117222213745117188e+01
8.796605682373046875e+01
1.756777801513671875e+02
1.109762573242187500e+01
4.457097244262695312e+01
3.634854736328125000e+02
1.682296142578125000e+02
2.376082420349121094e+01
6.597502136230468750e+01
1.750097198486328125e+02
1.805863189697265625e+02
9.138420104980468750e+00
3.099338722229003906e+01
0.000000000000000000e+00
0.000000000000000000e+00
0.000000000000000000e+00
0.000000000000000000e+00
