7.682884216308593750e+01
1.634255828857421875e+02
2.906549072265625000e+01
1.273328628540039062e+02
7.649965667724609375e+01
1.690503540039062500e+02
3.115763282775878906e+01
1.180461959838867188e+02
1.547875213623046875e+02
1.602128295898437500e+02
2.570114326477050781e+01
1.203469085693359375e+02
1.108667907714843750e+02
1.684794921875000000e+02
2.500404167175292969e+01
1.240266876220703125e+02
1.566015930175781250e+02
1.741106567382812500e+02
2.472337722778320312e+01
1.052459335327148438e+02
1.055271606445312500e+02
1.683712310791015625e+02
3.218020248413085938e+01
1.231156845092773438e+02
1.495383300781250000e+02
1.589292297363281250e+02
3.408372879028320312e+01
1.208055953979492188e+02
1.357196197509765625e+02
1.740925903320312500e+02
2.377951049804687500e+01
1.044471130371093750e+02
1.373068847656250000e+02
1.738323974609375000e+02
2.199877738952636719e+01
9.338999938964843750e+01
2.118555450439453125e+02
1.600704040527343750e+02
3.569100189208984375e+01
2.103191986083984375e+02
2.234237823486328125e+02
1.599618530273437500e+02
4.816543579101562500e+01
2.314204864501953125e+02
3.219671020507812500e+02
1.254393463134765625e+02
9.193932342529296875e+01
2.911121520996093750e+02
2.246760406494140625e+02
1.471310119628906250e+02
4.495645523071289062e+01
2.400378570556640625e+02
7.386390686035156250e+01
1.646318206787109375e+02
3.462352752685546875e+01
1.152059249877929688e+02
2.441232604980468750e+02
1.799042205810546875e+02
4.535822296142578125e+01
1.973209533691406250e+02
7.763735198974609375e+01
1.759035034179687500e+02
2.587314987182617188e+01
8.971727752685546875e+01
1.819594726562500000e+02
1.714366455078125000e+02
1.180087852478027344e+01
4.885698699951171875e+01
0.000000000000000000e+00
0.000000000000000000e+00
0.000000000000000000e+00
0.000000000000000000e+00
