1.907649536132812500e+02
1.668389587402343750e+02
2.212726593017578125e+01
9.533996582031250000e+01
2.358448944091796875e+02
1.684889068603515625e+02
2.671231269836425781e+01
1.041802978515625000e+02
2.357622375488281250e+02
1.717062530517578125e+02
2.671813011169433594e+01
1.083421096801757812e+02
2.136180877685546875e+02
1.632878265380859375e+02
2.546150779724121094e+01
1.015978698730468750e+02
2.306476135253906250e+02
1.606214904785156250e+02
3.569691467285156250e+01
1.189501190185546875e+02
3.429802856445312500e+02
1.624734954833984375e+02
5.859187316894531250e+01
2.561376647949218750e+02
3.452556457519531250e+02
1.611660003662109375e+02
5.683725357055664062e+01
2.459503479003906250e+02
1.379263763427734375e+02
1.790331726074218750e+02
1.009921073913574219e+01
3.759748458862304688e+01
1.535926818847656250e+02
1.719734649658203125e+02
8.230699539184570312e+00
3.737503433227539062e+01
3.338538208007812500e+02
1.640586547851562500e+02
7.815919494628906250e+01
2.401389770507812500e+02
3.404563598632812500e+02
1.662141571044921875e+02
4.974126052856445312e+01
2.356387634277343750e+02
1.413013458251953125e+02
1.782408294677734375e+02
8.722703933715820312e+00
3.816814041137695312e+01
3.376066284179687500e+02
1.719608764648437500e+02
5.481772994995117188e+01
2.382496490478515625e+02
2.095996398925781250e+02
1.658227233886718750e+02
2.608795928955078125e+01
9.485294342041015625e+01
1.184521713256835938e+02
1.738401184082031250e+02
8.611565589904785156e+00
3.274018478393554688e+01
1.531810302734375000e+02
1.754219360351562500e+02
8.589905738830566406e+00
3.508647155761718750e+01
1.260357208251953125e+02
1.745437927246093750e+02
8.085106849670410156e+00
3.216067886352539062e+01
8.814967346191406250e+01
1.764482727050781250e+02
1.249366950988769531e+01
4.375222015380859375e+01
7.945986938476562500e+01
1.848308868408203125e+02
1.267048549652099609e+01
3.691069793701171875e+01
3.696722106933593750e+02
1.579779968261718750e+02
4.419266128540039062e+01
2.471167755126953125e+02
3.340313110351562500e+02
1.636912841796875000e+02
7.574283599853515625e+01
2.531235504150390625e+02
2.100424499511718750e+02
1.540924682617187500e+02
3.472565078735351562e+01
1.188087921142578125e+02
2.299828796386718750e+02
1.699915008544921875e+02
3.538169860839843750e+01
1.111674804687500000e+02
1.259307861328125000e+02
1.779128875732421875e+02
8.027952194213867188e+00
3.011937713623046875e+01
9.170886230468750000e+01
1.772060241699218750e+02
1.187146663665771484e+01
4.014041137695312500e+01
0.000000000000000000e+00
0.000000000000000000e+00
0.000000000000000000e+00
0.000000000000000000e+00
