1.695127410888671875e+02
1.699739227294921875e+02
2.782873535156250000e+01
9.249184417724609375e+01
1.422256164550781250e+02
1.762857360839843750e+02
1.112148952484130859e+01
4.155023193359375000e+01
2.137217559814453125e+02
1.721528625488281250e+02
2.677083778381347656e+01
1.082443389892578125e+02
3.161439514160156250e+02
1.549117736816406250e+02
5.014605331420898438e+01
2.556352081298828125e+02
2.097140197753906250e+02
1.702973480224609375e+02
3.539323425292968750e+01
1.109838256835937500e+02
3.104042968750000000e+02
1.542586975097656250e+02
4.571910476684570312e+01
2.569248657226562500e+02
3.394598083496093750e+02
1.527436065673828125e+02
4.023999786376953125e+01
2.530840148925781250e+02
1.941549682617187500e+02
1.683507537841796875e+02
2.202366638183593750e+01
9.712528228759765625e+01
3.428027648925781250e+02
1.421090087890625000e+02
3.809465789794921875e+01
2.515338897705078125e+02
3.738833618164062500e+02
1.654216613769531250e+02
4.117594146728515625e+01
2.246544799804687500e+02
2.089895324707031250e+02
1.657627105712890625e+02
3.802522277832031250e+01
1.120649490356445312e+02
1.533154754638671875e+02
1.771159667968750000e+02
8.040620803833007812e+00
3.226594543457031250e+01
2.366659240722656250e+02
1.725663146972656250e+02
1.652057266235351562e+01
8.640509033203125000e+01
2.165352783203125000e+02
1.735425567626953125e+02
2.507784271240234375e+01
9.417420196533203125e+01
3.748065795898437500e+02
1.561279296875000000e+02
4.043460464477539062e+01
2.193059844970703125e+02
3.103211364746093750e+02
1.664911193847656250e+02
4.629171371459960938e+01
2.485468750000000000e+02
1.200867004394531250e+02
1.742952575683593750e+02
7.805176258087158203e+00
3.170054244995117188e+01
3.368876342773437500e+02
1.511631011962890625e+02
7.997245025634765625e+01
2.578658142089843750e+02
1.536804656982421875e+02
1.748218078613281250e+02
7.778760910034179688e+00
3.234680938720703125e+01
7.952067565917968750e+01
1.808579406738281250e+02
1.230599117279052734e+01
4.207811737060546875e+01
7.990060424804687500e+01
1.788399047851562500e+02
1.176298999786376953e+01
4.001667404174804688e+01
1.420933380126953125e+02
1.815011596679687500e+02
1.126366996765136719e+01
3.894079971313476562e+01
3.134432678222656250e+02
1.646576080322265625e+02
5.337810897827148438e+01
2.518865051269531250e+02
1.647536773681640625e+02
1.648257598876953125e+02
4.043625259399414062e+01
1.008287582397460938e+02
1.974104919433593750e+02
1.612974243164062500e+02
4.086118698120117188e+01
1.186891326904296875e+02
0.000000000000000000e+00
0.000000000000000000e+00
0.000000000000000000e+00
0.000000000000000000e+00
