1.534013824462890625e+02
1.718059387207031250e+02
2.648172569274902344e+01
1.227111511230468750e+02
1.509697875976562500e+02
1.695736541748046875e+02
3.394306564331054688e+01
1.286036376953125000e+02
1.158264312744140625e+02
1.686894226074218750e+02
3.993334197998046875e+01
1.596518554687500000e+02
1.784920349121093750e+02
1.749629821777343750e+02
2.063348388671875000e+01
9.160378265380859375e+01
1.775507202148437500e+02
1.806692810058593750e+02
1.953677558898925781e+01
9.472121429443359375e+01
1.920972900390625000e+02
1.691196136474609375e+02
1.857187652587890625e+01
9.298529815673828125e+01
3.637778625488281250e+02
1.673632812500000000e+02
2.232432556152343750e+01
6.794270324707031250e+01
2.089753723144531250e+02
1.705050811767578125e+02
8.804207801818847656e+00
3.256798171997070312e+01
1.036837615966796875e+02
1.742883300781250000e+02
1.132550811767578125e+01
4.458230590820312500e+01
1.147875671386718750e+02
1.740350952148437500e+02
3.941485977172851562e+01
1.683086700439453125e+02
2.607241516113281250e+02
1.744008636474609375e+02
7.840952873229980469e+00
3.755889892578125000e+01
0.000000000000000000e+00
0.000000000000000000e+00
0.000000000000000000e+00
0.000000000000000000e+00
