1.683966064453125000e+02
1.662268981933593750e+02
3.094135093688964844e+01
1.371436309814453125e+02
2.011001586914062500e+02
1.713984375000000000e+02
2.272973823547363281e+01
1.160890197753906250e+02
1.266759109497070312e+02
1.598111267089843750e+02
4.509379577636718750e+01
2.020629425048828125e+02
2.492991638183593750e+02
1.724021148681640625e+02
1.150539112091064453e+01
4.148662567138671875e+01
1.710547790527343750e+02
1.660347595214843750e+02
2.558968353271484375e+01
1.360507354736328125e+02
2.170161285400390625e+02
1.648443450927734375e+02
1.908498191833496094e+01
1.055894699096679688e+02
2.491463775634765625e+02
1.697327575683593750e+02
1.076883316040039062e+01
4.273567581176757812e+01
1.298916931152343750e+02
1.593345947265625000e+02
4.266385269165039062e+01
1.824893341064453125e+02
1.230673065185546875e+02
1.756990814208984375e+02
1.302246475219726562e+01
5.823905563354492188e+01
1.092439651489257812e+02
1.753314361572265625e+02
1.032980728149414062e+01
4.090023422241210938e+01
1.031628723144531250e+02
1.763144531250000000e+02
9.156011581420898438e+00
4.112242889404296875e+01
2.067854766845703125e+02
1.722235412597656250e+02
1.922714805603027344e+01
9.682563018798828125e+01
1.671763458251953125e+02
1.634538421630859375e+02
3.171899414062500000e+01
1.560246582031250000e+02
2.504504394531250000e+02
1.743374023437500000e+02
1.200977706909179688e+01
3.810441970825195312e+01
0.000000000000000000e+00
0.000000000000000000e+00
0.000000000000000000e+00
0.000000000000000000e+00
