2.988835449218750000e+02
1.685743408203125000e+02
3.803704452514648438e+01
1.545063171386718750e+02
3.005640258789062500e+02
1.663119964599609375e+02
4.146274566650390625e+01
1.613515319824218750e+02
3.449377136230468750e+02
1.691893005371093750e+02
2.945822525024414062e+01
1.201847915649414062e+02
3.428419799804687500e+02
1.698306121826171875e+02
3.359774398803710938e+01
1.164079971313476562e+02
1.093160858154296875e+02
1.743427581787109375e+02
1.169825935363769531e+01
4.265616607666015625e+01
1.469828796386718750e+02
1.769602050781250000e+02
1.969285583496093750e+01
6.661786651611328125e+01
2.090635986328125000e+02
1.533590545654296875e+02
4.578696060180664062e+01
2.501872863769531250e+02
2.988920898437500000e+02
1.615956115722656250e+02
3.582937240600585938e+01
1.501691436767578125e+02
1.462904968261718750e+02
1.723897247314453125e+02
1.971762657165527344e+01
6.778119659423828125e+01
1.701205444335937500e+02
1.676734313964843750e+02
3.874034881591796875e+01
1.870065765380859375e+02
3.424880065917968750e+02
1.565399475097656250e+02
3.502980422973632812e+01
1.296457366943359375e+02
1.753456420898437500e+02
1.665168762207031250e+02
3.789913940429687500e+01
1.906889801025390625e+02
2.363394470214843750e+02
1.669457397460937500e+02
1.668460083007812500e+01
6.835490417480468750e+01
3.009463500976562500e+02
1.638367004394531250e+02
4.084269714355468750e+01
1.468556060791015625e+02
8.565653991699218750e+01
1.775511932373046875e+02
1.051885414123535156e+01
4.145276260375976562e+01
2.119469604492187500e+02
1.642648620605468750e+02
4.155601501464843750e+01
2.040923309326171875e+02
1.216401748657226562e+02
1.768238677978515625e+02
5.480470180511474609e+00
2.251966476440429688e+01
3.667720642089843750e+02
1.656909484863281250e+02
1.917655944824218750e+01
7.128205871582031250e+01
1.694794769287109375e+02
1.608953247070312500e+02
3.929822921752929688e+01
1.827007446289062500e+02
2.982291259765625000e+02
1.941370239257812500e+02
3.910569763183593750e+01
1.291501922607421875e+02
1.370221710205078125e+02
1.766755981445312500e+02
5.011854648590087891e+00
2.144684410095214844e+01
1.289951324462890625e+02
1.785178527832031250e+02
5.051979064941406250e+00
1.940507507324218750e+01
2.480758819580078125e+02
1.682460327148437500e+02
7.775281906127929688e+00
3.940430450439453125e+01
1.747342071533203125e+02
1.604454956054687500e+02
3.975209808349609375e+01
1.830522918701171875e+02
8.479298400878906250e+01
1.808984375000000000e+02
1.205623054504394531e+01
4.099387741088867188e+01
2.092753906250000000e+02
1.659580078125000000e+02
4.433359146118164062e+01
2.511604614257812500e+02
0.000000000000000000e+00
0.000000000000000000e+00
0.000000000000000000e+00
0.000000000000000000e+00
