1.396956176757812500e+02
1.676119384765625000e+02
2.529430580139160156e+01
1.023542327880859375e+02
2.608058776855468750e+02
1.657174072265625000e+02
4.158240509033203125e+01
2.250072784423828125e+02
1.752868804931640625e+02
1.741537933349609375e+02
2.811944389343261719e+01
1.048566589355468750e+02
2.042407989501953125e+02
1.676017456054687500e+02
2.082886505126953125e+01
9.131745910644531250e+01
6.191339874267578125e+01
1.913534851074218750e+02
2.855004882812500000e+01
7.430648803710937500e+01
3.502466735839843750e+02
1.590483245849609375e+02
3.115336418151855469e+01
1.514037780761718750e+02
3.493139648437500000e+02
1.623506774902343750e+02
3.188943290710449219e+01
1.666151275634765625e+02
1.572617950439453125e+02
1.716295166015625000e+02
1.024763011932373047e+01
4.931767272949218750e+01
6.319484329223632812e+01
1.889199829101562500e+02
2.693507957458496094e+01
6.548189544677734375e+01
2.922030639648437500e+02
1.552499389648437500e+02
7.793505096435546875e+01
2.552458496093750000e+02
3.537555541992187500e+02
1.568636474609375000e+02
3.132004356384277344e+01
1.553233184814453125e+02
1.704260406494140625e+02
1.702408447265625000e+02
3.600995254516601562e+01
1.113774566650390625e+02
3.540206909179687500e+02
1.593108215332031250e+02
3.046958541870117188e+01
1.706356811523437500e+02
1.700105895996093750e+02
1.632183685302734375e+02
3.513913345336914062e+01
1.175082626342773438e+02
2.638378906250000000e+02
1.601726074218750000e+02
3.548365020751953125e+01
2.176676635742187500e+02
3.041685180664062500e+02
1.339168701171875000e+02
4.704251098632812500e+01
2.950021972656250000e+02
1.202415618896484375e+02
1.740607910156250000e+02
8.602088928222656250e+00
3.099552917480468750e+01
2.915828247070312500e+02
1.519271240234375000e+02
3.637106323242187500e+01
2.573176879882812500e+02
3.012980346679687500e+02
1.400148620605468750e+02
5.083573913574218750e+01
3.036633300781250000e+02
1.757691955566406250e+02
1.712664184570312500e+02
2.606958770751953125e+01
1.001884078979492188e+02
3.184680175781250000e+02
1.573227691650390625e+02
4.564281082153320312e+01
2.447156677246093750e+02
2.599022216796875000e+02
1.854144287109375000e+02
4.435485839843750000e+01
2.100834503173828125e+02
1.341305084228515625e+02
1.653896942138671875e+02
3.668434906005859375e+01
1.062850875854492188e+02
1.408999481201171875e+02
1.798514251708984375e+02
2.395341110229492188e+01
9.315178680419921875e+01
2.970951538085937500e+02
1.613389739990234375e+02
7.249758911132812500e+01
2.585555114746093750e+02
2.942320556640625000e+02
1.501719055175781250e+02
3.107726669311523438e+01
2.337559967041015625e+02
3.521117248535156250e+02
1.724736175537109375e+02
2.581867599487304688e+01
1.211208724975585938e+02
0.000000000000000000e+00
0.000000000000000000e+00
0.000000000000000000e+00
0.000000000000000000e+00
