1.923532409667968750e+02
1.675538482666015625e+02
2.092272186279296875e+01
9.627939605712890625e+01
2.376352081298828125e+02
1.686549835205078125e+02
2.595875740051269531e+01
1.043377151489257812e+02
2.140916900634765625e+02
1.665410919189453125e+02
2.677481079101562500e+01
9.793131256103515625e+01
2.370999908447265625e+02
1.720155029296875000e+02
2.572034263610839844e+01
1.079908142089843750e+02
1.380711059570312500e+02
1.784660339355468750e+02
9.756155967712402344e+00
3.845232391357421875e+01
3.462554321289062500e+02
1.613847351074218750e+02
5.703473663330078125e+01
2.443116455078125000e+02
3.358527526855468750e+02
1.640202636718750000e+02
7.689341735839843750e+01
2.391964263916015625e+02
2.309878692626953125e+02
1.619213562011718750e+02
3.640402984619140625e+01
1.165709609985351562e+02
1.414991912841796875e+02
1.774863586425781250e+02
8.582985877990722656e+00
3.842863464355468750e+01
3.431053161621093750e+02
1.614213562011718750e+02
5.865000152587890625e+01
2.585303955078125000e+02
1.533035888671875000e+02
1.721221160888671875e+02
8.267088890075683594e+00
3.717978286743164062e+01
1.181445007324218750e+02
1.741861267089843750e+02
8.540206909179687500e+00
3.218201828002929688e+01
1.530172729492187500e+02
1.753229675292968750e+02
8.424640655517578125e+00
3.531396102905273438e+01
3.401718750000000000e+02
1.687828369140625000e+02
5.001191711425781250e+01
2.296163330078125000e+02
1.261191558837890625e+02
1.749928894042968750e+02
8.000154495239257812e+00
3.114225578308105469e+01
2.105914459228515625e+02
1.559529418945312500e+02
3.619616317749023438e+01
1.161907882690429688e+02
7.935115814208984375e+01
1.846308593750000000e+02
1.285092067718505859e+01
3.727493667602539062e+01
8.844360351562500000e+01
1.766825408935546875e+02
1.205436706542968750e+01
4.344556808471679688e+01
3.373574218750000000e+02
1.732897491455078125e+02
5.494715499877929688e+01
2.358398132324218750e+02
3.671990356445312500e+02
1.570969543457031250e+02
4.697032165527343750e+01
2.460413055419921875e+02
9.175698852539062500e+01
1.773309783935546875e+02
1.186181259155273438e+01
3.992623901367187500e+01
3.357153930664062500e+02
1.651688690185546875e+02
7.425791931152343750e+01
2.501030578613281250e+02
0.000000000000000000e+00
0.000000000000000000e+00
0.000000000000000000e+00
0.000000000000000000e+00
