2.500322113037109375e+02
1.757845458984375000e+02
9.784722328186035156e+00
3.757814025878906250e+01
1.679295349121093750e+02
1.673495178222656250e+02
3.026531982421875000e+01
1.369867401123046875e+02
1.226633529663085938e+02
1.633358764648437500e+02
4.976515197753906250e+01
1.946751251220703125e+02
1.695332794189453125e+02
1.707186431884765625e+02
2.398884773254394531e+01
1.273448791503906250e+02
2.014733581542968750e+02
1.692911071777343750e+02
2.162916374206542969e+01
1.150689239501953125e+02
1.235722961425781250e+02
1.619347686767578125e+02
4.740329360961914062e+01
1.793051452636718750e+02
1.963067779541015625e+02
1.770457153320312500e+02
2.146203613281250000e+01
1.059121475219726562e+02
1.246154937744140625e+02
1.751370849609375000e+02
1.089071750640869141e+01
4.337327194213867188e+01
2.091789093017578125e+02
1.665103149414062500e+02
1.964448928833007812e+01
1.094135589599609375e+02
1.098285217285156250e+02
1.746568298339843750e+02
9.698591232299804688e+00
4.240016174316406250e+01
2.159470367431640625e+02
1.664591522216796875e+02
1.963561248779296875e+01
1.042843856811523438e+02
1.035556869506835938e+02
1.756762695312500000e+02
9.250887870788574219e+00
4.121306228637695312e+01
2.494992980957031250e+02
1.703430023193359375e+02
1.006771087646484375e+01
4.177506256103515625e+01
2.507088470458984375e+02
1.758855133056640625e+02
1.112827873229980469e+01
3.671114730834960938e+01
1.242458419799804688e+02
1.786781921386718750e+02
1.074910068511962891e+01
4.577992630004882812e+01
1.664548339843750000e+02
1.658838653564453125e+02
3.163956260681152344e+01
1.508209533691406250e+02
0.000000000000000000e+00
0.000000000000000000e+00
0.000000000000000000e+00
0.000000000000000000e+00
