2.947416992187500000e+02
1.599274291992187500e+02
2.016278839111328125e+01
1.122789459228515625e+02
2.933852844238281250e+02
1.625686645507812500e+02
2.009075927734375000e+01
1.078745346069335938e+02
3.553593139648437500e+02
1.634308776855468750e+02
3.788843536376953125e+01
1.728481292724609375e+02
3.559653320312500000e+02
1.687344818115234375e+02
3.725489044189453125e+01
1.798400573730468750e+02
1.646423339843750000e+02
1.749444580078125000e+02
1.776159286499023438e+01
7.410869598388671875e+01
2.532363281250000000e+02
1.685363922119140625e+02
1.040977573394775391e+01
4.462571334838867188e+01
2.528807373046875000e+02
1.712703247070312500e+02
1.055255699157714844e+01
4.312357330322265625e+01
1.702429046630859375e+02
1.755468139648437500e+02
1.783794784545898438e+01
7.961775207519531250e+01
1.858239898681640625e+02
1.633863830566406250e+02
3.629167938232421875e+01
1.947828369140625000e+02
1.089800262451171875e+02
1.748168640136718750e+02
9.897056579589843750e+00
4.174739074707031250e+01
1.590276489257812500e+02
1.801671752929687500e+02
1.036368751525878906e+01
4.914515686035156250e+01
1.216324844360351562e+02
1.779225006103515625e+02
5.812978744506835938e+00
2.087813186645507812e+01
2.138274383544921875e+02
1.646569671630859375e+02
4.559601211547851562e+01
2.240847473144531250e+02
1.848662567138671875e+02
1.619971008300781250e+02
3.698688125610351562e+01
1.793731536865234375e+02
2.137145996093750000e+02
1.462542877197265625e+02
4.418692398071289062e+01
2.412147521972656250e+02
3.459856567382812500e+02
1.571111755371093750e+02
1.876724243164062500e+01
9.345195007324218750e+01
2.211646270751953125e+02
1.800621490478515625e+02
4.785436248779296875e+01
1.977735290527343750e+02
1.495064697265625000e+02
1.810415344238281250e+02
1.041404151916503906e+01
4.736167526245117188e+01
3.986979064941406250e+02
1.517426605224609375e+02
1.551951503753662109e+01
9.963069915771484375e+01
2.240976104736328125e+02
1.920617065429687500e+02
4.795773315429687500e+01
1.454702606201171875e+02
1.364638519287109375e+02
1.771991119384765625e+02
5.153233528137207031e+00
2.118628501892089844e+01
1.287830505371093750e+02
1.775151062011718750e+02
5.092892646789550781e+00
1.973549842834472656e+01
3.546884460449218750e+02
1.602792968750000000e+02
3.803851318359375000e+01
1.530803985595703125e+02
0.000000000000000000e+00
0.000000000000000000e+00
0.000000000000000000e+00
0.000000000000000000e+00
