2.456602935791015625e+02
1.718513641357421875e+02
3.324184799194335938e+01
1.295548095703125000e+02
2.448983001708984375e+02
1.765383911132812500e+02
3.319114303588867188e+01
1.298691711425781250e+02
1.320716705322265625e+02
1.762833404541015625e+02
1.735781478881835938e+01
6.640038299560546875e+01
1.308307037353515625e+02
1.720985870361328125e+02
1.749261856079101562e+01
6.839167022705078125e+01
1.981995391845703125e+02
1.624526062011718750e+02
3.380276489257812500e+01
1.440590057373046875e+02
1.727555236816406250e+02
1.630350646972656250e+02
4.741621017456054688e+01
2.059913787841796875e+02
1.725294342041015625e+02
1.689269409179687500e+02
4.891971206665039062e+01
2.136539459228515625e+02
1.093046722412109375e+02
1.742739257812500000e+02
1.029637145996093750e+01
4.360570144653320312e+01
1.628146514892578125e+02
1.699025268554687500e+02
4.672653961181640625e+01
1.868601074218750000e+02
1.978507537841796875e+02
1.552046508789062500e+02
3.352836990356445312e+01
1.805242156982421875e+02
2.490658111572265625e+02
1.776322784423828125e+02
2.712368392944335938e+01
1.151994400024414062e+02
1.344690856933593750e+02
1.798846588134765625e+02
1.317137527465820312e+01
5.990225219726562500e+01
2.317779846191406250e+02
1.713364562988281250e+02
1.099652099609375000e+01
4.774386215209960938e+01
2.404509735107421875e+02
1.689872894287109375e+02
7.386392593383789062e+00
4.178501510620117188e+01
3.627218933105468750e+02
1.688601379394531250e+02
2.393818283081054688e+01
6.487986755371093750e+01
1.220468368530273438e+02
1.778392639160156250e+02
5.815776824951171875e+00
2.258972740173339844e+01
2.471335906982421875e+02
1.881162109375000000e+02
2.930355262756347656e+01
1.104890136718750000e+02
1.336097564697265625e+02
1.753696594238281250e+02
1.308188533782958984e+01
6.097019958496093750e+01
1.029933700561523438e+02
1.758137969970703125e+02
7.671947956085205078e+00
3.982263565063476562e+01
9.235412597656250000e+01
1.846041259765625000e+02
1.070627593994140625e+01
3.593130493164062500e+01
1.614448394775390625e+02
1.894589843750000000e+02
5.147204208374023438e+01
1.723822631835937500e+02
1.572120513916015625e+02
1.740661926269531250e+02
3.264276123046875000e+01
1.456163177490234375e+02
0.000000000000000000e+00
0.000000000000000000e+00
0.000000000000000000e+00
0.000000000000000000e+00
