1.381809844970703125e+02
1.530199890136718750e+02
3.301947402954101562e+01
1.355231781005859375e+02
5.465008544921875000e+01
1.663139038085937500e+02
2.441313362121582031e+01
1.289573516845703125e+02
5.359832000732421875e+01
1.645993652343750000e+02
2.905616760253906250e+01
1.332361450195312500e+02
2.284952850341796875e+02
1.620392913818359375e+02
4.769538116455078125e+01
2.290052795410156250e+02
8.765055084228515625e+01
1.675847167968750000e+02
3.325098037719726562e+01
1.328947601318359375e+02
9.304329681396484375e+01
1.749342346191406250e+02
2.370617866516113281e+01
1.185265731811523438e+02
1.378416595458984375e+02
1.649232025146484375e+02
3.390962982177734375e+01
1.207204360961914062e+02
2.110862731933593750e+02
1.666309814453125000e+02
2.870483398437500000e+01
1.930620880126953125e+02
1.132296981811523438e+02
1.701897125244140625e+02
2.403094482421875000e+01
1.001644287109375000e+02
1.402393341064453125e+02
1.691180877685546875e+02
2.810483741760253906e+01
1.153615417480468750e+02
1.409872894287109375e+02
1.628516082763671875e+02
2.676944351196289062e+01
1.110394592285156250e+02
1.123401489257812500e+02
1.722048645019531250e+02
2.596732711791992188e+01
1.092740249633789062e+02
2.264780426025390625e+02
1.536528625488281250e+02
4.945236206054687500e+01
2.282430267333984375e+02
2.108134002685546875e+02
1.562303771972656250e+02
2.994309806823730469e+01
1.903507690429687500e+02
2.074104461669921875e+02
1.667429046630859375e+02
3.053642654418945312e+01
1.920720520019531250e+02
2.334460601806640625e+02
1.646609191894531250e+02
5.155776977539062500e+01
2.255029144287109375e+02
1.195547561645507812e+02
1.683607482910156250e+02
2.205446052551269531e+01
1.025947341918945312e+02
1.172712402343750000e+02
1.708577575683593750e+02
2.441467285156250000e+01
1.104921798706054688e+02
3.633063659667968750e+02
1.670194396972656250e+02
2.310955619812011719e+01
6.257050704956054688e+01
2.689979248046875000e+02
1.719122467041015625e+02
7.888619899749755859e+00
3.581176376342773438e+01
2.055759582519531250e+02
1.617505798339843750e+02
3.302604675292968750e+01
1.796793670654296875e+02
1.072048950195312500e+02
1.666723327636718750e+02
3.509316253662109375e+01
1.232357940673828125e+02
3.980843811035156250e+02
1.795100097656250000e+02
1.653400039672851562e+01
7.261331939697265625e+01
0.000000000000000000e+00
0.000000000000000000e+00
0.000000000000000000e+00
0.000000000000000000e+00
