9.932794189453125000e+01
1.693339538574218750e+02
3.111242675781250000e+01
1.261207427978515625e+02
3.916422119140625000e+02
1.520929260253906250e+02
2.358532142639160156e+01
1.873564300537109375e+02
1.027725448608398438e+02
1.709828796386718750e+02
2.578101158142089844e+01
1.240459136962890625e+02
3.917634582519531250e+02
1.459829406738281250e+02
2.394979095458984375e+01
1.795413360595703125e+02
1.369877929687500000e+02
1.717539062500000000e+02
2.324855422973632812e+01
9.251048278808593750e+01
1.308716583251953125e+02
1.668892669677734375e+02
2.320438766479492188e+01
1.073177490234375000e+02
2.733757934570312500e+02
1.688249206542968750e+02
7.889164447784423828e+00
4.044131851196289062e+01
9.444058227539062500e+01
1.724007415771484375e+02
3.328095245361328125e+01
1.243174133300781250e+02
3.258471984863281250e+02
1.726000213623046875e+02
9.913440704345703125e+00
4.190114974975585938e+01
3.273590393066406250e+02
1.686054382324218750e+02
9.646136283874511719e+00
4.370295715332031250e+01
1.294648590087890625e+02
1.795140228271484375e+02
2.560939788818359375e+01
9.334214019775390625e+01
1.346366729736328125e+02
1.818332824707031250e+02
2.335189437866210938e+01
9.223828887939453125e+01
1.597089538574218750e+02
1.753715057373046875e+02
7.857664585113525391e+00
4.021242141723632812e+01
3.640015869140625000e+02
1.688178405761718750e+02
2.254304313659667969e+01
6.494721984863281250e+01
1.756054077148437500e+02
1.781383666992187500e+02
8.403060913085937500e+00
3.362053298950195312e+01
0.000000000000000000e+00
0.000000000000000000e+00
0.000000000000000000e+00
0.000000000000000000e+00
