1.030492019653320312e+02
1.710253295898437500e+02
2.368829345703125000e+01
1.093520660400390625e+02
1.552561798095703125e+02
1.587292938232421875e+02
3.583924102783203125e+01
1.202266006469726562e+02
6.122277832031250000e+01
2.061203308105468750e+02
3.058310127258300781e+01
5.002066421508789062e+01
1.053355484008789062e+02
1.710838775634765625e+02
2.216389274597167969e+01
9.988591766357421875e+01
1.265424804687500000e+02
1.728727722167968750e+02
2.651860809326171875e+01
1.088619842529296875e+02
1.598088684082031250e+02
1.626511077880859375e+02
2.429846382141113281e+01
1.147255172729492188e+02
1.604037628173828125e+02
1.571287841796875000e+02
3.366568374633789062e+01
1.219552078247070312e+02
1.663580017089843750e+02
1.597240753173828125e+02
2.400122451782226562e+01
1.159465026855468750e+02
1.648682098388671875e+02
1.312862701416015625e+02
9.613244628906250000e+01
2.788976745605468750e+02
6.452607727050781250e+01
1.947760620117187500e+02
2.500693893432617188e+01
5.214292526245117188e+01
2.879914245605468750e+02
1.711699218750000000e+02
2.554627037048339844e+01
1.135402984619140625e+02
1.256195297241210938e+02
1.763152770996093750e+02
2.440217399597167969e+01
8.484007263183593750e+01
9.788324737548828125e+01
1.777082672119140625e+02
2.665068054199218750e+01
9.785083007812500000e+01
2.882629394531250000e+02
1.676259155273437500e+02
2.403146362304687500e+01
1.046105880737304688e+02
1.222313079833984375e+02
1.682735595703125000e+02
3.533237075805664062e+01
1.174944305419921875e+02
2.616499938964843750e+02
1.620769348144531250e+02
3.557640457153320312e+01
1.361838836669921875e+02
3.630765075683593750e+02
1.680191345214843750e+02
2.290509414672851562e+01
6.149832153320312500e+01
2.838842163085937500e+02
1.626694183349609375e+02
3.369014739990234375e+01
1.307474975585937500e+02
2.450789794921875000e+02
1.656309814453125000e+02
4.140497207641601562e+01
1.990924530029296875e+02
2.425189208984375000e+02
1.494795684814453125e+02
4.642229080200195312e+01
2.581800231933593750e+02
2.679885253906250000e+02
1.679972229003906250e+02
2.453490829467773438e+01
9.849443054199218750e+01
9.984784698486328125e+01
1.664048767089843750e+02
3.302733230590820312e+01
1.192988815307617188e+02
8.816555023193359375e+01
1.756639862060546875e+02
1.064655971527099609e+01
4.448362350463867188e+01
2.443385620117187500e+02
1.632345581054687500e+02
3.768609237670898438e+01
1.751329956054687500e+02
2.678205261230468750e+02
1.761317138671875000e+02
2.649118804931640625e+01
1.069648513793945312e+02
1.583184204101562500e+02
1.753448791503906250e+02
2.579621505737304688e+01
1.012039413452148438e+02
0.000000000000000000e+00
0.000000000000000000e+00
0.000000000000000000e+00
0.000000000000000000e+00
