1.531426239013671875e+02
1.681699218750000000e+02
2.784329414367675781e+01
9.616097259521484375e+01
3.780250244140625000e+02
1.557187042236328125e+02
3.643127441406250000e+01
1.856463317871093750e+02
2.847215576171875000e+02
1.625782318115234375e+02
4.509749984741210938e+01
2.311112365722656250e+02
2.456790542602539062e+01
1.901134796142578125e+02
2.941271972656250000e+01
8.322965240478515625e+01
1.977613220214843750e+02
1.739085235595703125e+02
2.565620803833007812e+01
1.049357070922851562e+02
3.200517578125000000e+02
1.506910552978515625e+02
8.014893341064453125e+01
2.570020446777343750e+02
3.312040710449218750e+02
1.438554382324218750e+02
5.462468719482421875e+01
2.670460815429687500e+02
1.930401916503906250e+02
1.688664398193359375e+02
3.611555099487304688e+01
1.143078994750976562e+02
1.920946044921875000e+02
1.649033508300781250e+02
3.744106674194335938e+01
1.135278472900390625e+02
3.788122558593750000e+02
1.528058776855468750e+02
3.590306091308593750e+01
1.662532653808593750e+02
2.877681274414062500e+02
1.531358642578125000e+02
4.077592849731445312e+01
2.322971038818359375e+02
2.798305358886718750e+02
1.645292510986328125e+02
4.542631530761718750e+01
2.262561950683593750e+02
1.868049621582031250e+02
1.564255218505859375e+02
3.597903060913085938e+01
1.261673583984375000e+02
1.207041854858398438e+02
1.741760864257812500e+02
7.164749145507812500e+00
3.202647399902343750e+01
2.001150207519531250e+02
1.699841766357421875e+02
2.416918182373046875e+01
1.017823104858398438e+02
1.891317596435546875e+02
1.645362091064453125e+02
2.039562034606933594e+01
1.078176574707031250e+02
1.477593994140625000e+02
1.635098571777343750e+02
3.872616195678710938e+01
1.049397583007812500e+02
3.768441467285156250e+02
1.640949401855468750e+02
3.772487640380859375e+01
1.912018280029296875e+02
3.242291259765625000e+02
1.562866821289062500e+02
3.819089508056640625e+01
2.456184539794921875e+02
3.155952758789062500e+02
1.573485565185546875e+02
3.001167678833007812e+01
2.185008239746093750e+02
1.508224792480468750e+02
1.751812286376953125e+02
9.993150711059570312e+00
4.435010910034179688e+01
1.924612121582031250e+02
1.755137939453125000e+02
2.448461723327636719e+01
1.012875747680664062e+02
3.375879516601562500e+02
1.514150695800781250e+02
4.622439575195312500e+01
2.331852874755859375e+02
1.878318176269531250e+02
1.681794891357421875e+02
3.585531234741210938e+01
1.150872573852539062e+02
1.380504302978515625e+02
1.772340698242187500e+02
7.816647529602050781e+00
3.194797706604003906e+01
8.690075683593750000e+01
1.762515258789062500e+02
1.069970417022705078e+01
4.355928039550781250e+01
3.152739257812500000e+02
1.550626525878906250e+02
2.936476898193359375e+01
1.886978454589843750e+02
3.885287475585937500e+02
1.471224060058593750e+02
2.541700935363769531e+01
2.014076995849609375e+02
1.373748474121093750e+02
1.738304290771484375e+02
7.649509906768798828e+00
3.320937728881835938e+01
1.449554595947265625e+02
1.776884918212890625e+02
7.134736537933349609e+00
3.195331382751464844e+01
7.917333984375000000e+01
1.819118652343750000e+02
1.262066555023193359e+01
4.064390563964843750e+01
1.519393005371093750e+02
1.796408538818359375e+02
9.424129486083984375e+00
4.364373397827148438e+01
7.977585601806640625e+01
1.784578247070312500e+02
1.216883945465087891e+01
4.018026351928710938e+01
2.849240722656250000e+02
1.818918151855468750e+02
4.738837051391601562e+01
2.180822906494140625e+02
0.000000000000000000e+00
0.000000000000000000e+00
0.000000000000000000e+00
0.000000000000000000e+00
