1.531315460205078125e+02
1.695678558349609375e+02
2.697903060913085938e+01
1.261872558593750000e+02
1.507880401611328125e+02
1.698289489746093750e+02
3.322541427612304688e+01
1.273869171142578125e+02
1.181961822509765625e+02
1.677618408203125000e+02
3.984595489501953125e+01
1.624547576904296875e+02
1.782081756591796875e+02
1.761784057617187500e+02
2.054871368408203125e+01
8.952879333496093750e+01
1.772633972167968750e+02
1.786917114257812500e+02
1.983227348327636719e+01
9.636083221435546875e+01
3.636354064941406250e+02
1.682808532714843750e+02
2.288678359985351562e+01
6.172557067871093750e+01
2.082248687744140625e+02
1.696571044921875000e+02
8.975287437438964844e+00
3.407754516601562500e+01
1.915617828369140625e+02
1.716482849121093750e+02
1.746735382080078125e+01
9.045878601074218750e+01
2.606111755371093750e+02
1.747471313476562500e+02
8.214151382446289062e+00
3.693183135986328125e+01
1.031717758178710938e+02
1.748785858154296875e+02
1.142524623870849609e+01
4.505376052856445312e+01
1.166738281250000000e+02
1.762438964843750000e+02
3.796056747436523438e+01
1.641760101318359375e+02
1.173830718994140625e+02
1.701243133544921875e+02
3.883821868896484375e+01
1.297673645019531250e+02
3.984096984863281250e+02
1.476605682373046875e+02
1.612430000305175781e+01
1.047912292480468750e+02
2.609009704589843750e+02
1.709608154296875000e+02
8.349489212036132812e+00
3.964512634277343750e+01
2.397588806152343750e+02
1.767307128906250000e+02
8.448619842529296875e+00
3.521523284912109375e+01
1.019768524169921875e+02
1.848117828369140625e+02
1.253807830810546875e+01
3.696668624877929688e+01
0.000000000000000000e+00
0.000000000000000000e+00
0.000000000000000000e+00
0.000000000000000000e+00
