3.979760360717773438e+01
1.578659210205078125e+02
4.332317352294921875e+01
1.561356506347656250e+02
4.426165390014648438e+01
1.573374176025390625e+02
4.217652130126953125e+01
1.582741394042968750e+02
2.267545013427734375e+02
1.531915740966796875e+02
4.578521347045898438e+01
2.454123840332031250e+02
2.283560485839843750e+02
1.505308532714843750e+02
4.410116577148437500e+01
2.302096710205078125e+02
4.093448257446289062e+01
1.656674194335937500e+02
4.282043457031250000e+01
1.521910400390625000e+02
1.910887908935546875e+02
1.620851593017578125e+02
4.032626724243164062e+01
2.009565734863281250e+02
1.043483123779296875e+02
1.745527801513671875e+02
1.076248455047607422e+01
4.274639892578125000e+01
3.185918884277343750e+02
1.683844299316406250e+02
9.561963081359863281e+00
4.208731460571289062e+01
1.583895416259765625e+02
1.795006561279296875e+02
1.099067783355712891e+01
4.890945816040039062e+01
4.578983306884765625e+01
1.657249908447265625e+02
3.920824813842773438e+01
1.540402221679687500e+02
8.034944915771484375e+01
1.772461853027343750e+02
1.148309135437011719e+01
4.256516265869140625e+01
1.214619598388671875e+02
1.776714935302734375e+02
5.670381546020507812e+00
2.054300880432128906e+01
7.876970672607421875e+01
1.804903869628906250e+02
1.323046588897705078e+01
4.241035461425781250e+01
1.496972351074218750e+02
1.795725402832031250e+02
1.014471054077148438e+01
4.904759597778320312e+01
1.898126983642578125e+02
1.482093200683593750e+02
4.392223739624023438e+01
2.091715698242187500e+02
3.639317016601562500e+02
1.685183258056640625e+02
2.167930412292480469e+01
6.687628173828125000e+01
1.885046539306640625e+02
1.711823272705078125e+02
3.633028411865234375e+01
1.828446350097656250e+02
0.000000000000000000e+00
0.000000000000000000e+00
0.000000000000000000e+00
0.000000000000000000e+00
