1.434501953125000000e+02
1.664850158691406250e+02
2.307014465332031250e+01
1.203828506469726562e+02
1.662989349365234375e+02
1.744798583984375000e+02
1.801973152160644531e+01
9.225279998779296875e+01
1.160724792480468750e+02
1.656642303466796875e+02
3.274847793579101562e+01
1.425986328125000000e+02
1.167453155517578125e+02
1.665071868896484375e+02
3.185335540771484375e+01
1.516251220703125000e+02
1.451551818847656250e+02
1.689617004394531250e+02
2.163434982299804688e+01
1.057816238403320312e+02
2.708936157226562500e+02
1.705355834960937500e+02
8.029098510742187500e+00
3.935358810424804688e+01
3.633977355957031250e+02
1.676787261962890625e+02
2.312701034545898438e+01
6.274936294555664062e+01
2.164338073730468750e+02
1.730152130126953125e+02
9.231250762939453125e+00
3.088229942321777344e+01
1.663468933105468750e+02
1.753933410644531250e+02
2.059836769104003906e+01
8.863591003417968750e+01
1.103110351562500000e+02
1.646078033447265625e+02
3.193766021728515625e+01
1.383641357421875000e+02
1.643290710449218750e+02
1.797626953125000000e+02
1.884037780761718750e+01
9.281013488769531250e+01
2.320089416503906250e+02
1.754518127441406250e+02
1.158860969543457031e+01
4.162260055541992188e+01
2.351533813476562500e+02
1.725092315673828125e+02
1.163649654388427734e+01
4.442031860351562500e+01
3.988286132812500000e+02
1.475030822753906250e+02
1.593313503265380859e+01
1.043644027709960938e+02
2.706806945800781250e+02
1.748893432617187500e+02
8.985050201416015625e+00
3.628865051269531250e+01
0.000000000000000000e+00
0.000000000000000000e+00
0.000000000000000000e+00
0.000000000000000000e+00
