1.637790069580078125e+02
1.680334930419921875e+02
2.207919311523437500e+01
9.281020355224609375e+01
3.002754821777343750e+02
1.570091552734375000e+02
4.938499832153320312e+01
2.502431793212890625e+02
2.055436401367187500e+02
1.734072570800781250e+02
2.676286125183105469e+01
1.060138092041015625e+02
1.904775848388671875e+02
1.626681213378906250e+02
2.149884796142578125e+01
1.064610137939453125e+02
3.323249816894531250e+02
1.452649230957031250e+02
8.263964080810546875e+01
2.697303466796875000e+02
2.322565917968750000e+02
1.716137237548828125e+02
1.873909187316894531e+01
9.064412689208984375e+01
2.068910522460937500e+02
1.733667297363281250e+02
2.539639282226562500e+01
9.553943634033203125e+01
1.654597320556640625e+02
1.689135894775390625e+02
2.305651664733886719e+01
9.334603118896484375e+01
2.970714111328125000e+02
1.844617614746093750e+02
5.490818786621093750e+01
2.129812164306640625e+02
2.925098876953125000e+02
1.581948852539062500e+02
4.933831405639648438e+01
2.440962524414062500e+02
1.969187011718750000e+02
1.633359069824218750e+02
3.912066650390625000e+01
1.158240814208984375e+02
-7.604227066040039062e-01
1.856915130615234375e+02
2.411479949951171875e+01
9.795144653320312500e+01
3.512138366699218750e+02
1.700745849609375000e+02
5.413608169555664062e+01
2.165840301513671875e+02
1.198754348754882812e+02
1.751015014648437500e+02
7.737935543060302734e+00
3.036005973815917969e+01
1.517381744384765625e+02
1.737967529296875000e+02
7.888638973236083984e+00
4.372581863403320312e+01
6.275682449340820312e-01
1.988184356689453125e+02
2.218725967407226562e+01
9.430834197998046875e+01
1.977350006103515625e+02
1.737954559326171875e+02
3.805598831176757812e+01
1.045380325317382812e+02
3.065338439941406250e+02
1.526988677978515625e+02
3.976938247680664062e+01
2.299248352050781250e+02
1.447333526611328125e+02
1.760132598876953125e+02
8.266706466674804688e+00
3.838910675048828125e+01
2.273982543945312500e+02
1.724944915771484375e+02
2.020691490173339844e+01
9.113112640380859375e+01
2.533112487792968750e+02
1.684342498779296875e+02
8.851187705993652344e+00
3.631570816040039062e+01
3.539970703125000000e+02
1.654330444335937500e+02
4.850750350952148438e+01
2.022736053466796875e+02
3.331828002929687500e+02
1.633868408203125000e+02
8.114839172363281250e+01
2.549736480712890625e+02
3.267246704101562500e+02
1.664328002929687500e+02
3.808563613891601562e+01
2.260289764404296875e+02
1.524580535888671875e+02
1.722536468505859375e+02
7.492604732513427734e+00
3.591689682006835938e+01
2.486462249755859375e+02
1.668285827636718750e+02
9.273949623107910156e+00
3.943005371093750000e+01
8.042785644531250000e+01
1.780830688476562500e+02
1.127861213684082031e+01
4.048640823364257812e+01
3.291123657226562500e+02
1.519723052978515625e+02
3.351505279541015625e+01
2.283005065917968750e+02
1.906432037353515625e+02
1.644438934326171875e+02
2.061248207092285156e+01
7.244342041015625000e+01
0.000000000000000000e+00
0.000000000000000000e+00
0.000000000000000000e+00
0.000000000000000000e+00
