1.584179077148437500e+02
1.674632263183593750e+02
2.394605827331542969e+01
1.008372650146484375e+02
2.901437683105468750e+02
1.677311401367187500e+02
4.950364685058593750e+01
2.272657623291015625e+02
2.265757598876953125e+02
1.719346771240234375e+02
2.077352905273437500e+01
9.170554351806640625e+01
1.900447387695312500e+02
1.608795318603515625e+02
1.942745971679687500e+01
1.095521545410156250e+02
2.028366088867187500e+02
1.749758605957031250e+02
2.502891159057617188e+01
1.045743637084960938e+02
3.264944458007812500e+02
1.478597717285156250e+02
8.388613891601562500e+01
2.636911621093750000e+02
3.757625579833984375e+00
1.915892639160156250e+02
3.410929107666015625e+01
8.532460021972656250e+01
2.866308898925781250e+02
1.872455139160156250e+02
5.466805648803710938e+01
2.062014617919921875e+02
1.505264892578125000e+02
1.751791687011718750e+02
9.676330566406250000e+00
4.419316482543945312e+01
3.918880310058593750e+02
1.464697570800781250e+02
2.390312194824218750e+01
2.068581237792968750e+02
1.201935195922851562e+02
1.740780944824218750e+02
7.756813526153564453e+00
3.240917968750000000e+01
2.061668701171875000e+02
1.738607330322265625e+02
2.267085075378417969e+01
9.317301177978515625e+01
3.927644348144531250e+02
1.524570922851562500e+02
2.278380775451660156e+01
2.202310791015625000e+02
1.383658905029296875e+02
1.769561462402343750e+02
7.595771312713623047e+00
3.316012954711914062e+01
2.952566528320312500e+02
1.592580871582031250e+02
4.149375915527343750e+01
2.180699462890625000e+02
1.713844299316406250e+00
1.974399566650390625e+02
4.596360015869140625e+01
9.980898284912109375e+01
1.951868896484375000e+02
1.714320678710937500e+02
3.928747177124023438e+01
1.105636978149414062e+02
2.994401550292968750e+02
1.681144104003906250e+02
4.787902832031250000e+01
2.236705932617187500e+02
3.267533874511718750e+02
1.566155548095703125e+02
3.174864196777343750e+01
2.185840148925781250e+02
3.346088562011718750e+02
1.545805664062500000e+02
5.319916534423828125e+01
2.442470703125000000e+02
1.938599243164062500e+02
1.628920440673828125e+02
4.062908554077148438e+01
1.164908981323242188e+02
1.777656555175781250e+00
1.882821502685546875e+02
4.100887680053710938e+01
9.382762908935546875e+01
0.000000000000000000e+00
0.000000000000000000e+00
0.000000000000000000e+00
0.000000000000000000e+00
