1.533335571289062500e+02
1.697824249267578125e+02
2.828884506225585938e+01
9.545682525634765625e+01
2.852987060546875000e+02
1.670145874023437500e+02
4.553089141845703125e+01
2.243690795898437500e+02
2.114065933227539062e+01
1.914290924072265625e+02
3.031631469726562500e+01
8.449395751953125000e+01
1.977943115234375000e+02
1.733702087402343750e+02
2.647568130493164062e+01
1.067961349487304688e+02
3.211420288085937500e+02
1.491419372558593750e+02
8.018833923339843750e+01
2.634122924804687500e+02
1.931877288818359375e+02
1.697921600341796875e+02
3.722442626953125000e+01
1.130900802612304688e+02
3.801780395507812500e+02
1.545108642578125000e+02
3.466954040527343750e+01
1.871015777587890625e+02
1.921613006591796875e+02
1.657713623046875000e+02
3.926053619384765625e+01
1.119749755859375000e+02
1.485356140136718750e+02
1.653309631347656250e+02
3.885765838623046875e+01
1.033259429931640625e+02
3.318935852050781250e+02
1.382099304199218750e+02
5.420193862915039062e+01
2.807650146484375000e+02
3.801182250976562500e+02
1.545642089843750000e+02
3.502044296264648438e+01
1.618444824218750000e+02
2.891430358886718750e+02
1.517182312011718750e+02
4.009600448608398438e+01
2.343685913085937500e+02
1.205480728149414062e+02
1.742197113037109375e+02
7.285574913024902344e+00
3.197879028320312500e+01
2.235105285644531250e+02
1.714703216552734375e+02
1.619487953186035156e+01
9.121366119384765625e+01
3.169096984863281250e+02
1.600769958496093750e+02
3.016211318969726562e+01
2.123402709960937500e+02
3.877575683593750000e+02
1.506833190917968750e+02
2.684766387939453125e+01
1.944112854003906250e+02
2.016079101562500000e+02
1.712630462646484375e+02
2.322341156005859375e+01
9.880535125732421875e+01
3.237175292968750000e+02
1.592269134521484375e+02
3.694445800781250000e+01
2.408008117675781250e+02
1.865382385253906250e+02
1.581596527099609375e+02
3.666681289672851562e+01
1.237497558593750000e+02
2.846948547363281250e+02
1.830868835449218750e+02
4.901321029663085938e+01
2.153262939453125000e+02
2.381134490966796875e+02
1.669107055664062500e+02
1.151579761505126953e+01
6.183787918090820312e+01
3.792866821289062500e+02
1.651618041992187500e+02
3.541653060913085938e+01
1.934598388671875000e+02
2.797823791503906250e+02
1.683373413085937500e+02
4.536709976196289062e+01
2.213676147460937500e+02
2.391016693115234375e+02
1.753328552246093750e+02
1.152703475952148438e+01
5.497843933105468750e+01
1.879797821044921875e+02
1.696359100341796875e+02
3.624052810668945312e+01
1.131351318359375000e+02
1.517482452392578125e+02
1.741003265380859375e+02
9.810232162475585938e+00
4.525939559936523438e+01
3.224035644531250000e+02
1.572057342529296875e+02
8.074934387207031250e+01
2.658558044433593750e+02
3.889640197753906250e+02
1.590627136230468750e+02
2.523614883422851562e+01
2.047927246093750000e+02
1.927895965576171875e+02
1.788308410644531250e+02
2.430441093444824219e+01
9.618333435058593750e+01
1.891149139404296875e+02
1.683530731201171875e+02
2.001028251647949219e+01
9.947314453125000000e+01
3.160635986328125000e+02
1.582503051757812500e+02
2.964052963256835938e+01
1.843375701904296875e+02
7.881730651855468750e+01
1.811123199462890625e+02
1.326518344879150391e+01
4.142471694946289062e+01
8.696309661865234375e+01
1.765197753906250000e+02
1.100584506988525391e+01
4.321338272094726562e+01
7.950822448730468750e+01
1.785963745117187500e+02
1.251594734191894531e+01
4.006910705566406250e+01
3.869716186523437500e+02
1.474025878906250000e+02
2.834787178039550781e+01
1.751473846435546875e+02
1.448428497314453125e+02
1.781818237304687500e+02
7.135192871093750000e+00
3.097899246215820312e+01
0.000000000000000000e+00
0.000000000000000000e+00
0.000000000000000000e+00
0.000000000000000000e+00
