1.859108581542968750e+02
1.682831878662109375e+02
2.458179664611816406e+01
9.372010040283203125e+01
2.354812164306640625e+02
1.658374633789062500e+02
2.493408584594726562e+01
1.101286163330078125e+02
2.058904724121093750e+02
1.635675659179687500e+02
2.790761566162109375e+01
1.026124496459960938e+02
1.396579437255859375e+02
1.753461303710937500e+02
1.144769191741943359e+01
4.141156387329101562e+01
3.389217224121093750e+02
1.627637481689453125e+02
4.890886306762695312e+01
2.376097106933593750e+02
2.345817260742187500e+02
1.714235534667968750e+02
2.521688270568847656e+01
1.079077072143554688e+02
1.526803283691406250e+02
1.736496734619140625e+02
9.154953002929687500e+00
3.457171630859375000e+01
3.452434692382812500e+02
1.617962341308593750e+02
6.223415756225585938e+01
2.399814605712890625e+02
3.688029174804687500e+02
1.566769256591796875e+02
4.333712768554687500e+01
2.461136779785156250e+02
1.527381439208984375e+02
1.758880767822265625e+02
9.933156967163085938e+00
3.402209472656250000e+01
1.261298675537109375e+02
1.744859466552734375e+02
8.247686386108398438e+00
3.215043258666992188e+01
3.686058959960937500e+02
1.405655822753906250e+02
4.282630538940429688e+01
2.541947174072265625e+02
1.180481185913085938e+02
1.740301666259765625e+02
8.916399955749511719e+00
3.241052246093750000e+01
2.288602600097656250e+02
1.617247314453125000e+02
3.510436248779296875e+01
1.180965270996093750e+02
1.378780670166015625e+02
1.781853332519531250e+02
1.101605033874511719e+01
3.887978363037109375e+01
2.012648315429687500e+02
1.587495117187500000e+02
3.684721755981445312e+01
1.126339721679687500e+02
3.369059753417968750e+02
1.587536621093750000e+02
5.291681671142578125e+01
2.649374389648437500e+02
8.747048950195312500e+01
1.762664184570312500e+02
1.289308547973632812e+01
4.385729980468750000e+01
7.990184020996093750e+01
1.835163726806640625e+02
1.239210891723632812e+01
3.883238601684570312e+01
1.181027679443359375e+02
1.779333801269531250e+02
8.338746070861816406e+00
2.992157554626464844e+01
1.256776657104492188e+02
1.781656494140625000e+02
8.371044158935546875e+00
2.920288848876953125e+01
0.000000000000000000e+00
0.000000000000000000e+00
0.000000000000000000e+00
0.000000000000000000e+00
