2.773087768554687500e+02
1.683572692871093750e+02
1.749227523803710938e+01
9.638011932373046875e+01
1.734865417480468750e+02
1.726696166992187500e+02
1.752818489074707031e+01
8.177330017089843750e+01
3.784069824218750000e+02
1.620906066894531250e+02
3.670730590820312500e+01
1.766222991943359375e+02
3.559700012207031250e+00
1.510251617431640625e+02
3.537696838378906250e+01
1.705024414062500000e+02
3.775859985351562500e+02
1.718976287841796875e+02
3.825228881835937500e+01
1.795843200683593750e+02
2.208364715576171875e+02
1.576203155517578125e+02
4.831649398803710938e+01
2.377994079589843750e+02
1.575637054443359375e+02
1.794381713867187500e+02
1.122226524353027344e+01
4.989021301269531250e+01
1.074407958984375000e+02
1.762713317871093750e+02
1.117045593261718750e+01
4.043043518066406250e+01
3.562700500488281250e+02
1.588856201171875000e+02
3.762384033203125000e+01
1.708974914550781250e+02
1.869395294189453125e+02
1.652085571289062500e+02
3.631091690063476562e+01
1.939882812500000000e+02
2.242976379394531250e+02
1.716131591796875000e+02
4.592708969116210938e+01
1.876428680419921875e+02
3.585590209960937500e+02
1.589760894775390625e+02
3.268791198730468750e+01
1.567142333984375000e+02
2.583715820312500000e+02
1.723713226318359375e+02
9.472197532653808594e+00
4.184412765502929688e+01
1.051106185913085938e+02
1.746564941406250000e+02
1.072725296020507812e+01
4.288524246215820312e+01
3.852648010253906250e+02
1.547026367187500000e+02
3.164991569519042969e+01
1.940841217041015625e+02
3.851599731445312500e+02
1.614770812988281250e+02
3.207291030883789062e+01
1.991315765380859375e+02
2.580086059570312500e+02
1.703061981201171875e+02
8.971951484680175781e+00
4.029713821411132812e+01
7.916352081298828125e+01
1.803114929199218750e+02
1.234386348724365234e+01
4.293872833251953125e+01
7.972446441650390625e+01
1.782373046875000000e+02
1.195486259460449219e+01
4.018881988525390625e+01
1.722425231933593750e+02
1.686811828613281250e+02
1.814129447937011719e+01
7.540589141845703125e+01
2.600134277343750000e+02
1.741346282958984375e+02
8.956595420837402344e+00
3.863762664794921875e+01
1.858549499511718750e+02
1.601901397705078125e+02
3.633481216430664062e+01
1.836993713378906250e+02
3.035309143066406250e+02
1.665876922607421875e+02
1.078672218322753906e+01
4.467268753051757812e+01
1.914919738769531250e+02
1.631577911376953125e+02
3.812454223632812500e+01
2.005043029785156250e+02
0.000000000000000000e+00
0.000000000000000000e+00
0.000000000000000000e+00
0.000000000000000000e+00
