1.273686370849609375e+02
1.636616363525390625e+02
2.060641860961914062e+01
1.057563400268554688e+02
1.574409790039062500e+02
1.677058410644531250e+02
2.187239074707031250e+01
1.168067550659179688e+02
3.213808593750000000e+02
1.639980773925781250e+02
2.467506217956542969e+01
1.365662994384765625e+02
1.781714782714843750e+02
1.625032043457031250e+02
2.220672988891601562e+01
1.100560379028320312e+02
3.190613708496093750e+02
1.606027526855468750e+02
2.895538139343261719e+01
1.431907196044921875e+02
2.415290679931640625e+02
1.705968322753906250e+02
4.287454605102539062e+01
2.098242187500000000e+02
2.424398956298828125e+02
1.605615539550781250e+02
4.005116653442382812e+01
2.166416473388671875e+02
7.587253570556640625e+00
1.466399383544921875e+02
8.851508331298828125e+01
2.676423645019531250e+02
1.572309417724609375e+02
1.702649688720703125e+02
2.127239608764648438e+01
1.030135803222656250e+02
2.741439514160156250e+02
1.723495941162109375e+02
5.299692916870117188e+01
2.169615173339843750e+02
2.591534729003906250e+02
1.604072570800781250e+02
8.057085418701171875e+01
2.433759765625000000e+02
2.822653198242187500e+02
1.767080993652343750e+02
4.939541625976562500e+01
2.094172821044921875e+02
3.639818115234375000e+02
1.680570678710937500e+02
2.104079246520996094e+01
5.896937942504882812e+01
1.825921020507812500e+02
1.643939208984375000e+02
2.193037986755371094e+01
1.010419158935546875e+02
2.812235717773437500e+02
1.880292510986328125e+02
5.134359359741210938e+01
2.108719787597656250e+02
1.278154678344726562e+02
1.783531951904296875e+02
1.899855041503906250e+01
9.632196807861328125e+01
2.744668273925781250e+02
1.885062866210937500e+02
5.457358169555664062e+01
2.093711700439453125e+02
3.221334838867187500e+02
1.600430603027343750e+02
2.997951316833496094e+01
1.449506530761718750e+02
9.069517517089843750e+01
1.954781036376953125e+02
1.490770244598388672e+01
4.826708602905273438e+01
1.086820602416992188e+02
1.811280822753906250e+02
1.274696254730224609e+01
6.257210159301757812e+01
2.654227294921875000e+02
1.640673828125000000e+02
7.321035766601562500e+01
2.536112823486328125e+02
3.980788574218750000e+02
1.482704925537109375e+02
1.637145233154296875e+01
1.042152099609375000e+02
2.155164489746093750e+02
1.709604187011718750e+02
7.366854190826416016e+00
3.437643814086914062e+01
3.175198974609375000e+02
1.529496002197265625e+02
3.019342041015625000e+01
1.387805786132812500e+02
0.000000000000000000e+00
0.000000000000000000e+00
0.000000000000000000e+00
0.000000000000000000e+00
