2.351757812500000000e+02
1.671991577148437500e+02
2.223127174377441406e+01
9.881135559082031250e+01
2.582153930664062500e+02
1.717447509765625000e+02
2.195628929138183594e+01
9.241387939453125000e+01
2.633482360839843750e+02
1.678246154785156250e+02
2.249258613586425781e+01
1.039090576171875000e+02
1.359051666259765625e+02
1.767992248535156250e+02
8.015521049499511719e+00
3.759736251831054688e+01
2.152666168212890625e+02
1.722103729248046875e+02
2.121312904357910156e+01
8.307333374023437500e+01
1.560285949707031250e+02
1.729317321777343750e+02
9.688815116882324219e+00
4.127334976196289062e+01
1.265929489135742188e+02
1.772695465087890625e+02
7.709367752075195312e+00
3.136236953735351562e+01
1.188623657226562500e+02
1.777890167236328125e+02
8.826570510864257812e+00
3.089422988891601562e+01
3.645139465332031250e+02
1.195659484863281250e+02
5.092058563232421875e+01
3.157686157226562500e+02
1.261669845581054688e+02
1.746895446777343750e+02
7.794632911682128906e+00
3.251886749267578125e+01
3.670690612792968750e+02
8.656262207031250000e+01
4.732062530517578125e+01
3.556823120117187500e+02
1.444694213867187500e+02
1.765546264648437500e+02
7.755497455596923828e+00
3.750300979614257812e+01
2.105243835449218750e+02
1.754078216552734375e+02
2.457844734191894531e+01
7.562448120117187500e+01
1.193590011596679688e+02
1.738351135253906250e+02
9.321248054504394531e+00
3.336441802978515625e+01
3.452133789062500000e+02
1.345129089355468750e+02
6.971487426757812500e+01
2.705093383789062500e+02
2.160091094970703125e+02
1.652341003417968750e+02
1.973567390441894531e+01
7.777394104003906250e+01
1.541022796630859375e+02
1.758851318359375000e+02
7.247855663299560547e+00
3.641094970703125000e+01
0.000000000000000000e+00
0.000000000000000000e+00
0.000000000000000000e+00
0.000000000000000000e+00
