1.050826416015625000e+02
1.650988464355468750e+02
2.435861206054687500e+01
1.326085662841796875e+02
9.999272918701171875e+01
1.665232238769531250e+02
3.162585830688476562e+01
1.292413482666015625e+02
1.381944580078125000e+02
1.733508300781250000e+02
2.244077491760253906e+01
8.948221588134765625e+01
1.326763610839843750e+02
1.696736450195312500e+02
1.962468910217285156e+01
9.949449920654296875e+01
1.349326629638671875e+02
1.768307495117187500e+02
2.207431602478027344e+01
1.010730743408203125e+02
9.399157714843750000e+01
1.708956451416015625e+02
3.369788360595703125e+01
1.238993301391601562e+02
2.736410217285156250e+02
1.687091827392578125e+02
7.881974697113037109e+00
3.963129425048828125e+01
3.640368652343750000e+02
1.673520660400390625e+02
2.150462150573730469e+01
6.473220062255859375e+01
3.280417785644531250e+02
1.673019256591796875e+02
9.554697036743164062e+00
4.563793563842773438e+01
3.272296447753906250e+02
1.725844726562500000e+02
1.109957218170166016e+01
4.224546813964843750e+01
1.319800415039062500e+02
1.771072692871093750e+02
2.145911026000976562e+01
9.906359863281250000e+01
3.926343078613281250e+02
1.542749633789062500e+02
2.409336853027343750e+01
1.846752166748046875e+02
1.606531829833984375e+02
1.758183441162109375e+02
7.915461063385009766e+00
3.857393646240234375e+01
0.000000000000000000e+00
0.000000000000000000e+00
0.000000000000000000e+00
0.000000000000000000e+00
