1.736670684814453125e+02
1.631069946289062500e+02
2.923103713989257812e+01
1.421334228515625000e+02
2.040713043212890625e+02
1.742428588867187500e+02
2.728622055053710938e+01
1.183205947875976562e+02
1.215436935424804688e+02
1.684199829101562500e+02
1.668916320800781250e+01
7.128105163574218750e+01
2.017588195800781250e+02
1.708898773193359375e+02
3.422169113159179688e+01
1.216231613159179688e+02
1.739670104980468750e+02
1.677525939941406250e+02
2.668655204772949219e+01
1.316495971679687500e+02
1.327431335449218750e+02
1.638711547851562500e+02
4.669865036010742188e+01
1.978217773437500000e+02
2.491605834960937500e+02
1.695417175292968750e+02
9.658576011657714844e+00
4.253350448608398438e+01
2.488130340576171875e+02
1.724712219238281250e+02
1.113646984100341797e+01
4.107006454467773438e+01
1.087004699707031250e+02
1.729436950683593750e+02
1.061758327484130859e+01
4.493734741210937500e+01
2.203638610839843750e+02
1.687295989990234375e+02
2.183101081848144531e+01
1.026801757812500000e+02
1.731859283447265625e+02
1.653759002685546875e+02
2.981707000732421875e+01
1.528231201171875000e+02
1.230127716064453125e+02
1.722610168457031250e+02
1.350827312469482422e+01
6.511057281494140625e+01
2.194497375488281250e+02
1.691805725097656250e+02
2.180575180053710938e+01
1.160136108398437500e+02
1.159871215820312500e+02
1.699712982177734375e+02
1.941827201843261719e+01
6.428203582763671875e+01
1.329910278320312500e+02
1.707563629150390625e+02
4.502577590942382812e+01
1.581972656250000000e+02
2.384969177246093750e+02
1.700801086425781250e+02
7.912865638732910156e+00
3.695197296142578125e+01
2.515752716064453125e+02
1.727403564453125000e+02
1.095076847076416016e+01
4.063645935058593750e+01
2.521598205566406250e+02
1.691570434570312500e+02
1.047387504577636719e+01
4.335850524902343750e+01
1.042996673583984375e+02
1.737058715820312500e+02
9.322303771972656250e+00
4.465701293945312500e+01
1.451446533203125000e+02
1.796493377685546875e+02
5.696365356445312500e+00
1.521146869659423828e+01
0.000000000000000000e+00
0.000000000000000000e+00
0.000000000000000000e+00
0.000000000000000000e+00
