1.611345062255859375e+02
1.653716735839843750e+02
2.352234840393066406e+01
1.211411285400390625e+02
1.304679260253906250e+02
1.642402191162109375e+02
2.051563835144042969e+01
1.077897033691406250e+02
3.260266418457031250e+02
1.616587066650390625e+02
2.915049362182617188e+01
1.462655029296875000e+02
1.839496459960937500e+02
1.633566284179687500e+02
2.317473602294921875e+01
1.001336212158203125e+02
1.313389434814453125e+02
1.802533264160156250e+02
1.939990615844726562e+01
9.210243225097656250e+01
2.465113677978515625e+02
1.510829772949218750e+02
4.005985641479492188e+01
2.319630889892578125e+02
1.614381713867187500e+02
1.637872772216796875e+02
2.191873550415039062e+01
1.166222152709960938e+02
2.871392211914062500e+02
1.754881744384765625e+02
4.989814758300781250e+01
2.094640808105468750e+02
2.351493835449218750e-01
1.402311706542968750e+02
7.854509735107421875e+01
2.823878784179687500e+02
1.540779724121093750e+02
1.580844421386718750e+02
3.365924072265625000e+01
1.272339401245117188e+02
2.451089172363281250e+02
1.667080993652343750e+02
4.332848358154296875e+01
2.157652740478515625e+02
3.278254699707031250e+02
1.703397827148437500e+02
2.483042907714843750e+01
1.290236968994140625e+02
9.726477813720703125e+01
1.844501647949218750e+02
1.924941444396972656e+01
6.748049163818359375e+01
1.536846313476562500e+02
1.663041381835937500e+02
3.356575393676757812e+01
1.190588989257812500e+02
2.875761718750000000e+02
1.690854187011718750e+02
4.649749374389648438e+01
1.956370391845703125e+02
3.252578125000000000e+02
1.668150634765625000e+02
3.060362434387207031e+01
1.493274078369140625e+02
3.652026977539062500e+02
1.676557159423828125e+02
2.136113357543945312e+01
5.899817276000976562e+01
8.203666687011718750e+01
1.873946533203125000e+02
1.903926086425781250e+01
6.113671493530273438e+01
2.874880676269531250e+02
1.897369689941406250e+02
5.064809417724609375e+01
2.087485961914062500e+02
1.194684906005859375e+02
1.738101654052734375e+02
7.870806694030761719e+00
3.000408744812011719e+01
3.974755249023437500e+02
1.484656066894531250e+02
1.706454849243164062e+01
1.043068695068359375e+02
2.249595489501953125e+02
1.698431701660156250e+02
8.568948745727539062e+00
3.612448120117187500e+01
1.142757568359375000e+02
1.782326660156250000e+02
5.568102836608886719e+00
2.273645401000976562e+01
0.000000000000000000e+00
0.000000000000000000e+00
0.000000000000000000e+00
0.000000000000000000e+00
