1.044665985107421875e+02
1.604040832519531250e+02
2.951403808593750000e+01
1.360747985839843750e+02
3.341780853271484375e+01
1.720050964355468750e+02
3.548248672485351562e+01
1.445471038818359375e+02
2.029588012695312500e+02
1.627272949218750000e+02
3.513364791870117188e+01
1.966547851562500000e+02
5.940180969238281250e+01
1.741528015136718750e+02
2.697186470031738281e+01
1.142922668457031250e+02
2.337821197509765625e+02
1.527166137695312500e+02
5.238125991821289062e+01
2.470538177490234375e+02
1.069281616210937500e+02
1.655749816894531250e+02
2.617767143249511719e+01
1.293455505371093750e+02
2.028808593750000000e+02
1.583262176513671875e+02
3.461958312988281250e+01
1.891306152343750000e+02
2.712125778198242188e+01
1.702155151367187500e+02
3.756462097167968750e+01
1.466547851562500000e+02
5.486049270629882812e+01
1.694214782714843750e+02
3.363339996337890625e+01
1.221231536865234375e+02
3.293772125244140625e+01
1.651979827880859375e+02
3.776507949829101562e+01
1.437613830566406250e+02
-9.992361068725585938e-01
1.743392791748046875e+02
1.403805541992187500e+01
1.426621398925781250e+02
1.032834014892578125e+02
1.521167602539062500e+02
3.316641616821289062e+01
1.389759368896484375e+02
2.376478729248046875e+02
1.565441589355468750e+02
4.951645278930664062e+01
2.198741912841796875e+02
2.360112762451171875e+01
1.638019714355468750e+02
4.217261505126953125e+01
1.482286071777343750e+02
1.590867004394531250e+02
1.832053222656250000e+02
8.786328315734863281e+00
4.320885467529296875e+01
-4.204525947570800781e-01
1.510876617431640625e+02
1.189602947235107422e+01
1.696079711914062500e+02
1.502541198730468750e+02
1.835758819580078125e+02
8.961687088012695312e+00
3.976242065429687500e+01
1.417470703125000000e+02
1.932425231933593750e+02
1.276549530029296875e+01
4.010801315307617188e+01
3.629624633789062500e+02
1.668072052001953125e+02
2.319625282287597656e+01
6.460234832763671875e+01
2.050081481933593750e+02
1.569129791259765625e+02
4.158320236206054688e+01
2.104233703613281250e+02
1.754417419433593750e+02
1.865590667724609375e+02
5.411766052246093750e+00
2.224427604675292969e+01
0.000000000000000000e+00
0.000000000000000000e+00
0.000000000000000000e+00
0.000000000000000000e+00
