8.989344024658203125e+01
1.694009704589843750e+02
2.747639656066894531e+01
1.171805877685546875e+02
1.161793823242187500e+02
1.668015289306640625e+02
3.747482681274414062e+01
1.226465988159179688e+02
1.560308227539062500e+02
1.646813812255859375e+02
2.747400093078613281e+01
1.117965927124023438e+02
2.257950897216796875e+02
1.275395965576171875e+02
1.117164001464843750e+02
2.843935241699218750e+02
1.518567352294921875e+02
1.598424072265625000e+02
3.508109283447265625e+01
1.201004562377929688e+02
8.457945251464843750e+01
1.692560882568359375e+02
3.437862014770507812e+01
1.157247695922851562e+02
2.402626342773437500e+02
1.349806823730468750e+02
1.037596893310546875e+02
2.689973144531250000e+02
2.149226226806640625e+02
1.554141235351562500e+02
3.588944625854492188e+01
1.793383941650390625e+02
3.633886413574218750e+02
1.689706420898437500e+02
2.238442420959472656e+01
6.128388214111328125e+01
2.153248596191406250e+02
1.608674468994140625e+02
3.615458297729492188e+01
1.495704040527343750e+02
1.563086395263671875e+02
1.724950103759765625e+02
2.636130714416503906e+01
1.070632858276367188e+02
1.220608367919921875e+02
1.733181152343750000e+02
2.897577667236328125e+01
1.101265792846679688e+02
8.505055236816406250e+01
1.658242492675781250e+02
3.556587982177734375e+01
1.134982452392578125e+02
1.138116226196289062e+02
1.771748504638671875e+02
5.488421916961669922e+00
2.381993675231933594e+01
2.291900939941406250e+02
1.355356903076171875e+02
1.058104705810546875e+02
2.260321960449218750e+02
1.215243377685546875e+02
1.769444885253906250e+02
6.101988792419433594e+00
2.229969406127929688e+01
1.688995056152343750e+02
1.576393737792968750e+02
1.869201850891113281e+01
1.169573440551757812e+02
0.000000000000000000e+00
0.000000000000000000e+00
0.000000000000000000e+00
0.000000000000000000e+00
