3.000957946777343750e+02
1.585106201171875000e+02
2.066863822937011719e+01
1.168945312500000000e+02
3.426950683593750000e+02
1.679447631835937500e+02
4.422499465942382812e+01
1.639467620849609375e+02
3.490564270019531250e+02
1.639453735351562500e+02
4.087111282348632812e+01
1.721411895751953125e+02
1.622901611328125000e+02
1.755009765625000000e+02
1.918106079101562500e+01
7.071967315673828125e+01
2.526419372558593750e+02
1.685470581054687500e+02
9.702145576477050781e+00
4.421814727783203125e+01
2.152138824462890625e+02
1.632081604003906250e+02
4.177037811279296875e+01
2.277483062744140625e+02
1.828561248779296875e+02
1.683093719482421875e+02
3.691196441650390625e+01
1.862223205566406250e+02
3.412029724121093750e+02
1.836743774414062500e+02
4.659399795532226562e+01
1.523441619873046875e+02
2.525961761474609375e+02
1.723394317626953125e+02
9.921893119812011719e+00
4.125108718872070312e+01
1.616842498779296875e+02
1.746660766601562500e+02
1.763833999633789062e+01
6.216679763793945312e+01
2.146077575683593750e+02
1.534734191894531250e+02
4.124572372436523438e+01
2.269607086181640625e+02
1.218399658203125000e+02
1.776594848632812500e+02
5.699997425079345703e+00
2.049485778808593750e+01
1.097671432495117188e+02
1.749344177246093750e+02
9.339290618896484375e+00
4.098169326782226562e+01
1.818429107666015625e+02
1.613738098144531250e+02
3.872147369384765625e+01
1.815324859619140625e+02
1.489825897216796875e+02
1.811663055419921875e+02
1.168902969360351562e+01
4.682498550415039062e+01
3.013375244140625000e+02
1.770426788330078125e+02
1.957289314270019531e+01
9.843939971923828125e+01
1.364107513427734375e+02
1.764378204345703125e+02
5.497241497039794922e+00
2.223518180847167969e+01
1.443702850341796875e+02
1.783760223388671875e+02
8.516448020935058594e+00
3.051771926879882812e+01
3.472117309570312500e+02
1.748074645996093750e+02
4.429773712158203125e+01
1.671306152343750000e+02
3.421890563964843750e+02
1.607507019042968750e+02
1.471607398986816406e+01
8.849691009521484375e+01
1.289090118408203125e+02
1.778530578613281250e+02
4.917455673217773438e+00
1.847517395019531250e+01
2.214184875488281250e+02
1.817843475341796875e+02
4.823368835449218750e+01
1.939421691894531250e+02
0.000000000000000000e+00
0.000000000000000000e+00
0.000000000000000000e+00
0.000000000000000000e+00
