1.583949737548828125e+02
1.753160400390625000e+02
2.210555839538574219e+01
8.631160736083984375e+01
1.375567779541015625e+02
1.683864135742187500e+02
2.348627281188964844e+01
1.180163269042968750e+02
2.732555847167968750e+02
1.707890625000000000e+02
8.421092987060546875e+00
3.746235656738281250e+01
1.098282699584960938e+02
1.824529266357421875e+02
2.253048896789550781e+01
9.736096954345703125e+01
1.403378753662109375e+02
1.754486083984375000e+02
2.164049530029296875e+01
9.137145233154296875e+01
1.193206787109375000e+02
1.683759765625000000e+02
3.569375228881835938e+01
1.322779998779296875e+02
1.307479705810546875e+02
1.688396606445312500e+02
3.625067138671875000e+01
1.185039215087890625e+02
3.633988647460937500e+02
1.674125823974609375e+02
2.344545364379882812e+01
6.433124542236328125e+01
1.571175994873046875e+02
1.911011352539062500e+02
2.110284805297851562e+01
7.107402038574218750e+01
2.167403259277343750e+02
1.734140930175781250e+02
8.937682151794433594e+00
2.916207122802734375e+01
1.073587341308593750e+02
1.663843078613281250e+02
3.240046310424804688e+01
1.356305999755859375e+02
2.356980743408203125e+02
1.737627868652343750e+02
1.131146717071533203e+01
4.351925659179687500e+01
0.000000000000000000e+00
0.000000000000000000e+00
0.000000000000000000e+00
0.000000000000000000e+00
