1.518500213623046875e+02
1.652513732910156250e+02
2.450258445739746094e+01
1.322712554931640625e+02
1.756891479492187500e+02
1.715602569580078125e+02
2.353665161132812500e+01
9.899362182617187500e+01
1.191134490966796875e+02
1.644184417724609375e+02
3.982006072998046875e+01
1.651570129394531250e+02
1.495002899169921875e+02
1.668068237304687500e+02
3.054482841491699219e+01
1.320125274658203125e+02
1.734755554199218750e+02
1.754977264404296875e+02
2.307066917419433594e+01
1.003988723754882812e+02
2.628300781250000000e+02
1.710619812011718750e+02
7.674623966217041016e+00
3.840599060058593750e+01
1.198068389892578125e+02
1.669258728027343750e+02
3.668914413452148438e+01
1.372165679931640625e+02
1.041216430664062500e+02
1.752819671630859375e+02
1.065576076507568359e+01
4.261789321899414062e+01
2.079537353515625000e+02
1.684384002685546875e+02
8.430147171020507812e+00
3.579122161865234375e+01
2.631244201660156250e+02
1.756997985839843750e+02
7.545975208282470703e+00
3.493020248413085938e+01
1.539676971435546875e+02
1.775893402099609375e+02
2.061979293823242188e+01
8.263019561767578125e+01
2.173551940917968750e+02
1.721928710937500000e+02
8.013462066650390625e+00
3.096117210388183594e+01
3.636109313964843750e+02
1.688822479248046875e+02
2.388437652587890625e+01
5.989445877075195312e+01
0.000000000000000000e+00
0.000000000000000000e+00
0.000000000000000000e+00
0.000000000000000000e+00
