2.109154815673828125e+02
1.598570251464843750e+02
4.051715469360351562e+01
2.389767913818359375e+02
1.532246246337890625e+02
1.771544799804687500e+02
1.843174171447753906e+01
7.331885528564453125e+01
1.752651519775390625e+02
1.658587646484375000e+02
3.965779495239257812e+01
1.909622344970703125e+02
1.089904403686523438e+02
1.741597290039062500e+02
1.083259582519531250e+01
4.303968048095703125e+01
3.117724609375000000e+02
1.662469177246093750e+02
3.852260589599609375e+01
1.599250183105468750e+02
3.119997253417968750e+02
1.565949707031250000e+02
3.602576828002929688e+01
1.580243072509765625e+02
8.441645812988281250e+01
1.756920166015625000e+02
1.176875114440917969e+01
4.491213226318359375e+01
1.214877166748046875e+02
1.767069244384765625e+02
5.802804946899414062e+00
2.298846244812011719e+01
2.133231506347656250e+02
1.610645446777343750e+02
3.841393280029296875e+01
2.115137176513671875e+02
1.721205291748046875e+02
1.697779846191406250e+02
3.729276657104492188e+01
1.827807617187500000e+02
2.389527435302734375e+02
1.675779418945312500e+02
1.589441680908203125e+01
6.680120086669921875e+01
2.104905853271484375e+02
1.799608764648437500e+02
4.110212326049804688e+01
2.211859893798828125e+02
1.754502258300781250e+02
1.593799743652343750e+02
3.930691909790039062e+01
1.879783172607421875e+02
3.632121582031250000e+02
1.682783813476562500e+02
2.335075378417968750e+01
6.177671813964843750e+01
2.899009094238281250e+02
1.696268157958984375e+02
7.136617660522460938e+00
4.067198562622070312e+01
2.489376525878906250e+02
1.683792266845703125e+02
8.784530639648437500e+00
3.971360015869140625e+01
3.190853881835937500e+02
1.658502502441406250e+02
4.148600769042968750e+01
1.611078338623046875e+02
1.373416595458984375e+02
1.763191680908203125e+02
5.220890522003173828e+00
2.220782279968261719e+01
1.282663421630859375e+02
1.775781707763671875e+02
5.320487499237060547e+00
2.066099357604980469e+01
3.251238098144531250e+02
1.611226348876953125e+02
3.843640136718750000e+01
1.438020629882812500e+02
3.360804748535156250e+02
1.738326263427734375e+02
2.498728561401367188e+01
1.140923843383789062e+02
8.392017364501953125e+01
1.797206420898437500e+02
1.274070930480957031e+01
4.328639221191406250e+01
0.000000000000000000e+00
0.000000000000000000e+00
0.000000000000000000e+00
0.000000000000000000e+00
