1.651799163818359375e+02
1.762950592041015625e+02
1.853940963745117188e+01
8.801595306396484375e+01
1.408072204589843750e+02
1.687534179687500000e+02
2.474890327453613281e+01
1.158880157470703125e+02
2.163536529541015625e+02
1.722816009521484375e+02
9.188582420349121094e+00
3.179102516174316406e+01
2.725518188476562500e+02
1.703107757568359375e+02
8.199297904968261719e+00
3.969302368164062500e+01
1.426375885009765625e+02
1.722776336669921875e+02
2.253434944152832031e+01
9.854641723632812500e+01
1.165088958740234375e+02
1.690599975585937500e+02
3.144307899475097656e+01
1.476116638183593750e+02
1.095458831787109375e+02
1.680719451904296875e+02
3.214380645751953125e+01
1.330796813964843750e+02
1.146187973022460938e+02
1.669566955566406250e+02
3.485139846801757812e+01
1.376024017333984375e+02
1.659256896972656250e+02
1.772982177734375000e+02
2.176007843017578125e+01
8.478475189208984375e+01
3.641296081542968750e+02
1.680459899902343750e+02
2.249779129028320312e+01
6.027891159057617188e+01
1.627764129638671875e+02
1.810692138671875000e+02
1.862767601013183594e+01
8.996224212646484375e+01
1.332815704345703125e+02
1.685001678466796875e+02
3.751845932006835938e+01
1.171814498901367188e+02
2.720233459472656250e+02
1.752807769775390625e+02
8.781339645385742188e+00
3.561040496826171875e+01
2.313537597656250000e+02
1.728668060302734375e+02
1.119225788116455078e+01
4.558893966674804688e+01
0.000000000000000000e+00
0.000000000000000000e+00
0.000000000000000000e+00
0.000000000000000000e+00
