1.560775604248046875e+02
1.747625885009765625e+02
2.273657035827636719e+01
8.721298980712890625e+01
1.354994964599609375e+02
1.679412384033203125e+02
2.368141555786132812e+01
1.187478866577148438e+02
1.103057022094726562e+02
1.781801452636718750e+02
2.395628929138183594e+01
1.049247589111328125e+02
2.735131530761718750e+02
1.708208312988281250e+02
8.221365928649902344e+00
3.739030838012695312e+01
1.189777679443359375e+02
1.686699829101562500e+02
3.718569946289062500e+01
1.273259887695312500e+02
1.070646896362304688e+02
1.672447509765625000e+02
3.358375930786132812e+01
1.300858917236328125e+02
1.397832641601562500e+02
1.759647979736328125e+02
2.026085662841796875e+01
8.846674346923828125e+01
2.166118469238281250e+02
1.730535430908203125e+02
8.430599212646484375e+00
2.922968673706054688e+01
3.629159240722656250e+02
1.662241516113281250e+02
2.316327285766601562e+01
6.656079864501953125e+01
1.297253112792968750e+02
1.690662231445312500e+02
3.560472869873046875e+01
1.183103485107421875e+02
2.171697540283203125e+02
1.745566711425781250e+02
6.922152042388916016e+00
2.545970916748046875e+01
0.000000000000000000e+00
0.000000000000000000e+00
0.000000000000000000e+00
0.000000000000000000e+00
