1.522436828613281250e+02
1.668605041503906250e+02
2.504643249511718750e+01
1.292410583496093750e+02
1.190624389648437500e+02
1.650811157226562500e+02
3.814696502685546875e+01
1.690538635253906250e+02
1.771729125976562500e+02
1.735086669921875000e+02
2.124837493896484375e+01
9.528185272216796875e+01
1.497066192626953125e+02
1.675630340576171875e+02
3.129800415039062500e+01
1.291042175292968750e+02
1.755609436035156250e+02
1.763508911132812500e+02
2.063051795959472656e+01
9.897535705566406250e+01
2.081117553710937500e+02
1.686229400634765625e+02
8.259738922119140625e+00
3.572593307495117188e+01
2.616045227050781250e+02
1.702941131591796875e+02
7.944943904876708984e+00
3.910884857177734375e+01
2.395891723632812500e+02
1.745104370117187500e+02
8.961486816406250000e+00
3.911473083496093750e+01
2.405397033691406250e+02
1.699565734863281250e+02
8.216917991638183594e+00
4.067968368530273438e+01
3.634078369140625000e+02
1.681070556640625000e+02
2.353752326965332031e+01
6.240290451049804688e+01
1.034417190551757812e+02
1.771523284912109375e+02
1.054518032073974609e+01
4.064480209350585938e+01
1.173436737060546875e+02
1.813442993164062500e+02
3.802822875976562500e+01
1.538692474365234375e+02
1.184699554443359375e+02
1.675203552246093750e+02
3.637311172485351562e+01
1.339105224609375000e+02
2.620381774902343750e+02
1.755586395263671875e+02
7.701854228973388672e+00
3.544500732421875000e+01
0.000000000000000000e+00
0.000000000000000000e+00
0.000000000000000000e+00
0.000000000000000000e+00
