2.292120513916015625e+02
1.510664215087890625e+02
4.087194061279296875e+01
2.293545837402343750e+02
3.815311279296875000e+02
1.571344757080078125e+02
3.285594558715820312e+01
1.770389404296875000e+02
2.266239776611328125e+02
1.483304138183593750e+02
4.536029434204101562e+01
2.544332427978515625e+02
3.132918395996093750e+02
1.689956817626953125e+02
1.117208576202392578e+01
4.185887908935546875e+01
3.868329162597656250e+02
1.572325744628906250e+02
2.838163566589355469e+01
1.797713623046875000e+02
1.052618331909179688e+02
1.748373413085937500e+02
1.080644035339355469e+01
4.270778656005859375e+01
2.248621559143066406e+01
1.573352813720703125e+02
4.292332839965820312e+01
1.569125671386718750e+02
2.057884788513183594e+01
1.639362487792968750e+02
4.624638748168945312e+01
1.583783111572265625e+02
3.800971679687500000e+02
1.551768493652343750e+02
3.515560913085937500e+01
1.656680755615234375e+02
7.927674102783203125e+01
1.798438720703125000e+02
1.238455772399902344e+01
4.360726165771484375e+01
1.583847808837890625e+02
1.812208251953125000e+02
1.017140769958496094e+01
4.585749053955078125e+01
3.621716918945312500e+02
1.677123870849609375e+02
2.287920570373535156e+01
6.841699218750000000e+01
7.908460998535156250e+01
1.785765380859375000e+02
1.215568065643310547e+01
3.994834518432617188e+01
1.845253448486328125e+02
1.700226440429687500e+02
4.194045257568359375e+01
1.868948974609375000e+02
1.888992004394531250e+02
1.642080383300781250e+02
4.387013626098632812e+01
2.014473266601562500e+02
3.159915161132812500e+02
1.700820007324218750e+02
1.033714771270751953e+01
4.034267425537109375e+01
3.869870605468750000e+02
1.536044921875000000e+02
2.852890014648437500e+01
1.672930755615234375e+02
2.320767974853515625e+02
1.538370361328125000e+02
3.704999542236328125e+01
1.951921997070312500e+02
1.208004150390625000e+02
1.780125122070312500e+02
5.832992076873779297e+00
2.018316841125488281e+01
3.129742431640625000e+02
1.734194030761718750e+02
1.138539409637451172e+01
3.886641311645507812e+01
2.593567504882812500e+02
1.692265625000000000e+02
1.586997604370117188e+01
6.702735900878906250e+01
1.488174133300781250e+02
1.836121673583984375e+02
1.106790637969970703e+01
4.307184982299804688e+01
2.595111999511718750e+02
1.718124542236328125e+02
1.777074623107910156e+01
8.377982330322265625e+01
0.000000000000000000e+00
0.000000000000000000e+00
0.000000000000000000e+00
0.000000000000000000e+00
