1.264585266113281250e+02
1.676931152343750000e+02
2.704473114013671875e+01
1.077783050537109375e+02
3.382470703125000000e+02
1.580771484375000000e+02
3.569719314575195312e+01
1.543106689453125000e+02
3.667243652343750000e+02
1.584501037597656250e+02
3.813861846923828125e+01
1.509807586669921875e+02
3.644725952148437500e+02
1.612498779296875000e+02
3.540977859497070312e+01
1.448041992187500000e+02
1.034164962768554688e+02
1.687764282226562500e+02
2.490088462829589844e+01
1.168537445068359375e+02
3.370118103027343750e+02
1.675631713867187500e+02
3.742706680297851562e+01
1.483878021240234375e+02
1.256695404052734375e+02
1.737949371337890625e+02
2.714197349548339844e+01
1.028701477050781250e+02
2.702659606933593750e+02
1.695054473876953125e+02
9.071540832519531250e+00
3.913589859008789062e+01
1.563771209716796875e+02
1.752028961181640625e+02
1.066265201568603516e+01
4.535509109497070312e+01
3.102217102050781250e+02
1.716633758544921875e+02
1.133041000366210938e+01
4.435791015625000000e+01
9.834654998779296875e+01
1.679011230468750000e+02
3.291321182250976562e+01
1.181157989501953125e+02
3.661148376464843750e+02
1.692336425781250000e+02
3.945079803466796875e+01
1.462588195800781250e+02
3.348955383300781250e+02
1.752122192382812500e+02
8.449141502380371094e+00
3.986212921142578125e+01
9.361195373535156250e+01
1.709091491699218750e+02
3.472527694702148438e+01
1.164460906982421875e+02
3.632051391601562500e+02
1.739695129394531250e+02
3.728170776367187500e+01
1.364037475585937500e+02
3.993114013671875000e+02
1.497173919677734375e+02
1.577212047576904297e+01
1.039904174804687500e+02
1.044456939697265625e+02
1.751792144775390625e+02
2.326591873168945312e+01
9.201401519775390625e+01
1.216633300781250000e+02
1.690057678222656250e+02
3.550257110595703125e+01
1.056488723754882812e+02
3.113626403808593750e+02
1.665550537109375000e+02
9.322067260742187500e+00
4.836158752441406250e+01
3.986047668457031250e+02
1.755719604492187500e+02
1.714862442016601562e+01
7.489446258544921875e+01
3.335585632324218750e+02
1.621003723144531250e+02
3.467906570434570312e+01
1.439393768310546875e+02
3.177893066406250000e+02
1.737717285156250000e+02
7.649976730346679688e+00
3.944323730468750000e+01
0.000000000000000000e+00
0.000000000000000000e+00
0.000000000000000000e+00
0.000000000000000000e+00
