2.371401519775390625e+02
1.592455749511718750e+02
2.490517425537109375e+01
1.068166275024414062e+02
2.653681030273437500e+02
1.695090942382812500e+02
2.578455162048339844e+01
1.008852081298828125e+02
1.569750823974609375e+02
1.740338745117187500e+02
8.945200920104980469e+00
3.952940750122070312e+01
1.348830261230468750e+02
1.769226684570312500e+02
7.912421226501464844e+00
3.646247863769531250e+01
2.180763702392578125e+02
1.731085968017578125e+02
1.945383644104003906e+01
7.644539642333984375e+01
2.184933319091796875e+02
1.685065002441406250e+02
1.862461662292480469e+01
7.412730407714843750e+01
2.657388000488281250e+02
1.786028289794921875e+02
2.532132911682128906e+01
9.442121124267578125e+01
2.614901428222656250e+02
1.692508392333984375e+02
1.562225151062011719e+01
9.140246582031250000e+01
1.185944747924804688e+02
1.781098785400390625e+02
8.965902328491210938e+00
3.024754714965820312e+01
7.933724975585937500e+01
1.827684936523437500e+02
1.223707199096679688e+01
4.079087066650390625e+01
1.263967361450195312e+02
1.778153228759765625e+02
7.713970184326171875e+00
3.078225326538085938e+01
3.633814086914062500e+02
1.676835021972656250e+02
2.443000793457031250e+01
6.769293212890625000e+01
2.370972290039062500e+02
1.600589294433593750e+02
2.187211418151855469e+01
8.980332946777343750e+01
1.187082366943359375e+02
1.741419982910156250e+02
9.742312431335449219e+00
3.286391448974609375e+01
1.517878875732421875e+02
1.819940490722656250e+02
4.593965530395507812e+00
2.422613716125488281e+01
1.438487396240234375e+02
1.781146545410156250e+02
7.233511447906494141e+00
3.535016250610351562e+01
2.300282897949218750e+02
1.575656433105468750e+02
3.721427917480468750e+01
1.091312866210937500e+02
0.000000000000000000e+00
0.000000000000000000e+00
0.000000000000000000e+00
0.000000000000000000e+00
