9.806468200683593750e+01
1.562710266113281250e+02
3.217453765869140625e+01
1.446558074951171875e+02
5.177622985839843750e+01
1.658498535156250000e+02
3.427767562866210938e+01
1.280726776123046875e+02
2.257873535156250000e+01
1.636511840820312500e+02
3.495857238769531250e+01
1.588519439697265625e+02
2.206271171569824219e+01
1.662132110595703125e+02
3.520775222778320312e+01
1.441950073242187500e+02
2.021268157958984375e+02
1.605482482910156250e+02
3.529307174682617188e+01
2.007198333740234375e+02
9.390614318847656250e+01
1.558049926757812500e+02
3.385669326782226562e+01
1.450525360107421875e+02
2.329389190673828125e+02
1.520104980468750000e+02
5.246480941772460938e+01
2.480224609375000000e+02
2.024362030029296875e+02
1.574962310791015625e+02
3.500318527221679688e+01
1.903539123535156250e+02
9.721481323242187500e+01
1.492807617187500000e+02
3.586164093017578125e+01
1.447906494140625000e+02
2.369496002197265625e+02
1.571916503906250000e+02
4.953890991210937500e+01
2.161069488525390625e+02
5.419705200195312500e+01
1.710460510253906250e+02
2.938308334350585938e+01
1.192863998413085938e+02
1.590926055908203125e+02
1.830738677978515625e+02
8.885022163391113281e+00
4.342263031005859375e+01
7.889093017578125000e+01
1.819486846923828125e+02
1.426978588104248047e+01
4.140676116943359375e+01
2.723609924316406250e+02
1.707497253417968750e+02
8.718639373779296875e+00
3.773130416870117188e+01
2.329316864013671875e+02
1.481531677246093750e+02
3.959538650512695312e+01
2.358069000244140625e+02
2.309677734375000000e+02
1.576899566650390625e+02
4.417165374755859375e+01
2.367988586425781250e+02
3.624350891113281250e+02
1.672864227294921875e+02
2.309703063964843750e+01
6.277297973632812500e+01
7.954942321777343750e+01
1.790645141601562500e+02
1.346821689605712891e+01
3.929820251464843750e+01
1.429059448242187500e+02
1.822706604003906250e+02
1.264331817626953125e+01
4.488129425048828125e+01
0.000000000000000000e+00
0.000000000000000000e+00
0.000000000000000000e+00
0.000000000000000000e+00
