1.007063140869140625e+02
1.698846588134765625e+02
3.488747787475585938e+01
1.234965515136718750e+02
1.392486877441406250e+02
1.718605041503906250e+02
2.133677864074707031e+01
9.516994476318359375e+01
1.056786804199218750e+02
1.703283386230468750e+02
2.761655426025390625e+01
1.215835876464843750e+02
1.344015655517578125e+02
1.747390594482421875e+02
2.243238639831542969e+01
1.040471496582031250e+02
1.325610961914062500e+02
1.708589782714843750e+02
2.041991996765136719e+01
9.966277313232421875e+01
3.632660217285156250e+02
1.675360107421875000e+02
2.212991142272949219e+01
6.579804992675781250e+01
1.321483917236328125e+02
1.757520599365234375e+02
2.109918785095214844e+01
1.010609970092773438e+02
1.542826690673828125e+02
1.763012084960937500e+02
1.471247196197509766e+01
7.835443878173828125e+01
2.734051513671875000e+02
1.704050292968750000e+02
8.216534614562988281e+00
3.815593719482421875e+01
2.175162811279296875e+02
1.735740661621093750e+02
8.627451896667480469e+00
2.932324981689453125e+01
3.336417541503906250e+02
1.741037597656250000e+02
7.289482593536376953e+00
3.888353729248046875e+01
3.277121276855468750e+02
1.663862609863281250e+02
9.096053123474121094e+00
4.642552947998046875e+01
0.000000000000000000e+00
0.000000000000000000e+00
0.000000000000000000e+00
0.000000000000000000e+00
