1.688998565673828125e+02
1.706211242675781250e+02
2.374576950073242188e+01
1.012094192504882812e+02
1.692868957519531250e+02
1.814056396484375000e+02
2.339178276062011719e+01
8.976544189453125000e+01
1.170968627929687500e+02
1.672831420898437500e+02
3.824514007568359375e+01
1.533144683837890625e+02
1.467409362792968750e+02
1.698615875244140625e+02
2.384351730346679688e+01
1.248455581665039062e+02
1.168400955200195312e+02
1.653872985839843750e+02
3.898271179199218750e+01
1.440768432617187500e+02
3.634256591796875000e+02
1.674220275878906250e+02
2.288514518737792969e+01
6.004447937011718750e+01
2.652981872558593750e+02
1.765045776367187500e+02
9.474904060363769531e+00
3.406293106079101562e+01
1.409490203857421875e+02
1.660950317382812500e+02
3.095036125183105469e+01
1.362775726318359375e+02
1.486696777343750000e+02
1.698483276367187500e+02
2.447963142395019531e+01
1.214157638549804688e+02
2.064604492187500000e+02
1.688895111083984375e+02
8.562340736389160156e+00
3.456190872192382812e+01
1.462172546386718750e+02
1.674537506103515625e+02
2.439650535583496094e+01
1.035671005249023438e+02
2.155133666992187500e+02
1.732486419677734375e+02
8.695109367370605469e+00
2.983568382263183594e+01
0.000000000000000000e+00
0.000000000000000000e+00
0.000000000000000000e+00
0.000000000000000000e+00
