3.802327575683593750e+02
1.549545898437500000e+02
3.471119308471679688e+01
1.782389068603515625e+02
2.293325347900390625e+02
1.500654602050781250e+02
4.055095291137695312e+01
2.307038116455078125e+02
3.798107299804687500e+02
1.506367187500000000e+02
3.542455291748046875e+01
1.732229156494140625e+02
3.133426513671875000e+02
1.689525299072265625e+02
1.058462142944335938e+01
4.181068801879882812e+01
2.258666687011718750e+02
1.488011627197265625e+02
4.574381637573242188e+01
2.539803161621093750e+02
1.050792388916015625e+02
1.745757904052734375e+02
1.124522590637207031e+01
4.346576309204101562e+01
2.187777328491210938e+01
1.568581390380859375e+02
4.074488067626953125e+01
1.583076477050781250e+02
1.806823158264160156e+01
1.638113250732421875e+02
4.737903976440429688e+01
1.577794189453125000e+02
7.953266906738281250e+01
1.798139038085937500e+02
1.191197586059570312e+01
4.384260559082031250e+01
1.584158935546875000e+02
1.815008392333984375e+02
9.963445663452148438e+00
4.571390533447265625e+01
3.867060546875000000e+02
1.538060150146484375e+02
2.857476615905761719e+01
1.829889221191406250e+02
7.928967285156250000e+01
1.787385406494140625e+02
1.190762901306152344e+01
3.965031051635742188e+01
2.655720825195312500e+02
1.728379974365234375e+02
1.900891113281250000e+01
8.636861419677734375e+01
3.624871215820312500e+02
1.671255340576171875e+02
2.229522323608398438e+01
6.999679565429687500e+01
1.791327209472656250e+02
1.719578704833984375e+02
1.863534736633300781e+01
8.444849395751953125e+01
1.841289825439453125e+02
1.703891906738281250e+02
4.224333953857421875e+01
1.856618041992187500e+02
1.887317352294921875e+02
1.639705200195312500e+02
4.416117477416992188e+01
2.011434783935546875e+02
1.077613220214843750e+02
1.755466308593750000e+02
1.001411056518554688e+01
4.245359039306640625e+01
3.131251220703125000e+02
1.734686584472656250e+02
1.083650016784667969e+01
3.920365142822265625e+01
1.209050216674804688e+02
1.788676452636718750e+02
5.682265281677246094e+00
1.938065147399902344e+01
3.863471069335937500e+02
1.458016662597656250e+02
2.934918403625488281e+01
1.813082427978515625e+02
2.316974029541015625e+02
1.548702850341796875e+02
3.838721084594726562e+01
1.924660339355468750e+02
0.000000000000000000e+00
0.000000000000000000e+00
0.000000000000000000e+00
0.000000000000000000e+00
