1.552817077636718750e+02
1.557648468017578125e+02
2.658708190917968750e+01
1.267277526855468750e+02
1.151177520751953125e+02
1.692383728027343750e+02
3.165566444396972656e+01
1.221280517578125000e+02
3.184695434570312500e+02
1.213215179443359375e+02
9.709542846679687500e+01
2.880147399902343750e+02
1.510193481445312500e+02
1.549575500488281250e+02
3.301916122436523438e+01
1.269350128173828125e+02
1.171881561279296875e+02
1.687524414062500000e+02
2.732147789001464844e+01
1.237463836669921875e+02
1.409180908203125000e+02
1.729947204589843750e+02
1.838124084472656250e+01
8.337057495117187500e+01
2.127655792236328125e+02
1.633966369628906250e+02
2.868251609802246094e+01
2.019364471435546875e+02
8.138867187500000000e+01
1.792321777343750000e+02
2.679973983764648438e+01
7.522839355468750000e+01
1.095410461425781250e+02
1.685228271484375000e+02
3.375923919677734375e+01
1.233395996093750000e+02
8.605993652343750000e+01
1.748077087402343750e+02
2.311338424682617188e+01
8.028916931152343750e+01
2.272467803955078125e+02
1.601006774902343750e+02
4.602376937866210938e+01
2.319891967773437500e+02
1.569283142089843750e+02
1.747104187011718750e+02
2.498671913146972656e+01
1.043670349121093750e+02
3.193378601074218750e+02
1.216166839599609375e+02
9.447344207763671875e+01
2.567382507324218750e+02
2.272298583984375000e+02
1.477984619140625000e+02
4.469680786132812500e+01
2.383745117187500000e+02
2.727808837890625000e+02
1.677938690185546875e+02
2.133444786071777344e+01
1.016926269531250000e+02
1.811187896728515625e+02
1.715128021240234375e+02
1.171029472351074219e+01
5.099893569946289062e+01
2.629216918945312500e+02
1.168026733398437500e+02
1.435897521972656250e+02
3.009804077148437500e+02
2.120324249267578125e+02
1.531560516357421875e+02
3.065045928955078125e+01
1.963313903808593750e+02
1.801747283935546875e+02
1.709337921142578125e+02
1.180611133575439453e+01
6.153872299194335938e+01
2.622715454101562500e+02
1.629807128906250000e+02
3.242213058471679688e+01
1.403328857421875000e+02
2.421862792968750000e+02
1.610864868164062500e+02
4.076063156127929688e+01
2.357679901123046875e+02
1.121623840332031250e+02
1.770832672119140625e+02
2.842351913452148438e+01
1.073539123535156250e+02
2.680353393554687500e+02
1.746726226806640625e+02
2.436785697937011719e+01
1.095596923828125000e+02
0.000000000000000000e+00
0.000000000000000000e+00
0.000000000000000000e+00
0.000000000000000000e+00
