1.166430816650390625e+02
1.709040679931640625e+02
3.388869857788085938e+01
1.179484481811523438e+02
1.517056579589843750e+02
1.547204437255859375e+02
3.308735275268554688e+01
1.261712036132812500e+02
8.789369964599609375e+01
1.709464111328125000e+02
2.487926673889160156e+01
1.177913589477539062e+02
1.549938049316406250e+02
1.573370819091796875e+02
2.813151168823242188e+01
1.228748245239257812e+02
2.911729125976562500e+02
1.056525115966796875e+02
9.928656005859375000e+01
3.105605773925781250e+02
2.857156372070312500e+02
1.193408660888671875e+02
1.045111312866210938e+02
2.651798095703125000e+02
1.184635925292968750e+02
1.716112518310546875e+02
2.885733795166015625e+01
1.153337173461914062e+02
8.314817810058593750e+01
1.703603820800781250e+02
3.316837310791015625e+01
1.177692108154296875e+02
1.428150787353515625e+02
1.725435333251953125e+02
1.792017745971679688e+01
8.061880493164062500e+01
3.624697875976562500e+02
1.632839202880859375e+02
2.311382293701171875e+01
7.521413421630859375e+01
2.705594482421875000e+02
1.620738830566406250e+02
2.454650306701660156e+01
1.149915008544921875e+02
2.126631317138671875e+02
1.515041809082031250e+02
3.436542510986328125e+01
1.918628997802734375e+02
2.320355987548828125e+02
1.542890472412109375e+02
4.028798294067382812e+01
1.812983093261718750e+02
2.616551818847656250e+02
1.592800598144531250e+02
3.363766098022460938e+01
1.400441284179687500e+02
2.377217407226562500e+02
1.652725830078125000e+02
4.601109695434570312e+01
1.592673797607421875e+02
2.137280883789062500e+02
1.672521362304687500e+02
3.083790016174316406e+01
1.891560058593750000e+02
2.433994445800781250e+02
1.626614379882812500e+02
4.085937500000000000e+01
1.423074645996093750e+02
2.311622161865234375e+02
1.603621826171875000e+02
4.142303466796875000e+01
1.507936859130859375e+02
1.553500823974609375e+02
1.777268371582031250e+02
2.686780548095703125e+01
9.895796966552734375e+01
2.621047058105468750e+02
1.570291748046875000e+02
3.581020736694335938e+01
1.243970031738281250e+02
1.162252197265625000e+02
1.642653350830078125e+02
3.746059417724609375e+01
1.156526107788085938e+02
1.196859436035156250e+02
1.766405639648437500e+02
6.154345989227294922e+00
2.081164741516113281e+01
2.670823669433593750e+02
1.726156005859375000e+02
2.576296806335449219e+01
1.111114578247070312e+02
1.432539978027343750e+02
1.715079345703125000e+02
1.692288970947265625e+01
6.747580718994140625e+01
3.982939758300781250e+02
1.475555267333984375e+02
1.649011421203613281e+01
1.046119079589843750e+02
3.980348815917968750e+02
1.794308929443359375e+02
1.688741874694824219e+01
7.234590911865234375e+01
0.000000000000000000e+00
0.000000000000000000e+00
0.000000000000000000e+00
0.000000000000000000e+00
