1.552737426757812500e+02
1.668045654296875000e+02
3.242919921875000000e+01
1.302566375732421875e+02
1.141310195922851562e+02
1.664732055664062500e+02
3.971619796752929688e+01
1.663697967529296875e+02
1.579155426025390625e+02
1.655113220214843750e+02
2.670832252502441406e+01
1.330557250976562500e+02
1.867215270996093750e+02
1.695749206542968750e+02
2.473710250854492188e+01
1.027748565673828125e+02
1.132114791870117188e+02
1.740795745849609375e+02
4.096558761596679688e+01
1.682796325683593750e+02
3.633169860839843750e+02
1.689428253173828125e+02
2.346512794494628906e+01
6.276178359985351562e+01
1.858522644042968750e+02
1.795379943847656250e+02
2.389191818237304688e+01
9.484248352050781250e+01
2.170370788574218750e+02
1.722694702148437500e+02
7.970035552978515625e+00
3.040501403808593750e+01
1.029468307495117188e+02
1.760883178710937500e+02
1.030248737335205078e+01
4.278092956542968750e+01
1.457676696777343750e+02
1.718033294677734375e+02
1.955661582946777344e+01
1.232552261352539062e+02
2.476157531738281250e+02
1.693539581298828125e+02
8.443496704101562500e+00
4.117918777465820312e+01
2.175717468261718750e+02
1.744271087646484375e+02
6.338503837585449219e+00
2.488841438293457031e+01
1.584494323730468750e+02
1.685742492675781250e+02
4.163479614257812500e+01
1.228042449951171875e+02
0.000000000000000000e+00
0.000000000000000000e+00
0.000000000000000000e+00
0.000000000000000000e+00
