3.347494888305664062e+01
1.700995788574218750e+02
4.248862457275390625e+01
1.475208129882812500e+02
1.084913406372070312e+02
1.573203125000000000e+02
3.233418655395507812e+01
1.416530609130859375e+02
3.420001983642578125e+01
1.668770141601562500e+02
4.031230926513671875e+01
1.423917236328125000e+02
1.059736709594726562e+02
1.473811187744140625e+02
3.503135299682617188e+01
1.483048095703125000e+02
2.039876251220703125e+02
1.645236816406250000e+02
3.541257476806640625e+01
1.914362335205078125e+02
6.480003356933593750e+01
1.689355773925781250e+02
2.378076171875000000e+01
1.174713058471679688e+02
2.040938873291015625e+02
1.597802429199218750e+02
3.471131515502929688e+01
1.863936614990234375e+02
1.589443511962890625e+02
1.821694488525390625e+02
8.368934631347656250e+00
4.350177383422851562e+01
2.332507476806640625e+02
1.605864868164062500e+02
5.443319320678710938e+01
2.321080780029296875e+02
-1.707101821899414062e+00
1.848680877685546875e+02
2.490642547607421875e+01
1.201723251342773438e+02
1.502260284423828125e+02
1.828817443847656250e+02
8.736563682556152344e+00
4.081670761108398438e+01
6.354691314697265625e+01
1.709397888183593750e+02
2.339860153198242188e+01
1.019764938354492188e+02
2.374236450195312500e+02
1.631235046386718750e+02
5.142432022094726562e+01
2.057933502197265625e+02
-3.214139938354492188e-01
1.664865417480468750e+02
2.679221153259277344e+01
1.541882171630859375e+02
2.054796447753906250e+02
1.601736145019531250e+02
4.028187942504882812e+01
2.025165405273437500e+02
1.103047027587890625e+02
1.578391876220703125e+02
3.774877548217773438e+01
1.433605041503906250e+02
1.104003753662109375e+02
1.610462951660156250e+02
2.573765373229980469e+01
1.365388641357421875e+02
3.631489257812500000e+02
1.664765472412109375e+02
2.275233078002929688e+01
6.467986297607421875e+01
-1.371316909790039062e+00
1.741362915039062500e+02
2.136150741577148438e+01
1.217506179809570312e+02
4.025659561157226562e-01
1.531400756835937500e+02
2.380443382263183594e+01
1.665427856445312500e+02
5.960976409912109375e+01
1.649674072265625000e+02
3.200911331176757812e+01
1.260312271118164062e+02
1.093387832641601562e+02
1.481774291992187500e+02
4.065378952026367188e+01
1.454992218017578125e+02
0.000000000000000000e+00
0.000000000000000000e+00
0.000000000000000000e+00
0.000000000000000000e+00
