2.197004699707031250e+02
1.689218139648437500e+02
2.366601371765136719e+01
1.284474029541015625e+02
1.798301391601562500e+02
1.639636535644531250e+02
3.451544189453125000e+01
1.475032806396484375e+02
1.229930191040039062e+02
1.682565307617187500e+02
1.819704246520996094e+01
7.184421539306640625e+01
1.793258666992187500e+02
1.621677246093750000e+02
3.440102386474609375e+01
1.597342987060546875e+02
1.434463653564453125e+02
1.667529754638671875e+02
4.116388320922851562e+01
2.000245666503906250e+02
1.242285614013671875e+02
1.780752258300781250e+02
1.929790687561035156e+01
6.286745452880859375e+01
2.141148986816406250e+02
1.685506591796875000e+02
3.216161727905273438e+01
1.277797698974609375e+02
2.333658905029296875e+02
1.703490753173828125e+02
1.670577812194824219e+01
1.115046310424804688e+02
1.419813232421875000e+02
1.816240234375000000e+02
4.581785202026367188e+01
1.863839569091796875e+02
2.339635925292968750e+02
1.632090911865234375e+02
1.602188110351562500e+01
1.163340148925781250e+02
1.098158645629882812e+02
1.756062622070312500e+02
8.934821128845214844e+00
4.218460845947265625e+01
1.258865890502929688e+02
1.812050323486328125e+02
1.422392559051513672e+01
5.669221115112304688e+01
1.256135330200195312e+02
1.792667083740234375e+02
1.331968498229980469e+01
5.234464645385742188e+01
1.054423446655273438e+02
1.769540252685546875e+02
7.959780216217041016e+00
3.925138092041015625e+01
2.470488128662109375e+02
1.700314941406250000e+02
7.641030788421630859e+00
3.948530578613281250e+01
0.000000000000000000e+00
0.000000000000000000e+00
0.000000000000000000e+00
0.000000000000000000e+00
