2.981057357788085938e+01
1.703398437500000000e+02
4.357782745361328125e+01
1.286107177734375000e+02
1.309777832031250000e+02
1.577511138916015625e+02
3.641920471191406250e+01
1.279018249511718750e+02
7.427578735351562500e+01
1.677545776367187500e+02
3.231161117553710938e+01
1.367767944335937500e+02
1.057982254028320312e+02
1.719219055175781250e+02
2.140596961975097656e+01
1.082976837158203125e+02
2.314301300048828125e+02
1.543305053710937500e+02
5.625381851196289062e+01
2.432999114990234375e+02
1.316473693847656250e+02
1.660701141357421875e+02
3.485680007934570312e+01
1.194137344360351562e+02
2.614166831970214844e+01
1.699258728027343750e+02
4.194907760620117188e+01
1.306212005615234375e+02
2.101243743896484375e+02
1.649017944335937500e+02
3.113033294677734375e+01
1.945916900634765625e+02
1.552389373779296875e+02
1.694921875000000000e+02
1.101543235778808594e+01
7.174059295654296875e+01
2.094445648193359375e+02
1.623951873779296875e+02
3.300868606567382812e+01
1.789498596191406250e+02
7.878305816650390625e+01
1.704276123046875000e+02
2.399931526184082031e+01
1.309963226318359375e+02
1.935412750244140625e+02
1.679702911376953125e+02
1.572401809692382812e+01
7.014474487304687500e+01
2.343726043701171875e+02
1.548864440917968750e+02
5.724557495117187500e+01
2.246677856445312500e+02
1.065576858520507812e+02
1.690262145996093750e+02
2.106479454040527344e+01
1.046361236572265625e+02
2.310527801513671875e+02
1.678733825683593750e+02
4.523531341552734375e+01
2.180164337158203125e+02
2.067273559570312500e+02
1.679101257324218750e+02
3.183628082275390625e+01
1.888654022216796875e+02
2.992361259460449219e+01
1.737256469726562500e+02
4.452588272094726562e+01
1.349282073974609375e+02
2.694812927246093750e+02
1.714650268554687500e+02
8.814048767089843750e+00
3.482444763183593750e+01
1.375937042236328125e+02
1.720978393554687500e+02
2.838260841369628906e+01
1.085378646850585938e+02
2.039498291015625000e+02
1.641515197753906250e+02
3.631641769409179688e+01
1.754128875732421875e+02
3.626349487304687500e+02
1.675058746337890625e+02
2.319057655334472656e+01
6.388434600830078125e+01
3.983025207519531250e+02
1.511708526611328125e+02
1.628023910522460938e+01
9.860781097412109375e+01
7.684220886230468750e+01
1.885160827636718750e+02
2.645851898193359375e+01
1.065819396972656250e+02
1.557032318115234375e+02
1.792130126953125000e+02
1.083733940124511719e+01
6.102499771118164062e+01
0.000000000000000000e+00
0.000000000000000000e+00
0.000000000000000000e+00
0.000000000000000000e+00
