1.426219940185546875e+02
1.667857208251953125e+02
2.308762550354003906e+01
1.194517440795898438e+02
1.661728820800781250e+02
1.772096557617187500e+02
1.804646492004394531e+01
8.662750244140625000e+01
1.148976211547851562e+02
1.670037231445312500e+02
3.378165817260742188e+01
1.390334014892578125e+02
1.156540374755859375e+02
1.675002746582031250e+02
3.338418579101562500e+01
1.502358551025390625e+02
1.442576751708984375e+02
1.702076263427734375e+02
2.177628898620605469e+01
1.036746520996093750e+02
2.166002807617187500e+02
1.723641815185546875e+02
9.084540367126464844e+00
3.101557350158691406e+01
2.717037353515625000e+02
1.708854980468750000e+02
7.954040527343750000e+00
3.890699768066406250e+01
1.098582763671875000e+02
1.656966552734375000e+02
3.299555969238281250e+01
1.378606109619140625e+02
3.632936706542968750e+02
1.679218444824218750e+02
2.317975044250488281e+01
6.037262344360351562e+01
2.319460601806640625e+02
1.751785583496093750e+02
1.229740142822265625e+01
4.083835220336914062e+01
1.643545074462890625e+02
1.820078735351562500e+02
1.894294929504394531e+01
8.779537200927734375e+01
1.659808197021484375e+02
1.769092559814453125e+02
2.124517250061035156e+01
8.612950897216796875e+01
2.348539276123046875e+02
1.726929626464843750e+02
1.211204433441162109e+01
4.430302429199218750e+01
3.980231933593750000e+02
1.484509429931640625e+02
1.651377487182617188e+01
1.033855819702148438e+02
2.710928955078125000e+02
1.744746551513671875e+02
8.827938079833984375e+00
3.666561508178710938e+01
0.000000000000000000e+00
0.000000000000000000e+00
0.000000000000000000e+00
0.000000000000000000e+00
