1.520415954589843750e+02
1.655686187744140625e+02
2.554171562194824219e+01
1.317911987304687500e+02
1.200883636474609375e+02
1.657598419189453125e+02
3.761762237548828125e+01
1.678820495605468750e+02
1.767797393798828125e+02
1.743955383300781250e+02
2.208470916748046875e+01
9.277703094482421875e+01
1.499744262695312500e+02
1.675059509277343750e+02
3.095524597167968750e+01
1.291478424072265625e+02
1.753185119628906250e+02
1.772267913818359375e+02
2.191592216491699219e+01
9.776445770263671875e+01
2.078291778564453125e+02
1.687925720214843750e+02
8.983162879943847656e+00
3.575148773193359375e+01
2.401665344238281250e+02
1.694650878906250000e+02
8.010748863220214844e+00
4.003135299682617188e+01
2.613469848632812500e+02
1.699998321533203125e+02
8.049457550048828125e+00
4.002809524536132812e+01
1.178065719604492188e+02
1.799691925048828125e+02
3.705647659301757812e+01
1.563050231933593750e+02
3.632853393554687500e+02
1.675663146972656250e+02
2.353499221801757812e+01
6.244254302978515625e+01
1.192464904785156250e+02
1.672974243164062500e+02
3.646909332275390625e+01
1.356049346923828125e+02
2.616071472167968750e+02
1.748988800048828125e+02
7.698025703430175781e+00
3.723790740966796875e+01
2.181344451904296875e+02
1.751959991455078125e+02
6.329446315765380859e+00
2.312251663208007812e+01
0.000000000000000000e+00
0.000000000000000000e+00
0.000000000000000000e+00
0.000000000000000000e+00
