9.939250183105468750e+01
1.688915557861328125e+02
3.120933151245117188e+01
1.266684341430664062e+02
3.912939758300781250e+02
1.561308593750000000e+02
2.437178611755371094e+01
1.769815521240234375e+02
1.032944183349609375e+02
1.705388031005859375e+02
2.511965179443359375e+01
1.240095825195312500e+02
1.367499542236328125e+02
1.717184448242187500e+02
2.356021308898925781e+01
9.237157440185546875e+01
1.305775146484375000e+02
1.678247070312500000e+02
2.360854911804199219e+01
1.057638778686523438e+02
3.913348999023437500e+02
1.486513977050781250e+02
2.476606750488281250e+01
1.762857513427734375e+02
2.731357116699218750e+02
1.682776489257812500e+02
8.012761116027832031e+00
4.129431533813476562e+01
3.267040100097656250e+02
1.688658447265625000e+02
1.000273323059082031e+01
4.334077453613281250e+01
9.436450195312500000e+01
1.727414245605468750e+02
3.329126739501953125e+01
1.243351593017578125e+02
1.292980346679687500e+02
1.795253295898437500e+02
2.586650085449218750e+01
9.328043365478515625e+01
1.341938781738281250e+02
1.809720153808593750e+02
2.396493721008300781e+01
9.343165588378906250e+01
3.255322265625000000e+02
1.711936950683593750e+02
9.736327171325683594e+00
4.366329193115234375e+01
3.638038635253906250e+02
1.684434967041015625e+02
2.266758537292480469e+01
6.454617309570312500e+01
1.586778411865234375e+02
1.750478668212890625e+02
8.761962890625000000e+00
4.170380401611328125e+01
1.760179138183593750e+02
1.791287384033203125e+02
8.565739631652832031e+00
3.286631011962890625e+01
0.000000000000000000e+00
0.000000000000000000e+00
0.000000000000000000e+00
0.000000000000000000e+00
