1.583496551513671875e+02
1.654452667236328125e+02
2.316856193542480469e+01
1.214025802612304688e+02
1.267371215820312500e+02
1.634491119384765625e+02
2.193636512756347656e+01
1.060498275756835938e+02
1.798633422851562500e+02
1.622798309326171875e+02
2.139618873596191406e+01
1.095413436889648438e+02
3.222984924316406250e+02
1.666142730712890625e+02
2.427324295043945312e+01
1.321586303710937500e+02
1.819524536132812500e+02
1.634758758544921875e+02
2.259197616577148438e+01
1.018919448852539062e+02
6.028495788574218750e+00
1.511237030029296875e+02
8.223471832275390625e+01
2.584278869628906250e+02
3.200844726562500000e+02
1.614444274902343750e+02
2.827388191223144531e+01
1.436421966552734375e+02
2.430901489257812500e+02
1.724216613769531250e+02
4.104631423950195312e+01
2.057071533203125000e+02
2.441529235839843750e+02
1.610302124023437500e+02
3.856648254394531250e+01
2.156912841796875000e+02
3.236233825683593750e+02
1.600596618652343750e+02
2.732352638244628906e+01
1.478601684570312500e+02
2.826450195312500000e+02
1.751005249023437500e+02
5.106257247924804688e+01
2.118577423095703125e+02
1.585888366699218750e+02
1.705925292968750000e+02
2.143374824523925781e+01
1.022306900024414062e+02
2.589942016601562500e+02
1.617579650878906250e+02
8.117623901367187500e+01
2.405916748046875000e+02
3.267825927734375000e+02
1.656588134765625000e+02
2.106279945373535156e+01
1.367618408203125000e+02
2.729124755859375000e+02
1.657907714843750000e+02
5.267272567749023438e+01
2.283377838134765625e+02
3.645373840332031250e+02
1.683578796386718750e+02
2.078909111022949219e+01
5.787501525878906250e+01
2.824938049316406250e+02
1.921983489990234375e+02
5.250476837158203125e+01
2.020911560058593750e+02
2.155210418701171875e+02
1.717349090576171875e+02
7.571175098419189453e+00
3.312163543701171875e+01
1.270496749877929688e+02
1.799709014892578125e+02
1.978092575073242188e+01
9.369631958007812500e+01
3.979475097656250000e+02
1.479329681396484375e+02
1.647267723083496094e+01
1.045021133422851562e+02
1.510170440673828125e+02
1.668449401855468750e+02
3.544753646850585938e+01
1.189449234008789062e+02
3.186235046386718750e+02
1.688614196777343750e+02
2.973763275146484375e+01
1.460401153564453125e+02
2.843147583007812500e+02
1.781261901855468750e+02
4.676222229003906250e+01
1.765175170898437500e+02
2.253819885253906250e+02
1.703474121093750000e+02
9.908658027648925781e+00
5.128038787841796875e+01
8.408921051025390625e+01
1.879596405029296875e+02
2.014779472351074219e+01
5.529495620727539062e+01
0.000000000000000000e+00
0.000000000000000000e+00
0.000000000000000000e+00
0.000000000000000000e+00
