1.140113449096679688e+01
1.667895202636718750e+02
3.372032165527343750e+01
1.364843750000000000e+02
6.694110870361328125e+01
1.593306884765625000e+02
3.269978332519531250e+01
1.536299133300781250e+02
1.942388153076171875e+02
1.605879516601562500e+02
3.820979690551757812e+01
2.008993530273437500e+02
2.277075805664062500e+02
1.420608825683593750e+02
4.768721008300781250e+01
2.475270233154296875e+02
2.285829620361328125e+02
1.510440063476562500e+02
4.794010543823242188e+01
2.488671417236328125e+02
1.394903659820556641e+01
1.739606170654296875e+02
2.782613945007324219e+01
1.207299118041992188e+02
1.944948730468750000e+02
1.516861114501953125e+02
3.915292358398437500e+01
2.037463378906250000e+02
1.581908569335937500e+02
1.820500640869140625e+02
1.040095520019531250e+01
4.556350326538085938e+01
1.111677551269531250e+01
1.691307983398437500e+02
3.286917114257812500e+01
1.457633056640625000e+02
6.659645080566406250e+01
1.692770233154296875e+02
3.334180831909179688e+01
1.445035095214843750e+02
3.252670288085937500e+02
1.642023468017578125e+02
1.019362831115722656e+01
4.781477737426757812e+01
1.215339355468750000e+02
1.773877258300781250e+02
4.905661582946777344e+00
2.005620956420898438e+01
1.610614395141601562e+01
1.670781555175781250e+02
3.342574310302734375e+01
1.344626617431640625e+02
2.389972534179687500e+02
1.606906738281250000e+02
4.622472763061523438e+01
2.088034820556640625e+02
2.337830505371093750e+02
1.628012847900390625e+02
5.204649734497070312e+01
2.270041198730468750e+02
6.298420333862304688e+01
1.623270874023437500e+02
3.232997894287109375e+01
1.450180816650390625e+02
1.041450195312500000e+02
1.749730529785156250e+02
1.009594917297363281e+01
4.150389480590820312e+01
3.642437438964843750e+02
1.683218841552734375e+02
2.232140731811523438e+01
6.489769744873046875e+01
0.000000000000000000e+00
0.000000000000000000e+00
0.000000000000000000e+00
0.000000000000000000e+00
