1.037407608032226562e+02
1.690064392089843750e+02
2.436567687988281250e+01
1.274374923706054688e+02
9.945294189453125000e+01
1.686177062988281250e+02
3.097284698486328125e+01
1.270302276611328125e+02
3.938246459960937500e+02
1.512026977539062500e+02
2.199807357788085938e+01
1.714007110595703125e+02
3.924993896484375000e+02
1.547625885009765625e+02
2.448443412780761719e+01
1.772001342773437500e+02
1.385205841064453125e+02
1.726848907470703125e+02
2.311941719055175781e+01
9.090808105468750000e+01
9.462893676757812500e+01
1.720816955566406250e+02
3.268349456787109375e+01
1.240833053588867188e+02
1.317410125732421875e+02
1.689382476806640625e+02
2.111449050903320312e+01
1.025378723144531250e+02
3.279094543457031250e+02
1.666209869384765625e+02
9.773751258850097656e+00
4.645394134521484375e+01
1.351085662841796875e+02
1.801007080078125000e+02
2.285919189453125000e+01
9.582073211669921875e+01
2.732741088867187500e+02
1.690238342285156250e+02
8.003601074218750000e+00
4.008641052246093750e+01
1.310324707031250000e+02
1.803802795410156250e+02
2.308108520507812500e+01
9.277600860595703125e+01
3.632338562011718750e+02
1.671363525390625000e+02
2.045875358581542969e+01
6.853502655029296875e+01
3.264895935058593750e+02
1.723697357177734375e+02
1.136882019042968750e+01
4.221308135986328125e+01
3.993027038574218750e+02
1.342416076660156250e+02
1.507437419891357422e+01
2.027881011962890625e+02
3.981314697265625000e+02
1.519085998535156250e+02
1.699468994140625000e+01
1.859766540527343750e+02
1.601634521484375000e+02
1.752537841796875000e+02
8.813406944274902344e+00
4.146694946289062500e+01
0.000000000000000000e+00
0.000000000000000000e+00
0.000000000000000000e+00
0.000000000000000000e+00
