1.380488586425781250e+02
1.538111572265625000e+02
3.292893218994140625e+01
1.345400543212890625e+02
8.719711303710937500e+01
1.681442108154296875e+02
3.305037689208984375e+01
1.327805480957031250e+02
5.416641235351562500e+01
1.623046264648437500e+02
2.278694152832031250e+01
1.379595031738281250e+02
2.287143249511718750e+02
1.608843536376953125e+02
4.761463928222656250e+01
2.312921447753906250e+02
5.278458404541015625e+01
1.616533966064453125e+02
2.734919929504394531e+01
1.393721008300781250e+02
1.379861297607421875e+02
1.648175811767578125e+02
3.327463150024414062e+01
1.207628707885742188e+02
1.408091430664062500e+02
1.679037780761718750e+02
2.744618606567382812e+01
1.167777252197265625e+02
1.118980255126953125e+02
1.689018859863281250e+02
2.548144721984863281e+01
1.028400650024414062e+02
2.110169982910156250e+02
1.687080688476562500e+02
2.882743835449218750e+01
1.885214385986328125e+02
1.415016784667968750e+02
1.634723205566406250e+02
2.562059402465820312e+01
1.102264862060546875e+02
9.174272155761718750e+01
1.797280273437500000e+02
2.479461479187011719e+01
1.081919708251953125e+02
1.110740280151367188e+02
1.731998596191406250e+02
2.654205322265625000e+01
1.083189163208007812e+02
4.868051910400390625e+01
1.631417236328125000e+02
2.852836608886718750e+01
1.356152343750000000e+02
2.259051818847656250e+02
1.524034576416015625e+02
5.006055450439453125e+01
2.309663391113281250e+02
2.337736053466796875e+02
1.635162048339843750e+02
4.978348159790039062e+01
2.274742889404296875e+02
5.083184051513671875e+01
1.667361907958984375e+02
2.502672004699707031e+01
1.270704879760742188e+02
2.107104797363281250e+02
1.560119781494140625e+02
3.011746025085449219e+01
1.902816772460937500e+02
3.629068908691406250e+02
1.669461669921875000e+02
2.325377082824707031e+01
6.162446975708007812e+01
2.691033935546875000e+02
1.719761962890625000e+02
8.110820770263671875e+00
3.612187194824218750e+01
2.074440307617187500e+02
1.690968170166015625e+02
3.050660133361816406e+01
1.870534362792968750e+02
1.072991409301757812e+02
1.669846191406250000e+02
3.349167251586914062e+01
1.217972869873046875e+02
2.052018737792968750e+02
1.634361419677734375e+02
3.360745620727539062e+01
1.760157775878906250e+02
3.983552246093750000e+02
1.792112579345703125e+02
1.621483993530273438e+01
7.317171478271484375e+01
3.986751098632812500e+02
1.476537170410156250e+02
1.581772327423095703e+01
1.054968261718750000e+02
0.000000000000000000e+00
0.000000000000000000e+00
0.000000000000000000e+00
0.000000000000000000e+00
