1.635077972412109375e+02
1.674458770751953125e+02
2.066859245300292969e+01
9.657431793212890625e+01
2.988153686523437500e+02
1.579928283691406250e+02
5.098728561401367188e+01
2.472067108154296875e+02
1.908466186523437500e+02
1.624780731201171875e+02
2.103931045532226562e+01
1.062789688110351562e+02
2.047296905517578125e+02
1.732667388916015625e+02
2.638738059997558594e+01
1.059852828979492188e+02
3.290885009765625000e+02
1.502786560058593750e+02
8.405651855468750000e+01
2.602141723632812500e+02
2.918722839355468750e+02
1.595161437988281250e+02
5.033890914916992188e+01
2.409197387695312500e+02
2.061857452392578125e+02
1.715539398193359375e+02
2.524513626098632812e+01
9.857363891601562500e+01
1.966790313720703125e+02
1.622540435791015625e+02
3.885240554809570312e+01
1.172168197631835938e+02
1.500497131347656250e+02
1.733206481933593750e+02
8.690220832824707031e+00
4.594126129150390625e+01
2.325068511962890625e+02
1.720614471435546875e+02
1.766981887817382812e+01
8.931906127929687500e+01
1.199530487060546875e+02
1.746809692382812500e+02
7.735082149505615234e+00
3.114106941223144531e+01
2.283967132568359375e+02
1.728848724365234375e+02
1.975627326965332031e+01
8.967197418212890625e+01
3.501869506835937500e+02
1.732562561035156250e+02
5.485060501098632812e+01
2.121018524169921875e+02
2.957521972656250000e+02
1.855480651855468750e+02
5.614858245849609375e+01
2.108574981689453125e+02
3.308121337890625000e+02
1.614998474121093750e+02
8.269579315185546875e+01
2.581037597656250000e+02
3.055958557128906250e+02
1.474179534912109375e+02
4.090547943115234375e+01
2.408402404785156250e+02
1.968467712402343750e+02
1.724039154052734375e+02
3.814248657226562500e+01
1.068384399414062500e+02
8.001699447631835938e-01
1.985489196777343750e+02
2.421877098083496094e+01
9.520634460449218750e+01
3.273318481445312500e+02
1.674374084472656250e+02
3.767096328735351562e+01
2.232936248779296875e+02
3.292457275390625000e+02
1.469086303710937500e+02
3.436853790283203125e+01
2.396462249755859375e+02
1.450600433349609375e+02
1.754568634033203125e+02
8.235879898071289062e+00
3.996910858154296875e+01
6.165752410888671875e-01
1.940737304687500000e+02
2.492792510986328125e+01
8.360362243652343750e+01
2.532117156982421875e+02
1.680520019531250000e+02
8.919952392578125000e+00
3.674184417724609375e+01
8.029668426513671875e+01
1.779142913818359375e+02
1.146480083465576172e+01
4.081542968750000000e+01
2.890655822753906250e+02
1.881283874511718750e+02
5.541835403442382812e+01
2.061151885986328125e+02
0.000000000000000000e+00
0.000000000000000000e+00
0.000000000000000000e+00
0.000000000000000000e+00
