1.713387145996093750e+02
1.695061340332031250e+02
2.653264617919921875e+01
1.006354370117187500e+02
1.170495300292968750e+02
1.649154968261718750e+02
3.975345611572265625e+01
1.577742156982421875e+02
1.508469238281250000e+02
1.683304443359375000e+02
2.286065101623535156e+01
1.228798828125000000e+02
1.184182281494140625e+02
1.651109161376953125e+02
3.913971328735351562e+01
1.456081237792968750e+02
2.061670532226562500e+02
1.679102630615234375e+02
9.001380920410156250e+00
3.700863265991210938e+01
1.715008850097656250e+02
1.827029571533203125e+02
2.530934715270996094e+01
8.707195281982421875e+01
3.628298950195312500e+02
1.673437957763671875e+02
2.404261207580566406e+01
6.474639129638671875e+01
2.166365051269531250e+02
1.708233032226562500e+02
8.662594795227050781e+00
3.251077270507812500e+01
3.975391845703125000e+02
1.811858825683593750e+02
1.727564811706542969e+01
6.947299194335937500e+01
1.480253906250000000e+02
1.673769378662109375e+02
3.075059890747070312e+01
1.267272872924804688e+02
3.985239257812500000e+02
1.495512237548828125e+02
1.629292106628417969e+01
1.020447692871093750e+02
1.525440979003906250e+02
1.735275573730468750e+02
2.029416465759277344e+01
9.271832275390625000e+01
2.644063720703125000e+02
1.759378051757812500e+02
8.680647850036621094e+00
3.554386138916015625e+01
1.653097534179687500e+02
1.655310363769531250e+02
3.778541183471679688e+01
1.068344802856445312e+02
0.000000000000000000e+00
0.000000000000000000e+00
0.000000000000000000e+00
0.000000000000000000e+00
