8.962535858154296875e+01
1.726071472167968750e+02
2.772913551330566406e+01
1.162624664306640625e+02
1.573511199951171875e+02
1.632083740234375000e+02
2.618378639221191406e+01
1.139787063598632812e+02
1.165672988891601562e+02
1.699876708984375000e+02
3.658504104614257812e+01
1.194218292236328125e+02
8.582934570312500000e+01
1.710480041503906250e+02
3.407691192626953125e+01
1.165608215332031250e+02
2.521537017822265625e+02
1.252507019042968750e+02
1.014336776733398438e+02
2.805651245117187500e+02
1.527531433105468750e+02
1.569766693115234375e+02
3.436921310424804688e+01
1.240831680297851562e+02
3.633850402832031250e+02
1.670704498291015625e+02
2.268861198425292969e+01
6.579598236083984375e+01
1.216312484741210938e+02
1.741401062011718750e+02
2.914567565917968750e+01
1.111000900268554688e+02
2.340540924072265625e+02
1.548522033691406250e+02
3.660272216796875000e+01
1.800318450927734375e+02
2.147172393798828125e+02
1.547364807128906250e+02
3.251245880126953125e+01
1.788266754150390625e+02
2.344816284179687500e+02
1.630750122070312500e+02
3.666982269287109375e+01
1.459416046142578125e+02
1.574987182617187500e+02
1.724762878417968750e+02
2.509600448608398438e+01
1.076919403076171875e+02
2.392376251220703125e+02
1.603008728027343750e+02
3.795273590087890625e+01
1.699260406494140625e+02
2.147000732421875000e+02
1.624883575439453125e+02
3.346093368530273438e+01
1.457402954101562500e+02
1.214292449951171875e+02
1.771414031982421875e+02
5.779561996459960938e+00
2.257711601257324219e+01
3.988942260742187500e+02
1.447850494384765625e+02
1.599435424804687500e+01
1.095435180664062500e+02
2.395760803222656250e+02
1.645132446289062500e+02
3.856165313720703125e+01
1.397424774169921875e+02
1.137051239013671875e+02
1.770971069335937500e+02
5.395270347595214844e+00
2.412585830688476562e+01
0.000000000000000000e+00
0.000000000000000000e+00
0.000000000000000000e+00
0.000000000000000000e+00
