3.029336853027343750e+02
1.634846343994140625e+02
2.628958702087402344e+01
1.103958816528320312e+02
3.378454284667968750e+02
1.673541259765625000e+02
4.499271392822265625e+01
1.620684204101562500e+02
1.831139831542968750e+02
1.634535980224609375e+02
3.544436264038085938e+01
1.953877868652343750e+02
2.140091857910156250e+02
1.629988250732421875e+02
4.376939010620117188e+01
2.308636169433593750e+02
1.088146667480468750e+02
1.749929504394531250e+02
1.013073539733886719e+01
4.182519531250000000e+01
1.605542144775390625e+02
1.765984497070312500e+02
1.851321792602539062e+01
6.742378234863281250e+01
3.029957885742187500e+02
1.769616088867187500e+02
2.813783454895019531e+01
9.749874114990234375e+01
3.355836791992187500e+02
1.800456542968750000e+02
4.782969284057617188e+01
1.569071502685546875e+02
2.515335845947265625e+02
1.668816528320312500e+02
1.088760185241699219e+01
4.705729675292968750e+01
1.607413024902343750e+02
1.731220245361328125e+02
1.705487060546875000e+01
6.589597320556640625e+01
1.824716186523437500e+02
1.625214843750000000e+02
3.720788574218750000e+01
1.786922912597656250e+02
1.215061874389648438e+02
1.775207824707031250e+02
5.833563327789306641e+00
2.131524467468261719e+01
2.989125976562500000e+02
1.614628143310546875e+02
3.477225494384765625e+01
1.133841552734375000e+02
2.137819976806640625e+02
1.543094787597656250e+02
4.379167938232421875e+01
2.246786041259765625e+02
3.976998596191406250e+02
1.521059875488281250e+02
1.698757171630859375e+01
9.733094024658203125e+01
2.492323455810546875e+02
1.663622131347656250e+02
1.150836944580078125e+01
4.875703048706054688e+01
2.515401458740234375e+02
1.712755889892578125e+02
1.081680011749267578e+01
4.345208740234375000e+01
1.495586090087890625e+02
1.819248352050781250e+02
1.150674724578857422e+01
4.547813034057617188e+01
3.392155456542968750e+02
1.574385986328125000e+02
4.063373565673828125e+01
1.585670013427734375e+02
3.368339538574218750e+02
1.560571136474609375e+02
1.504497337341308594e+01
9.599691772460937500e+01
1.287845153808593750e+02
1.773991699218750000e+02
4.873335838317871094e+00
1.945402336120605469e+01
8.073986053466796875e+01
1.770953369140625000e+02
1.153238868713378906e+01
4.179890060424804688e+01
1.444131774902343750e+02
1.788392028808593750e+02
8.712418556213378906e+00
2.982144927978515625e+01
0.000000000000000000e+00
0.000000000000000000e+00
0.000000000000000000e+00
0.000000000000000000e+00
