3.046227111816406250e+02
1.653197021484375000e+02
3.510130691528320312e+01
1.398811035156250000e+02
1.755853881835937500e+02
1.581133117675781250e+02
2.466954231262207031e+01
1.126225433349609375e+02
1.437599945068359375e+02
1.720075531005859375e+02
2.870503616333007812e+01
1.123485641479492188e+02
3.021580505371093750e+02
1.658733062744140625e+02
3.287163162231445312e+01
1.369052734375000000e+02
1.418084106445312500e+02
1.707866363525390625e+02
3.244088745117187500e+01
1.146065902709960938e+02
2.386483154296875000e+02
1.667934875488281250e+02
3.903514480590820312e+01
2.202974853515625000e+02
1.494685516357421875e+02
1.692311248779296875e+02
2.326089859008789062e+01
1.156250000000000000e+02
2.391416931152343750e+02
1.587968292236328125e+02
3.981934356689453125e+01
2.178825378417968750e+02
1.206316986083984375e+02
1.703667297363281250e+02
2.158703804016113281e+01
9.610700988769531250e+01
2.363093872070312500e+02
1.658047332763671875e+02
3.545411682128906250e+01
2.027531433105468750e+02
2.347072296142578125e+02
1.751695861816406250e+02
3.869686508178710938e+01
2.007501983642578125e+02
3.516651916503906250e+01
2.067300262451171875e+02
3.108633041381835938e+01
5.188677215576171875e+01
3.653666687011718750e+02
1.691569213867187500e+02
2.047983741760253906e+01
6.244966125488281250e+01
1.438911437988281250e+02
1.711383209228515625e+02
3.449244689941406250e+01
1.131369247436523438e+02
2.685528564453125000e+02
1.519718933105468750e+02
4.292654418945312500e+01
2.565952148437500000e+02
3.036627197265625000e+02
1.714485321044921875e+02
3.697772216796875000e+01
1.391426696777343750e+02
2.633777465820312500e+02
1.720312500000000000e+02
4.347560119628906250e+01
2.140071258544921875e+02
1.411083221435546875e+02
1.624649963378906250e+02
3.301118850708007812e+01
1.194993743896484375e+02
6.158867645263671875e+01
1.375617675781250000e+02
8.196862792968750000e+01
2.761938476562500000e+02
1.204131698608398438e+02
1.798488464355468750e+02
2.196571159362792969e+01
9.608671569824218750e+01
3.980318298339843750e+02
1.490275573730468750e+02
1.663014793395996094e+01
1.012300720214843750e+02
1.436964721679687500e+02
1.715586242675781250e+02
2.543780708312988281e+01
9.909805297851562500e+01
2.679917297363281250e+02
1.603600769042968750e+02
4.388627243041992188e+01
2.127615966796875000e+02
1.692345428466796875e+02
1.563514862060546875e+02
3.494727325439453125e+01
1.133936691284179688e+02
3.979091491699218750e+02
1.808445129394531250e+02
1.698681640625000000e+01
7.108306121826171875e+01
0.000000000000000000e+00
0.000000000000000000e+00
0.000000000000000000e+00
0.000000000000000000e+00
