1.759645080566406250e+02
1.679118804931640625e+02
3.979714202880859375e+01
1.889711608886718750e+02
1.549652099609375000e+02
1.750772857666015625e+02
1.733381652832031250e+01
7.611730194091796875e+01
2.110924987792968750e+02
1.632235412597656250e+02
4.164319229125976562e+01
2.295014495849609375e+02
3.169772033691406250e+02
1.673278503417968750e+02
3.459931945800781250e+01
1.560180206298828125e+02
3.199125671386718750e+02
1.657093353271484375e+02
3.430560302734375000e+01
1.606836242675781250e+02
2.122321777343750000e+02
1.571832580566406250e+02
3.829578399658203125e+01
2.197963104248046875e+02
3.158501281738281250e+02
1.599407348632812500e+02
3.480883789062500000e+01
1.527356719970703125e+02
1.093558120727539062e+02
1.745577697753906250e+02
9.649346351623535156e+00
4.214054489135742188e+01
1.213937301635742188e+02
1.771623992919921875e+02
5.584762096405029297e+00
2.268938636779785156e+01
3.620325927734375000e+02
1.696354064941406250e+02
2.323500442504882812e+01
5.798777770996093750e+01
2.487541809082031250e+02
1.676583251953125000e+02
1.018059635162353516e+01
4.369530868530273438e+01
2.905675964355468750e+02
1.705378265380859375e+02
7.806134223937988281e+00
3.980102539062500000e+01
1.768374786376953125e+02
1.605523223876953125e+02
3.775881958007812500e+01
1.857392883300781250e+02
8.464806365966796875e+01
1.755823364257812500e+02
1.065776157379150391e+01
4.498321533203125000e+01
1.287729644775390625e+02
1.779868316650390625e+02
5.030059337615966797e+00
2.014101600646972656e+01
1.770755767822265625e+02
1.873431396484375000e+02
4.044038009643554688e+01
1.733699493408203125e+02
1.722520141601562500e+02
1.735909576416015625e+02
3.753320693969726562e+01
1.777142639160156250e+02
2.401820526123046875e+02
1.677242584228515625e+02
1.553170013427734375e+01
6.575054931640625000e+01
3.188063964843750000e+02
1.647752685546875000e+02
3.667110443115234375e+01
1.444595642089843750e+02
2.107967529296875000e+02
1.891402282714843750e+02
4.342229080200195312e+01
2.030782928466796875e+02
3.976984252929687500e+02
1.523979949951171875e+02
1.704965019226074219e+01
9.755432128906250000e+01
2.487582702636718750e+02
1.680420989990234375e+02
9.984069824218750000e+00
5.165337371826171875e+01
1.548339843750000000e+02
1.707949066162109375e+02
1.751838874816894531e+01
7.119765472412109375e+01
1.372460327148437500e+02
1.766563262939453125e+02
4.945129871368408203e+00
2.176139068603515625e+01
0.000000000000000000e+00
0.000000000000000000e+00
0.000000000000000000e+00
0.000000000000000000e+00
