1.024818801879882812e+02
1.566085510253906250e+02
3.052944946289062500e+01
1.422719573974609375e+02
2.680860519409179688e+01
1.689580230712890625e+02
3.662078094482421875e+01
1.491626281738281250e+02
2.024697113037109375e+02
1.607898406982421875e+02
3.515679168701171875e+01
2.008720397949218750e+02
5.866547775268554688e+01
1.683228912353515625e+02
2.725614166259765625e+01
1.219814987182617188e+02
-1.648480415344238281e+00
1.752169647216796875e+02
1.322539234161376953e+01
1.404332885742187500e+02
1.017613983154296875e+02
1.506495971679687500e+02
3.350257110595703125e+01
1.428541717529296875e+02
5.515904998779296875e+01
1.677046508789062500e+02
3.325568771362304688e+01
1.236842575073242188e+02
2.029888458251953125e+02
1.560956573486328125e+02
3.424928665161132812e+01
1.930298461914062500e+02
2.428062057495117188e+01
1.669807128906250000e+02
3.801706695556640625e+01
1.426777038574218750e+02
2.327703552246093750e+02
1.531185302734375000e+02
5.444731903076171875e+01
2.462111968994140625e+02
3.237670135498046875e+01
1.699373779296875000e+02
3.426549148559570312e+01
1.467267608642578125e+02
2.368031005859375000e+02
1.559565124511718750e+02
5.133781433105468750e+01
2.204763641357421875e+02
-1.220366001129150391e+00
1.566424865722656250e+02
1.139527702331542969e+01
1.595828399658203125e+02
1.050302581787109375e+02
1.649210662841796875e+02
2.702019500732421875e+01
1.272354507446289062e+02
1.590020904541015625e+02
1.827640533447265625e+02
8.703061103820800781e+00
4.451666641235351562e+01
1.494742584228515625e+02
1.835701599121093750e+02
9.740765571594238281e+00
4.042258071899414062e+01
1.424842681884765625e+02
1.936979217529296875e+02
1.185231113433837891e+01
3.991402816772460938e+01
3.630799255371093750e+02
1.678048706054687500e+02
2.292243576049804688e+01
6.305007171630859375e+01
7.937520599365234375e+01
1.819423980712890625e+02
1.363437747955322266e+01
4.136807250976562500e+01
0.000000000000000000e+00
0.000000000000000000e+00
0.000000000000000000e+00
0.000000000000000000e+00
