2.679775085449218750e+02
1.682187500000000000e+02
2.324625396728515625e+01
9.299950408935546875e+01
1.186673545837402344e+01
1.542286834716796875e+02
4.939674758911132812e+01
1.636080017089843750e+02
1.048979644775390625e+02
1.752862854003906250e+02
1.172118186950683594e+01
4.229985427856445312e+01
2.257478179931640625e+02
1.551102294921875000e+02
4.416213989257812500e+01
2.432827758789062500e+02
1.777834472656250000e+02
1.709159088134765625e+02
1.684124755859375000e+01
8.468673706054687500e+01
2.280005493164062500e+02
1.617789001464843750e+02
4.243202209472656250e+01
2.091198730468750000e+02
8.978107452392578125e+00
1.614728393554687500e+02
5.623255157470703125e+01
1.624636383056640625e+02
3.756630554199218750e+02
1.592358093261718750e+02
2.876347732543945312e+01
1.713704223632812500e+02
3.750822753906250000e+02
1.519862060546875000e+02
2.947367668151855469e+01
1.681728973388671875e+02
3.117013854980468750e+02
1.681555786132812500e+02
1.019482421875000000e+01
4.366234588623046875e+01
1.863908386230468750e+02
1.663722991943359375e+02
3.820591735839843750e+01
1.925873107910156250e+02
3.921193237304687500e+02
1.590760192871093750e+02
2.380984497070312500e+01
1.794645233154296875e+02
1.069760284423828125e+02
1.754664306640625000e+02
1.117346668243408203e+01
4.275065612792968750e+01
3.998865051269531250e+02
1.568987426757812500e+02
1.512236404418945312e+01
1.855616912841796875e+02
7.942568206787109375e+01
1.788352203369140625e+02
1.202681636810302734e+01
4.505705642700195312e+01
7.952468872070312500e+01
1.780148925781250000e+02
1.196007633209228516e+01
4.084650039672851562e+01
4.000740356445312500e+02
1.775004882812500000e+02
1.615294647216796875e+01
1.663626708984375000e+02
1.898639678955078125e+02
1.621962280273437500e+02
4.111545181274414062e+01
2.034061126708984375e+02
3.920609130859375000e+02
1.689269104003906250e+02
2.624322700500488281e+01
1.850448455810546875e+02
1.580003509521484375e+02
1.793648529052734375e+02
9.922392845153808594e+00
4.964916992187500000e+01
3.109613647460937500e+02
1.738101501464843750e+02
1.038508319854736328e+01
3.951789855957031250e+01
1.213838729858398438e+02
1.791978912353515625e+02
4.833367347717285156e+00
1.939121437072753906e+01
1.846673889160156250e+02
1.551698455810546875e+02
3.886608505249023438e+01
1.939031982421875000e+02
2.612411193847656250e+02
1.712713317871093750e+02
8.549419403076171875e+00
3.721082687377929688e+01
1.768819580078125000e+02
1.686056671142578125e+02
1.702330017089843750e+01
7.445688629150390625e+01
0.000000000000000000e+00
0.000000000000000000e+00
0.000000000000000000e+00
0.000000000000000000e+00
