1.240493469238281250e+02
1.731717529296875000e+02
2.388195800781250000e+01
9.501866912841796875e+01
3.114343261718750000e+02
1.574778137207031250e+02
3.370579910278320312e+01
1.520970458984375000e+02
3.284340209960937500e+02
1.571866912841796875e+02
3.991193008422851562e+01
1.506530761718750000e+02
9.560502624511718750e+01
1.748399505615234375e+02
2.754735565185546875e+01
1.042842941284179688e+02
3.348406982421875000e+02
1.576889953613281250e+02
3.768996810913085938e+01
1.494705352783203125e+02
9.173533630371093750e+01
1.707764739990234375e+02
3.511457443237304688e+01
1.116107254028320312e+02
1.576836700439453125e+02
1.797044067382812500e+02
8.914838790893554688e+00
4.536465835571289062e+01
1.238605194091796875e+02
1.799028320312500000e+02
2.250573158264160156e+01
9.203302001953125000e+01
3.008288879394531250e+02
1.651308898925781250e+02
1.203896141052246094e+01
5.011965560913085938e+01
8.964071655273437500e+01
1.685450744628906250e+02
3.729040145874023438e+01
1.081425018310546875e+02
1.577965850830078125e+02
1.773973236083984375e+02
9.180140495300292969e+00
4.269251632690429688e+01
2.723602600097656250e+02
1.689985046386718750e+02
7.887562274932861328e+00
3.985424041748046875e+01
1.021217193603515625e+02
1.727962493896484375e+02
2.380896568298339844e+01
1.075843887329101562e+02
3.656419677734375000e+02
1.704985961914062500e+02
2.102957725524902344e+01
5.773791885375976562e+01
3.009843139648437500e+02
1.703574981689453125e+02
1.200241088867187500e+01
4.730999755859375000e+01
0.000000000000000000e+00
0.000000000000000000e+00
0.000000000000000000e+00
0.000000000000000000e+00
