1.695728302001953125e+02
1.721643676757812500e+02
2.812098503112792969e+01
9.081958770751953125e+01
2.138805084228515625e+02
1.730232086181640625e+02
2.839146614074707031e+01
1.066810531616210938e+02
1.419111328125000000e+02
1.759152221679687500e+02
1.088603782653808594e+01
4.162565231323242188e+01
2.101995697021484375e+02
1.709547119140625000e+02
3.642276000976562500e+01
1.101780014038085938e+02
1.949214477539062500e+02
1.670130920410156250e+02
2.167713928222656250e+01
9.510789489746093750e+01
2.097053833007812500e+02
1.668898620605468750e+02
3.800196838378906250e+01
1.101296844482421875e+02
3.170258789062500000e+02
1.539782714843750000e+02
4.759254837036132812e+01
2.582678833007812500e+02
3.413355407714843750e+02
1.479198150634765625e+02
3.843703460693359375e+01
2.635301208496093750e+02
3.441470947265625000e+02
1.404994354248046875e+02
3.760097122192382812e+01
2.551664733886718750e+02
3.731241760253906250e+02
1.652159729003906250e+02
4.148231124877929688e+01
2.262380981445312500e+02
1.533606719970703125e+02
1.762364044189453125e+02
8.466245651245117188e+00
3.323800659179687500e+01
1.534881134033203125e+02
1.735330505371093750e+02
8.295940399169921875e+00
3.515499114990234375e+01
3.109312133789062500e+02
1.526065826416015625e+02
4.504436111450195312e+01
2.616316833496093750e+02
2.161479492187500000e+02
1.742972106933593750e+02
2.615666007995605469e+01
9.394584655761718750e+01
3.142588806152343750e+02
1.709982299804687500e+02
5.132054138183593750e+01
2.396945953369140625e+02
3.754842834472656250e+02
1.574212799072265625e+02
3.962587738037109375e+01
2.172300720214843750e+02
3.103281860351562500e+02
1.671632080078125000e+02
4.696617507934570312e+01
2.475356445312500000e+02
1.198241348266601562e+02
1.747405242919921875e+02
7.994996547698974609e+00
3.108418846130371094e+01
7.935816955566406250e+01
1.811668548583984375e+02
1.256408596038818359e+01
4.175064849853515625e+01
7.989009094238281250e+01
1.788507537841796875e+02
1.190221786499023438e+01
3.967672348022460938e+01
3.367309265136718750e+02
1.559989929199218750e+02
7.851926422119140625e+01
2.511380004882812500e+02
1.420608062744140625e+02
1.811771850585937500e+02
1.030200386047363281e+01
3.947207260131835938e+01
8.780680084228515625e+01
1.769802398681640625e+02
1.050273609161376953e+01
4.268690109252929688e+01
0.000000000000000000e+00
0.000000000000000000e+00
0.000000000000000000e+00
0.000000000000000000e+00
