6.303976440429687500e+01
1.714573669433593750e+02
4.003219223022460938e+01
1.194229278564453125e+02
6.100899505615234375e+01
1.694000549316406250e+02
3.668814468383789062e+01
1.209717712402343750e+02
1.514782104492187500e+02
1.550158691406250000e+02
2.433115196228027344e+01
1.316880798339843750e+02
1.288502807617187500e+02
1.704066619873046875e+02
2.139060211181640625e+01
9.948355102539062500e+01
1.034432678222656250e+02
1.731579895019531250e+02
2.530653381347656250e+01
1.194885330200195312e+02
1.002927474975585938e+02
1.689203338623046875e+02
3.301398086547851562e+01
1.254424972534179688e+02
1.478488159179687500e+02
1.541271057128906250e+02
3.157545661926269531e+01
1.320520629882812500e+02
1.526578063964843750e+02
1.705220336914062500e+02
2.321075057983398438e+01
1.113079299926757812e+02
2.223184509277343750e+02
1.470321655273437500e+02
5.503791046142578125e+01
2.389391632080078125e+02
1.301123352050781250e+02
1.752705078125000000e+02
2.157157897949218750e+01
1.025907211303710938e+02
2.226007690429687500e+02
1.696876983642578125e+02
5.478329849243164062e+01
2.116070251464843750e+02
2.107567291259765625e+02
1.657677917480468750e+02
3.497626113891601562e+01
1.964086914062500000e+02
1.758995513916015625e+02
1.787189178466796875e+02
9.475609779357910156e+00
3.386761093139648438e+01
2.461674194335937500e+02
1.704836120605468750e+02
3.801270294189453125e+01
1.884274444580078125e+02
3.634033813476562500e+02
1.682880249023437500e+02
2.309115600585937500e+01
6.181192779541015625e+01
2.227638702392578125e+02
1.433630371093750000e+02
5.157160186767578125e+01
2.151856536865234375e+02
8.836368560791015625e+01
1.753381958007812500e+02
1.016974353790283203e+01
4.436888122558593750e+01
2.502498168945312500e+02
1.597614135742187500e+02
3.526038742065429688e+01
1.780920257568359375e+02
6.368044281005859375e+01
1.589078216552734375e+02
3.865971755981445312e+01
1.274668579101562500e+02
1.027856140136718750e+02
1.898478393554687500e+02
2.470447921752929688e+01
1.053020172119140625e+02
6.860389709472656250e+01
1.775306854248046875e+02
3.114766693115234375e+01
1.046083145141601562e+02
0.000000000000000000e+00
0.000000000000000000e+00
0.000000000000000000e+00
0.000000000000000000e+00
