3.034806518554687500e+02
1.652122802734375000e+02
2.702465629577636719e+01
1.050523452758789062e+02
3.336318969726562500e+02
1.674905090332031250e+02
4.790868759155273438e+01
1.608472442626953125e+02
2.128347778320312500e+02
1.629821166992187500e+02
4.498747634887695312e+01
2.310981597900390625e+02
1.829212799072265625e+02
1.636817932128906250e+02
3.518492507934570312e+01
1.961516113281250000e+02
1.614051666259765625e+02
1.733826904296875000e+02
1.737549591064453125e+01
7.404876708984375000e+01
1.091241607666015625e+02
1.755320434570312500e+02
9.930834770202636719e+00
4.147927474975585938e+01
1.609483795166015625e+02
1.710033721923828125e+02
1.645364952087402344e+01
7.050043487548828125e+01
2.515424499511718750e+02
1.667835083007812500e+02
1.072638034820556641e+01
4.751628875732421875e+01
2.987315673828125000e+02
1.616859130859375000e+02
3.668346786499023438e+01
1.119714813232421875e+02
3.308609619140625000e+02
1.806768188476562500e+02
5.226683807373046875e+01
1.560873870849609375e+02
1.217164306640625000e+02
1.777752990722656250e+02
5.788977146148681641e+00
2.130295753479003906e+01
1.822555236816406250e+02
1.613798828125000000e+02
3.669855117797851562e+01
1.805684967041015625e+02
3.028117980957031250e+02
1.772482299804687500e+02
3.047535133361816406e+01
9.708842468261718750e+01
3.356674499511718750e+02
1.637572631835937500e+02
4.414194488525390625e+01
1.453911285400390625e+02
2.976944885253906250e+02
1.665976409912109375e+02
1.026530456542968750e+01
4.404399871826171875e+01
2.128165588378906250e+02
1.506476440429687500e+02
4.478040313720703125e+01
2.324685668945312500e+02
2.490110473632812500e+02
1.665116271972656250e+02
1.177009201049804688e+01
4.873622512817382812e+01
3.338842773437500000e+02
1.607386779785156250e+02
1.575257587432861328e+01
8.765689849853515625e+01
1.491638183593750000e+02
1.822863922119140625e+02
1.129966163635253906e+01
4.661761093139648438e+01
1.284326782226562500e+02
1.774132080078125000e+02
5.017647743225097656e+00
2.010770988464355469e+01
2.515200042724609375e+02
1.711480255126953125e+02
1.054672241210937500e+01
4.337953948974609375e+01
3.331432800292968750e+02
1.698659973144531250e+02
1.692352485656738281e+01
8.304714202880859375e+01
3.978733825683593750e+02
1.529705047607421875e+02
1.670454406738281250e+01
9.702593231201171875e+01
8.077639007568359375e+01
1.765258483886718750e+02
1.133020019531250000e+01
4.272809600830078125e+01
1.484232025146484375e+02
1.888572845458984375e+02
1.140349388122558594e+01
4.324697875976562500e+01
0.000000000000000000e+00
0.000000000000000000e+00
0.000000000000000000e+00
0.000000000000000000e+00
