4.212768554687500000e+01
1.668899688720703125e+02
3.195336151123046875e+01
1.297282714843750000e+02
1.345307159423828125e+02
1.567094726562500000e+02
3.399311065673828125e+01
1.299074859619140625e+02
1.341417541503906250e+02
1.673572082519531250e+02
3.406890106201171875e+01
1.161838455200195312e+02
8.608450317382812500e+01
1.645902709960937500e+02
3.006424713134765625e+01
1.360459289550781250e+02
8.899961090087890625e+01
1.693753356933593750e+02
2.415146446228027344e+01
1.266026916503906250e+02
1.382639312744140625e+02
1.700357513427734375e+02
2.916463470458984375e+01
1.120368270874023438e+02
2.285354156494140625e+02
1.613452453613281250e+02
4.779906082153320312e+01
2.297065582275390625e+02
4.377757644653320312e+01
1.705683898925781250e+02
2.814845275878906250e+01
1.230538787841796875e+02
1.091565628051757812e+02
1.734610137939453125e+02
2.557811164855957031e+01
1.086152572631835938e+02
2.105099182128906250e+02
1.667309265136718750e+02
2.996932220458984375e+01
1.905255279541015625e+02
1.903256683349609375e+02
1.702039337158203125e+02
1.676946258544921875e+01
6.688613128662109375e+01
2.267062530517578125e+02
1.526376342773437500e+02
4.960334396362304688e+01
2.309463500976562500e+02
2.100523986816406250e+02
1.590383911132812500e+02
3.132174301147460938e+01
1.847325134277343750e+02
2.323408813476562500e+02
1.550859375000000000e+02
5.222521209716796875e+01
2.429737701416015625e+02
3.627094116210937500e+02
1.675303955078125000e+02
2.329135322570800781e+01
6.429730987548828125e+01
2.066672058105468750e+02
1.674513244628906250e+02
3.158853912353515625e+01
1.890334472656250000e+02
2.690083007812500000e+02
1.705209503173828125e+02
8.183459281921386719e+00
3.777732467651367188e+01
1.090040283203125000e+02
1.730144958496093750e+02
2.244224166870117188e+01
9.415383911132812500e+01
1.385619354248046875e+02
1.660468139648437500e+02
2.728456497192382812e+01
1.074606246948242188e+02
2.044324951171875000e+02
1.635339050292968750e+02
3.504424667358398438e+01
1.760301361083984375e+02
1.922535858154296875e+02
1.713469543457031250e+02
1.125254631042480469e+01
6.555192565917968750e+01
8.197688293457031250e+01
1.792994384765625000e+02
8.881587028503417969e+00
1.890007972717285156e+01
1.051356430053710938e+02
1.679343566894531250e+02
3.417772293090820312e+01
1.205723342895507812e+02
3.976726074218750000e+02
1.813014678955078125e+02
1.683547401428222656e+01
7.017935180664062500e+01
4.132056808471679688e+01
1.764901733398437500e+02
3.318929290771484375e+01
1.300121002197265625e+02
0.000000000000000000e+00
0.000000000000000000e+00
0.000000000000000000e+00
0.000000000000000000e+00
