2.572157287597656250e+02
1.714763031005859375e+02
2.299103736877441406e+01
9.494476318359375000e+01
2.626780395507812500e+02
1.666348266601562500e+02
2.233608818054199219e+01
1.076023178100585938e+02
3.653951110839843750e+02
1.202580261230468750e+02
4.856265640258789062e+01
3.221828002929687500e+02
2.346896362304687500e+02
1.665427093505859375e+02
2.032933807373046875e+01
9.801181793212890625e+01
1.362165679931640625e+02
1.772220001220703125e+02
7.637352466583251953e+00
3.692155838012695312e+01
1.560847015380859375e+02
1.738869323730468750e+02
9.428678512573242188e+00
3.954590606689453125e+01
3.449093933105468750e+02
1.460426025390625000e+02
7.086010742187500000e+01
2.649005737304687500e+02
3.635277099609375000e+02
1.507960815429687500e+02
5.178031539916992188e+01
2.820184936523437500e+02
2.629649047851562500e+02
1.748281402587890625e+02
2.085129547119140625e+01
1.013806152343750000e+02
2.112977294921875000e+02
1.689232482910156250e+02
2.191882705688476562e+01
8.593412780761718750e+01
1.546708984375000000e+02
1.765597381591796875e+02
7.304202079772949219e+00
3.536228179931640625e+01
1.190350723266601562e+02
1.734807739257812500e+02
9.357822418212890625e+00
3.351405334472656250e+01
1.265321578979492188e+02
1.748916778564453125e+02
7.603647708892822266e+00
3.186509323120117188e+01
1.188033065795898438e+02
1.780906066894531250e+02
9.387846946716308594e+00
3.011787033081054688e+01
1.439258880615234375e+02
1.772697601318359375e+02
7.888302803039550781e+00
3.657368850708007812e+01
1.269399566650390625e+02
1.777273559570312500e+02
7.509700775146484375e+00
3.044614028930664062e+01
2.592373352050781250e+02
1.804392242431640625e+02
2.197603416442871094e+01
9.070172119140625000e+01
0.000000000000000000e+00
0.000000000000000000e+00
0.000000000000000000e+00
0.000000000000000000e+00
