1.391368560791015625e+02
1.641379699707031250e+02
2.520223426818847656e+01
1.048404998779296875e+02
2.888573608398437500e+02
1.533118438720703125e+02
7.592077636718750000e+01
2.603362731933593750e+02
3.486896057128906250e+02
1.599244232177734375e+02
3.230550384521484375e+01
1.493731384277343750e+02
2.577508850097656250e+02
1.660782775878906250e+02
4.218682098388671875e+01
2.253837127685546875e+02
1.727198791503906250e+02
1.712958831787109375e+02
2.705378532409667969e+01
1.093698806762695312e+02
2.021053619384765625e+02
1.682027893066406250e+02
1.753430366516113281e+01
9.102365112304687500e+01
3.497868652343750000e+02
1.615434570312500000e+02
3.037088394165039062e+01
1.629837646484375000e+02
2.904190673828125000e+02
1.588690338134765625e+02
7.736019134521484375e+01
2.625851135253906250e+02
1.678874969482421875e+02
1.607759399414062500e+02
3.465692520141601562e+01
1.210148391723632812e+02
1.680199432373046875e+02
1.680839080810546875e+02
3.560143661499023438e+01
1.156734237670898438e+02
1.205055313110351562e+02
1.738118133544921875e+02
8.382357597351074219e+00
3.151877021789550781e+01
3.500335998535156250e+02
1.709060516357421875e+02
2.705138397216796875e+01
1.248902664184570312e+02
2.375776977539062500e+02
1.657494201660156250e+02
1.176907825469970703e+01
6.341013336181640625e+01
1.744750671386718750e+02
1.643978271484375000e+02
2.312500381469726562e+01
1.140302429199218750e+02
2.570207214355468750e+02
1.846480407714843750e+02
4.473564910888671875e+01
2.124553985595703125e+02
7.280947113037109375e+01
1.838308563232421875e+02
2.118483161926269531e+01
6.924039459228515625e+01
2.603973083496093750e+02
1.584711914062500000e+02
3.764398956298828125e+01
2.198549346923828125e+02
6.608258056640625000e+01
1.867855529785156250e+02
2.307010269165039062e+01
6.622132873535156250e+01
3.706099243164062500e+02
1.654196472167968750e+02
1.659551811218261719e+01
7.460579681396484375e+01
3.062109069824218750e+02
1.599295043945312500e+02
5.027209854125976562e+01
2.396889190673828125e+02
1.576242828369140625e+02
1.706302642822265625e+02
9.802233695983886719e+00
4.966941452026367188e+01
1.331681213378906250e+02
1.627569732666015625e+02
3.703950119018554688e+01
1.062901306152343750e+02
1.146949844360351562e+02
1.743696746826171875e+02
6.951864719390869141e+00
3.113986396789550781e+01
3.524396667480468750e+02
1.595318756103515625e+02
3.531612014770507812e+01
1.492300720214843750e+02
1.512475967407226562e+00
2.201122589111328125e+02
1.931015968322753906e+01
5.809023666381835938e+01
2.745804786682128906e-01
2.086760559082031250e+02
1.179867172241210938e+01
5.293923187255859375e+01
6.797739410400390625e+01
1.981076049804687500e+02
2.865666580200195312e+01
6.363215255737304688e+01
2.910360717773437500e+02
1.592558898925781250e+02
3.745624160766601562e+01
2.424340820312500000e+02
1.932391357421875000e+02
1.660157775878906250e+02
1.601366043090820312e+01
9.721946716308593750e+01
0.000000000000000000e+00
0.000000000000000000e+00
0.000000000000000000e+00
0.000000000000000000e+00
