1.678043670654296875e+02
1.705581665039062500e+02
2.235299301147460938e+01
1.013734054565429688e+02
1.163778228759765625e+02
1.659399261474609375e+02
3.775640487670898438e+01
1.566714782714843750e+02
1.676880798339843750e+02
1.813888244628906250e+02
2.269617080688476562e+01
9.001224517822265625e+01
1.155538864135742188e+02
1.642176055908203125e+02
3.763667678833007812e+01
1.476314086914062500e+02
1.467812652587890625e+02
1.691814727783203125e+02
2.145479583740234375e+01
1.246846084594726562e+02
3.639782104492187500e+02
1.690396270751953125e+02
2.283888435363769531e+01
6.413379669189453125e+01
1.463147735595703125e+02
1.733997497558593750e+02
2.267922401428222656e+01
9.003311157226562500e+01
2.666248168945312500e+02
1.717420501708984375e+02
8.842870712280273438e+00
3.703269195556640625e+01
2.019005432128906250e+02
1.672377319335937500e+02
9.671882629394531250e+00
3.962055969238281250e+01
2.157913818359375000e+02
1.736026306152343750e+02
9.472512245178222656e+00
2.942757987976074219e+01
1.817784729003906250e+02
1.733119354248046875e+02
1.217288303375244141e+01
4.452856445312500000e+01
2.054727935791015625e+02
1.685603332519531250e+02
8.997714996337890625e+00
3.528117370605468750e+01
2.671625366210937500e+02
1.747441864013671875e+02
8.299098968505859375e+00
3.636201095581054688e+01
2.353952331542968750e+02
1.714617156982421875e+02
1.144676017761230469e+01
4.749663925170898438e+01
1.061788482666015625e+02
1.773248901367187500e+02
8.993227958679199219e+00
3.934996032714843750e+01
3.987723999023437500e+02
1.784456787109375000e+02
1.611920928955078125e+01
7.411690521240234375e+01
0.000000000000000000e+00
0.000000000000000000e+00
0.000000000000000000e+00
0.000000000000000000e+00
