3.275893554687500000e+02
1.700599670410156250e+02
5.184771347045898438e+01
1.585000152587890625e+02
3.238525695800781250e+02
1.709025573730468750e+02
5.101727676391601562e+01
1.543643951416015625e+02
1.604476470947265625e+02
1.724088287353515625e+02
1.634050941467285156e+01
7.645059967041015625e+01
1.812992401123046875e+02
1.655836181640625000e+02
3.560001754760742188e+01
1.936294403076171875e+02
2.119659729003906250e+02
1.659918670654296875e+02
4.234771728515625000e+01
2.251329650878906250e+02
3.260788574218750000e+02
1.808382568359375000e+02
5.551097106933593750e+01
1.556952972412109375e+02
1.081789550781250000e+02
1.750256500244140625e+02
1.061965656280517578e+01
4.135256958007812500e+01
3.223721618652343750e+02
1.881340332031250000e+02
5.472335052490234375e+01
1.436555633544921875e+02
1.599957122802734375e+02
1.699871520996093750e+02
1.588303661346435547e+01
7.311390686035156250e+01
3.241330261230468750e+02
1.664089965820312500e+02
4.627697753906250000e+01
1.417897491455078125e+02
1.215112609863281250e+02
1.782765808105468750e+02
5.743875026702880859e+00
2.094961547851562500e+01
2.964205932617187500e+02
1.671937866210937500e+02
8.544517517089843750e+00
4.579529953002929688e+01
2.124704742431640625e+02
1.528902282714843750e+02
4.082301712036132812e+01
2.286280059814453125e+02
3.300074157714843750e+02
1.665508575439453125e+02
4.733518600463867188e+01
1.415470275878906250e+02
3.132625122070312500e+02
1.660812377929687500e+02
1.972059631347656250e+01
1.044741516113281250e+02
3.052821044921875000e+02
1.706164550781250000e+02
2.438289070129394531e+01
9.700160217285156250e+01
3.131476440429687500e+02
1.691114501953125000e+02
2.259933280944824219e+01
1.199338226318359375e+02
1.810801239013671875e+02
1.631849975585937500e+02
3.605360794067382812e+01
1.793501892089843750e+02
3.653450622558593750e+02
1.667513122558593750e+02
2.000505065917968750e+01
6.694154357910156250e+01
2.952241210937500000e+02
1.733573608398437500e+02
8.920679092407226562e+00
3.961372375488281250e+01
3.081804504394531250e+02
1.656392517089843750e+02
3.266756439208984375e+01
1.287857208251953125e+02
1.283981475830078125e+02
1.781771240234375000e+02
4.776364803314208984e+00
1.885383033752441406e+01
2.483948822021484375e+02
1.660297546386718750e+02
1.211836051940917969e+01
4.922248840332031250e+01
8.094322204589843750e+01
1.767538757324218750e+02
1.084840106964111328e+01
4.277508926391601562e+01
2.128152465820312500e+02
1.843953247070312500e+02
4.125683975219726562e+01
2.129045562744140625e+02
3.040377197265625000e+02
1.794608764648437500e+02
2.780685234069824219e+01
9.438147735595703125e+01
3.984474182128906250e+02
1.499962310791015625e+02
1.661035537719726562e+01
1.014281387329101562e+02
0.000000000000000000e+00
0.000000000000000000e+00
0.000000000000000000e+00
0.000000000000000000e+00
