1.429220886230468750e+02
1.661362609863281250e+02
2.337196159362792969e+01
1.058629989624023438e+02
1.808533172607421875e+02
1.687006378173828125e+02
2.350932121276855469e+01
1.174035949707031250e+02
2.054599609375000000e+02
1.679623413085937500e+02
2.746684455871582031e+01
9.525516510009765625e+01
1.762246246337890625e+02
1.773647155761718750e+02
2.879879951477050781e+01
9.958306121826171875e+01
2.606094970703125000e+02
1.616634979248046875e+02
4.975642776489257812e+01
2.324862976074218750e+02
2.642410278320312500e+02
1.568891601562500000e+02
5.235486984252929688e+01
2.452855682373046875e+02
2.954363708496093750e+02
1.588865203857421875e+02
7.767555999755859375e+01
2.455377502441406250e+02
3.564538879394531250e+02
1.588928833007812500e+02
3.311714935302734375e+01
1.491105957031250000e+02
5.859200668334960938e+01
1.834948883056640625e+02
2.679605865478515625e+01
8.895489501953125000e+01
3.555346069335937500e+02
1.598200836181640625e+02
3.443525314331054688e+01
1.691897277832031250e+02
3.194262084960937500e+02
1.559716796875000000e+02
5.212863922119140625e+01
2.478491363525390625e+02
1.716501007080078125e+02
1.702507019042968750e+02
3.607007598876953125e+01
1.128885650634765625e+02
6.029301452636718750e+01
1.843750915527343750e+02
2.453417778015136719e+01
7.398747253417968750e+01
2.363106842041015625e+02
1.637220001220703125e+02
1.256854343414306641e+01
6.757338714599609375e+01
2.999717102050781250e+02
1.608943176269531250e+02
7.220018768310546875e+01
2.596879882812500000e+02
2.695253601074218750e+02
1.551998901367187500e+02
4.307885360717773438e+01
2.269398193359375000e+02
1.425276947021484375e+02
1.763576660156250000e+02
2.273111152648925781e+01
9.859333038330078125e+01
1.768310852050781250e+02
1.699550628662109375e+02
3.390319824218750000e+01
1.142959671020507812e+02
2.541023712158203125e+02
1.705856628417968750e+02
8.667580604553222656e+00
3.431245803833007812e+01
1.203673706054687500e+02
1.750753784179687500e+02
8.254240989685058594e+00
2.902055549621582031e+01
1.717255096435546875e+02
1.598586425781250000e+02
3.423156738281250000e+01
1.241680374145507812e+02
2.670019226074218750e+02
1.614723205566406250e+02
3.894033432006835938e+01
2.157761840820312500e+02
2.321809997558593750e+02
1.662061157226562500e+02
1.891709899902343750e+01
5.968147277832031250e+01
3.034109802246093750e+02
1.361458282470703125e+02
4.656576919555664062e+01
2.900452575683593750e+02
1.147557830810546875e+02
1.775738372802734375e+02
5.355875968933105469e+00
2.414313316345214844e+01
1.833987579345703125e+02
1.737768859863281250e+02
2.151996612548828125e+01
9.324025726318359375e+01
0.000000000000000000e+00
0.000000000000000000e+00
0.000000000000000000e+00
0.000000000000000000e+00
