1.539493408203125000e+02
1.681810760498046875e+02
3.321413803100585938e+01
1.278236770629882812e+02
1.145783386230468750e+02
1.671702575683593750e+02
3.954367828369140625e+01
1.640240020751953125e+02
1.569513397216796875e+02
1.675728759765625000e+02
2.703764915466308594e+01
1.283877105712890625e+02
1.899918060302734375e+02
1.696058959960937500e+02
2.327486801147460938e+01
1.012171478271484375e+02
1.128203887939453125e+02
1.769548645019531250e+02
4.158766937255859375e+01
1.623622283935546875e+02
3.637492065429687500e+02
1.689263153076171875e+02
2.280611801147460938e+01
6.194104003906250000e+01
1.868001556396484375e+02
1.788266143798828125e+02
2.244734382629394531e+01
9.547077178955078125e+01
2.585307312011718750e+02
1.764360198974609375e+02
7.782659053802490234e+00
3.479541015625000000e+01
1.449933776855468750e+02
1.731428527832031250e+02
1.894821929931640625e+01
1.212198791503906250e+02
2.482931060791015625e+02
1.702231750488281250e+02
7.443177700042724609e+00
3.916998672485351562e+01
1.798040161132812500e+02
1.774804534912109375e+02
1.946892929077148438e+01
8.285809326171875000e+01
0.000000000000000000e+00
0.000000000000000000e+00
0.000000000000000000e+00
0.000000000000000000e+00
