1.578128356933593750e+02
1.750722656250000000e+02
2.158269309997558594e+01
8.637687683105468750e+01
1.359549255371093750e+02
1.664637756347656250e+02
2.428780364990234375e+01
1.212598648071289062e+02
1.099963989257812500e+02
1.823858337402343750e+02
2.306214141845703125e+01
9.681645965576171875e+01
2.733704223632812500e+02
1.706023254394531250e+02
8.336684226989746094e+00
3.772589874267578125e+01
1.201517791748046875e+02
1.674925842285156250e+02
3.695328521728515625e+01
1.308073272705078125e+02
1.300657958984375000e+02
1.681966247558593750e+02
3.536257171630859375e+01
1.188909759521484375e+02
1.400536193847656250e+02
1.747336425781250000e+02
2.149213600158691406e+01
9.264286804199218750e+01
1.070763244628906250e+02
1.667131347656250000e+02
3.276976776123046875e+01
1.335071258544921875e+02
2.169059753417968750e+02
1.735633087158203125e+02
8.948045730590820312e+00
2.909271621704101562e+01
3.635050659179687500e+02
1.673907928466796875e+02
2.302993202209472656e+01
6.617411041259765625e+01
1.571366119384765625e+02
1.921370391845703125e+02
2.093789672851562500e+01
6.962606048583984375e+01
2.356852416992187500e+02
1.733168029785156250e+02
1.136361312866210938e+01
4.420436859130859375e+01
2.173178253173828125e+02
1.750079345703125000e+02
7.034482479095458984e+00
2.410754203796386719e+01
0.000000000000000000e+00
0.000000000000000000e+00
0.000000000000000000e+00
0.000000000000000000e+00
