1.850884552001953125e+02
1.762515563964843750e+02
2.640182685852050781e+01
1.024824600219726562e+02
1.096099166870117188e+02
1.629976501464843750e+02
4.929195022583007812e+01
1.909074096679687500e+02
1.579266357421875000e+02
1.641236877441406250e+02
3.060259628295898438e+01
1.392002105712890625e+02
1.625308227539062500e+02
1.634727020263671875e+02
2.347682571411132812e+01
1.395906677246093750e+02
1.119395065307617188e+02
1.668343811035156250e+02
4.723655700683593750e+01
1.677886962890625000e+02
1.856267852783203125e+02
1.742590179443359375e+02
2.529463958740234375e+01
9.476818084716796875e+01
1.623700866699218750e+02
1.694244995117187500e+02
3.109984397888183594e+01
1.264647369384765625e+02
1.458513031005859375e+02
1.708226776123046875e+02
2.138576126098632812e+01
1.277581176757812500e+02
2.544319305419921875e+02
1.779340209960937500e+02
9.629847526550292969e+00
3.204817199707031250e+01
2.482190246582031250e+02
1.698682250976562500e+02
8.952307701110839844e+00
3.988860702514648438e+01
1.026065750122070312e+02
1.762358245849609375e+02
8.897616386413574219e+00
4.128937911987304688e+01
2.164743652343750000e+02
1.709656982421875000e+02
7.448472023010253906e+00
3.253135681152343750e+01
1.642394409179687500e+02
1.679052886962890625e+02
2.608300209045410156e+01
1.270723800659179688e+02
0.000000000000000000e+00
0.000000000000000000e+00
0.000000000000000000e+00
0.000000000000000000e+00
