2.958594665527343750e+02
1.711776580810546875e+02
2.521511650085449219e+01
1.177384033203125000e+02
1.081134490966796875e+02
1.786929473876953125e+02
2.656234359741210938e+01
9.577256011962890625e+01
2.319743499755859375e+02
1.641617431640625000e+02
7.947323608398437500e+01
2.329873809814453125e+02
5.509973526000976562e+01
2.025112457275390625e+02
2.652074432373046875e+01
5.318793487548828125e+01
2.254180297851562500e+02
1.557025909423828125e+02
3.696469497680664062e+01
2.161946716308593750e+02
1.074910049438476562e+02
1.732202301025390625e+02
2.484956169128417969e+01
9.523210906982421875e+01
1.381042785644531250e+02
1.289434509277343750e+02
7.963711547851562500e+01
2.820308837890625000e+02
2.925971374511718750e+02
1.665964355468750000e+02
3.153836631774902344e+01
1.257620697021484375e+02
2.463088073730468750e+02
1.706217041015625000e+02
4.488739776611328125e+01
2.155744171142578125e+02
5.794802093505859375e+01
1.952352294921875000e+02
2.260333251953125000e+01
5.324964141845703125e+01
1.032179260253906250e+02
1.647419433593750000e+02
3.593766784667968750e+01
1.130674209594726562e+02
2.244885864257812500e+02
1.725766601562500000e+02
3.969561004638671875e+01
2.083676147460937500e+02
2.504036865234375000e+02
1.571177368164062500e+02
4.868140792846679688e+01
2.461166381835937500e+02
2.356418914794921875e+02
1.663106842041015625e+02
7.610647583007812500e+01
2.503601989746093750e+02
3.634797058105468750e+02
1.680413665771484375e+02
2.320392417907714844e+01
6.175786209106445312e+01
2.263026275634765625e+02
1.511226806640625000e+02
3.739431762695312500e+01
2.012572021484375000e+02
2.511330566406250000e+02
1.577860870361328125e+02
4.757434463500976562e+01
2.181983337402343750e+02
2.473836059570312500e+02
1.792283020019531250e+02
4.281147384643554688e+01
1.752698822021484375e+02
1.281962738037109375e+02
1.847204895019531250e+02
1.789633369445800781e+01
6.683811950683593750e+01
1.019275894165039062e+02
1.715238342285156250e+02
3.879160690307617188e+01
1.096671600341796875e+02
2.213928833007812500e+02
1.604133453369140625e+02
3.370862960815429688e+01
2.065273132324218750e+02
8.884880828857421875e+01
1.755664215087890625e+02
9.767378807067871094e+00
4.399118804931640625e+01
0.000000000000000000e+00
0.000000000000000000e+00
0.000000000000000000e+00
0.000000000000000000e+00
