2.909476928710937500e+02
1.599171447753906250e+02
2.343401527404785156e+01
1.125636978149414062e+02
3.561040039062500000e+02
1.649884338378906250e+02
3.983016967773437500e+01
1.720295257568359375e+02
3.559760131835937500e+02
1.657702941894531250e+02
4.030693817138671875e+01
1.866324005126953125e+02
2.924805908203125000e+02
1.594669799804687500e+02
2.395582962036132812e+01
1.137544860839843750e+02
1.692896423339843750e+02
1.775807952880859375e+02
1.781925201416015625e+01
7.779753875732421875e+01
1.644950714111328125e+02
1.778076324462890625e+02
1.864054679870605469e+01
7.040243530273437500e+01
3.467996520996093750e+02
1.585075988769531250e+02
2.015042495727539062e+01
9.094160461425781250e+01
2.533028564453125000e+02
1.715672912597656250e+02
1.058893013000488281e+01
4.273414611816406250e+01
2.541845092773437500e+02
1.683937835693359375e+02
9.710080146789550781e+00
4.470602035522460938e+01
1.860962982177734375e+02
1.652943725585937500e+02
3.570742797851562500e+01
1.926079101562500000e+02
1.087297286987304688e+02
1.750398406982421875e+02
1.014595031738281250e+01
4.150891113281250000e+01
1.587172698974609375e+02
1.813419952392578125e+02
1.083744430541992188e+01
4.804085159301757812e+01
1.213823699951171875e+02
1.780429229736328125e+02
5.807025432586669922e+00
2.114860725402832031e+01
2.141496429443359375e+02
1.631340942382812500e+02
4.533161544799804688e+01
2.274606475830078125e+02
1.849302215576171875e+02
1.610158081054687500e+02
3.716070556640625000e+01
1.804025421142578125e+02
1.596158599853515625e+02
1.882522583007812500e+02
9.774255752563476562e+00
4.484211349487304688e+01
2.135073699951171875e+02
1.426197509765625000e+02
4.415769195556640625e+01
2.484420776367187500e+02
2.215202636718750000e+02
1.769865722656250000e+02
4.673698425292968750e+01
2.041865997314453125e+02
3.474884643554687500e+02
1.681474761962890625e+02
2.073755645751953125e+01
8.597940063476562500e+01
-2.437934875488281250e-01
2.020721130371093750e+02
2.100886535644531250e+01
1.260766677856445312e+02
3.459083251953125000e+02
1.610148010253906250e+02
2.147147560119628906e+01
1.435267181396484375e+02
1.493876342773437500e+02
1.821603393554687500e+02
1.059070873260498047e+01
4.606933593750000000e+01
8.072108459472656250e+01
1.773241271972656250e+02
1.143794059753417969e+01
4.168754196166992188e+01
3.988817138671875000e+02
1.536659240722656250e+02
1.559994411468505859e+01
9.707213592529296875e+01
2.246613922119140625e+02
1.896023406982421875e+02
4.701733779907226562e+01
1.495662536621093750e+02
0.000000000000000000e+00
0.000000000000000000e+00
0.000000000000000000e+00
0.000000000000000000e+00
