2.290375518798828125e+02
1.726403808593750000e+02
3.426459121704101562e+01
1.235234146118164062e+02
1.946128845214843750e+02
1.611609191894531250e+02
3.044582366943359375e+01
1.628474273681640625e+02
1.091950454711914062e+02
1.743419189453125000e+02
1.134071254730224609e+01
4.329687500000000000e+01
1.934019317626953125e+02
1.599686431884765625e+02
3.377079010009765625e+01
1.550575561523437500e+02
2.353341979980468750e+02
1.739561920166015625e+02
2.543871498107910156e+01
1.203516006469726562e+02
2.618137512207031250e+02
1.746956634521484375e+02
8.583605766296386719e+00
3.976528549194335938e+01
1.910121612548828125e+02
1.615681457519531250e+02
3.059731483459472656e+01
1.661316070556640625e+02
1.280831604003906250e+02
1.690293579101562500e+02
1.795287132263183594e+01
7.060316467285156250e+01
1.912173309326171875e+02
1.590274505615234375e+02
3.049158668518066406e+01
1.559006652832031250e+02
1.492560577392578125e+02
1.801027832031250000e+02
4.342176055908203125e+01
1.703245086669921875e+02
1.292103729248046875e+02
1.758402557373046875e+02
1.900747871398925781e+01
6.688156890869140625e+01
2.275482482910156250e+02
1.774871826171875000e+02
3.485403060913085938e+01
1.272300796508789062e+02
1.538135528564453125e+02
1.584724121093750000e+02
5.092117691040039062e+01
2.132536163330078125e+02
2.253210296630859375e+02
1.695810241699218750e+02
1.108042240142822266e+01
3.780373764038085938e+01
2.235466613769531250e+02
1.682120513916015625e+02
1.287864589691162109e+01
5.474515533447265625e+01
9.242890930175781250e+01
1.831968078613281250e+02
1.158298683166503906e+01
3.733162689208984375e+01
9.360019683837890625e+01
1.796302185058593750e+02
1.111548805236816406e+01
3.719941329956054688e+01
1.491556701660156250e+02
1.806585083007812500e+02
4.543819427490234375e+01
1.897319183349609375e+02
1.221853561401367188e+02
1.772475738525390625e+02
5.539823055267333984e+00
2.227282333374023438e+01
3.626540222167968750e+02
1.679198608398437500e+02
2.365417480468750000e+01
6.553855133056640625e+01
1.558278350830078125e+02
1.725937194824218750e+02
4.746492767333984375e+01
2.044973144531250000e+02
0.000000000000000000e+00
0.000000000000000000e+00
0.000000000000000000e+00
0.000000000000000000e+00
