1.674331817626953125e+02
1.692562103271484375e+02
2.184908294677734375e+01
9.398251342773437500e+01
3.074474487304687500e+02
1.610554046630859375e+02
4.626520156860351562e+01
2.356318054199218750e+02
2.352433013916015625e+02
1.747882080078125000e+02
1.821333122253417969e+01
8.595147705078125000e+01
1.928839111328125000e+02
1.638602142333984375e+02
2.208974456787109375e+01
1.056802673339843750e+02
3.318875122070312500e+02
1.469011840820312500e+02
8.579388427734375000e+01
2.624547119140625000e+02
1.437966461181640625e+02
1.762410736083984375e+02
1.038487339019775391e+01
3.972376251220703125e+01
2.074479217529296875e+02
1.762135467529296875e+02
2.793752479553222656e+01
9.985674285888671875e+01
1.641177825927734375e+02
1.707098999023437500e+02
2.273926162719726562e+01
8.874195861816406250e+01
3.381924438476562500e+02
1.473199462890625000e+02
3.795219421386718750e+01
2.382959136962890625e+02
3.091806640625000000e+02
1.515814361572265625e+02
4.004094314575195312e+01
2.319543151855468750e+02
1.990770416259765625e+02
1.624566955566406250e+02
3.829512786865234375e+01
1.173248214721679688e+02
2.078824920654296875e+02
1.701293029785156250e+02
2.379626846313476562e+01
1.010812835693359375e+02
3.679563903808593750e+02
1.933245239257812500e+02
4.574854278564453125e+01
1.692051239013671875e+02
3.157728881835937500e+02
1.572077636718750000e+02
5.288594055175781250e+01
2.433057250976562500e+02
1.202378158569335938e+02
1.743335723876953125e+02
7.778498172760009766e+00
3.184950447082519531e+01
1.533923339843750000e+02
1.755369262695312500e+02
8.289581298828125000e+00
3.686637878417968750e+01
3.392269592285156250e+02
1.573844909667968750e+02
3.639726257324218750e+01
2.395420989990234375e+02
1.544089202880859375e+02
1.733858337402343750e+02
7.337449073791503906e+00
3.443571853637695312e+01
3.661656799316406250e+02
1.752245483398437500e+02
4.671815872192382812e+01
1.809438629150390625e+02
2.002677612304687500e+02
1.712534942626953125e+02
3.888488388061523438e+01
1.084831161499023438e+02
3.237210083007812500e+02
1.443672943115234375e+02
4.601075744628906250e+01
2.461105041503906250e+02
3.054643249511718750e+02
1.776823120117187500e+02
4.884684753417968750e+01
2.262044525146484375e+02
8.049763488769531250e+01
1.781328735351562500e+02
1.133525943756103516e+01
4.027550125122070312e+01
2.189248352050781250e+02
1.734670562744140625e+02
6.206647872924804688e+00
1.537346267700195312e+01
0.000000000000000000e+00
0.000000000000000000e+00
0.000000000000000000e+00
0.000000000000000000e+00
