2.413845214843750000e+02
1.668231658935546875e+02
2.175374031066894531e+01
1.387971496582031250e+02
1.970418548583984375e+02
1.597614746093750000e+02
2.710526657104492188e+01
1.689993743896484375e+02
2.373307495117187500e+02
1.677881469726562500e+02
3.014392089843750000e+01
1.358420562744140625e+02
1.965424652099609375e+02
1.637507019042968750e+02
2.859300422668457031e+01
1.489352722167968750e+02
1.302999572753906250e+02
1.763625640869140625e+02
1.799106979370117188e+01
6.615064239501953125e+01
1.093060302734375000e+02
1.740237426757812500e+02
1.104264354705810547e+01
4.349050903320312500e+01
1.289833068847656250e+02
1.720434570312500000e+02
1.803493118286132812e+01
6.815635681152343750e+01
2.395779418945312500e+02
1.816757965087890625e+02
2.243471908569335938e+01
1.199236145019531250e+02
2.514748687744140625e+02
1.679380187988281250e+02
1.876155853271484375e+01
1.211933746337890625e+02
1.310119934082031250e+02
1.762467651367187500e+02
1.401687908172607422e+01
6.757612609863281250e+01
1.220827407836914062e+02
1.770849304199218750e+02
5.691864490509033203e+00
2.250173950195312500e+01
1.301580200195312500e+02
1.802588195800781250e+02
1.457660961151123047e+01
4.928362655639648438e+01
1.567011871337890625e+02
1.628138885498046875e+02
5.633401107788085938e+01
2.258922424316406250e+02
1.556386413574218750e+02
1.483563537597656250e+02
5.164556121826171875e+01
2.363916015625000000e+02
1.901350402832031250e+02
1.575141448974609375e+02
3.306327438354492188e+01
1.783414611816406250e+02
9.203856658935546875e+01
1.842294616699218750e+02
1.154986572265625000e+01
3.620531463623046875e+01
1.034851303100585938e+02
1.758821716308593750e+02
7.081533432006835938e+00
4.013322067260742188e+01
9.387430572509765625e+01
1.785226135253906250e+02
1.001565074920654297e+01
3.821695709228515625e+01
2.529351501464843750e+02
1.670672912597656250e+02
1.754913711547851562e+01
1.056058349609375000e+02
1.478521270751953125e+02
1.852621917724609375e+02
1.251156139373779297e+01
5.166629409790039062e+01
3.629354553222656250e+02
1.688981933593750000e+02
2.413251876831054688e+01
6.553533935546875000e+01
0.000000000000000000e+00
0.000000000000000000e+00
0.000000000000000000e+00
0.000000000000000000e+00
