2.016610107421875000e+02
1.720134735107421875e+02
2.414709281921386719e+01
1.176317825317382812e+02
1.285519104003906250e+02
1.576002197265625000e+02
4.518445587158203125e+01
2.063152618408203125e+02
1.689351348876953125e+02
1.647893371582031250e+02
2.991770362854003906e+01
1.391976165771484375e+02
1.713253784179687500e+02
1.638872070312500000e+02
2.538292884826660156e+01
1.408974456787109375e+02
2.489505462646484375e+02
1.717977905273437500e+02
1.242888355255126953e+01
4.212375259399414062e+01
2.487961273193359375e+02
1.699774169921875000e+02
1.161775398254394531e+01
4.211680603027343750e+01
1.313928070068359375e+02
1.612188720703125000e+02
4.447348022460937500e+01
1.793898773193359375e+02
2.176937561035156250e+02
1.658715209960937500e+02
1.982253265380859375e+01
1.046407318115234375e+02
1.229629592895507812e+02
1.759026794433593750e+02
1.338466358184814453e+01
5.818466949462890625e+01
1.092940063476562500e+02
1.758870544433593750e+02
1.020761585235595703e+01
4.060252380371093750e+01
1.968564147949218750e+02
1.693312072753906250e+02
3.428452682495117188e+01
1.210474395751953125e+02
1.034132385253906250e+02
1.765212249755859375e+02
9.279748916625976562e+00
4.158852767944335938e+01
2.500151824951171875e+02
1.736271972656250000e+02
1.276510047912597656e+01
3.905271530151367188e+01
2.380604553222656250e+02
1.707710113525390625e+02
7.902221679687500000e+00
3.637660980224609375e+01
3.627308959960937500e+02
1.672252197265625000e+02
2.316945457458496094e+01
6.370261764526367188e+01
2.048463745117187500e+02
1.744308471679687500e+02
2.088672256469726562e+01
9.057148742675781250e+01
1.235552215576171875e+02
1.816382751464843750e+02
1.221609306335449219e+01
5.514144897460937500e+01
0.000000000000000000e+00
0.000000000000000000e+00
0.000000000000000000e+00
0.000000000000000000e+00
