1.070929870605468750e+02
1.747888641357421875e+02
2.395993614196777344e+01
1.033865737915039062e+02
2.909057006835937500e+02
1.662992706298828125e+02
3.037345695495605469e+01
1.265747375488281250e+02
2.929566955566406250e+02
1.681240997314453125e+02
2.682521438598632812e+01
1.238756103515625000e+02
5.591265106201171875e+01
2.027643432617187500e+02
2.748205375671386719e+01
5.310340499877929688e+01
1.404565429687500000e+02
1.326768188476562500e+02
8.276648712158203125e+01
2.755463256835937500e+02
2.258913879394531250e+02
1.596848449707031250e+02
3.544999313354492188e+01
2.080247344970703125e+02
1.070219421386718750e+02
1.710020599365234375e+02
2.385474395751953125e+01
1.004516677856445312e+02
2.244216613769531250e+02
1.711464538574218750e+02
3.809120178222656250e+01
2.116660156250000000e+02
1.391608428955078125e+02
1.762846069335937500e+02
1.952862548828125000e+01
1.026184539794921875e+02
2.473784332275390625e+02
1.647465515136718750e+02
4.251296615600585938e+01
2.280055694580078125e+02
2.305271759033203125e+02
1.582378540039062500e+02
7.810733795166015625e+01
2.453533172607421875e+02
3.635393676757812500e+02
1.681210937500000000e+02
2.276800537109375000e+01
6.000708770751953125e+01
2.265513305664062500e+02
1.519239196777343750e+02
3.639360046386718750e+01
2.001999969482421875e+02
1.404664154052734375e+02
1.724600219726562500e+02
1.910385704040527344e+01
9.574678039550781250e+01
2.225512390136718750e+02
1.605056762695312500e+02
3.217893600463867188e+01
2.078116607666015625e+02
2.918488769531250000e+02
1.538318786621093750e+02
3.043089485168457031e+01
1.354671478271484375e+02
2.837588195800781250e+02
1.611769409179687500e+02
3.469401168823242188e+01
1.357774810791015625e+02
8.875797271728515625e+01
1.751333465576171875e+02
9.692686080932617188e+00
4.470230102539062500e+01
5.850445938110351562e+01
1.958538818359375000e+02
2.394016075134277344e+01
5.169771194458007812e+01
2.492238616943359375e+02
1.805558166503906250e+02
3.906001663208007812e+01
1.724020233154296875e+02
2.515930480957031250e+02
1.547960968017578125e+02
4.589550018310546875e+01
2.501355285644531250e+02
1.019285354614257812e+02
1.638168182373046875e+02
3.569194412231445312e+01
1.138351745605468750e+02
2.516576385498046875e+02
1.604009399414062500e+02
4.572129058837890625e+01
2.121989593505859375e+02
1.278005905151367188e+02
1.795302124023437500e+02
1.871773147583007812e+01
7.452061462402343750e+01
7.872415924072265625e+01
1.846223754882812500e+02
1.264931201934814453e+01
3.733780670166015625e+01
1.026299133300781250e+02
1.770407257080078125e+02
8.779741287231445312e+00
3.651564407348632812e+01
2.160811462402343750e+02
1.723265991210937500e+02
7.483457565307617188e+00
3.325120925903320312e+01
8.073926544189453125e+01
1.775072326660156250e+02
1.021726894378662109e+01
4.107274627685546875e+01
2.216653137207031250e+02
1.794639282226562500e+02
3.346399307250976562e+01
1.955381469726562500e+02
3.985649414062500000e+02
1.487438659667968750e+02
1.620593833923339844e+01
1.040962753295898438e+02
0.000000000000000000e+00
0.000000000000000000e+00
0.000000000000000000e+00
0.000000000000000000e+00
