1.153457946777343750e+02
1.548049926757812500e+02
3.362523651123046875e+01
1.422853851318359375e+02
9.000358581542968750e-01
1.679488220214843750e+02
3.883526611328125000e+01
1.400565948486328125e+02
1.143654327392578125e+02
1.528461761474609375e+02
3.627187347412109375e+01
1.383712463378906250e+02
7.739949798583984375e+01
1.682379760742187500e+02
2.393687629699707031e+01
1.179814910888671875e+02
6.774253845214843750e-01
1.686703186035156250e+02
4.085899734497070312e+01
1.464767303466796875e+02
4.972070693969726562e+01
1.683081207275390625e+02
3.178559112548828125e+01
1.469216308593750000e+02
2.324734802246093750e+02
1.625036010742187500e+02
5.312742614746093750e+01
2.284716033935546875e+02
2.079263916015625000e+02
1.626640625000000000e+02
3.626136016845703125e+01
1.985339965820312500e+02
4.336745452880859375e+01
1.648768310546875000e+02
3.613061141967773438e+01
1.461517486572265625e+02
2.044299316406250000e+02
1.675048217773437500e+02
3.613799667358398438e+01
1.880896606445312500e+02
4.778119659423828125e+01
1.655535125732421875e+02
3.760206604003906250e+01
1.432688598632812500e+02
4.447699737548828125e+01
1.714280700683593750e+02
3.571370315551757812e+01
1.409944458007812500e+02
2.348573303222656250e+02
1.596024169921875000e+02
5.305829238891601562e+01
2.144035186767578125e+02
1.582447967529296875e+02
1.806597290039062500e+02
9.645277023315429688e+00
4.664387512207031250e+01
7.677352905273437500e+01
1.709607238769531250e+02
2.349532318115234375e+01
1.018206939697265625e+02
2.048038330078125000e+02
1.618700866699218750e+02
3.482793807983398438e+01
1.821332092285156250e+02
2.313472595214843750e+02
1.683381652832031250e+02
4.488852310180664062e+01
2.181690063476562500e+02
2.078074493408203125e+02
1.558416290283203125e+02
3.631896209716796875e+01
1.942848815917968750e+02
1.496307830810546875e+02
1.824295654296875000e+02
9.144680976867675781e+00
4.266436386108398438e+01
3.630047607421875000e+02
1.678711853027343750e+02
2.329054832458496094e+01
6.492118835449218750e+01
1.076148223876953125e+02
1.561557617187500000e+02
3.846076202392578125e+01
1.409917144775390625e+02
1.003245010375976562e+02
1.732906951904296875e+02
1.152717208862304688e+01
4.508390426635742188e+01
3.981022644042968750e+02
1.795086364746093750e+02
1.674778366088867188e+01
7.133590698242187500e+01
7.270586395263671875e+01
1.654673309326171875e+02
3.198384094238281250e+01
1.235400695800781250e+02
1.413335876464843750e+02
1.818303375244140625e+02
1.106330871582031250e+01
4.549149322509765625e+01
2.007159881591796875e+02
1.695295410156250000e+02
8.948092460632324219e+00
5.663285446166992188e+01
0.000000000000000000e+00
0.000000000000000000e+00
0.000000000000000000e+00
0.000000000000000000e+00
