1.524039611816406250e+02
1.688232421875000000e+02
3.326864624023437500e+01
1.293326110839843750e+02
1.539505767822265625e+02
1.720934753417968750e+02
2.699282073974609375e+01
1.214226531982421875e+02
1.133376235961914062e+02
1.669082946777343750e+02
4.094380569458007812e+01
1.628096466064453125e+02
1.916383056640625000e+02
1.689096527099609375e+02
1.820921516418457031e+01
9.564524078369140625e+01
1.795585021972656250e+02
1.765041046142578125e+02
1.980140113830566406e+01
8.625997924804687500e+01
1.788724975585937500e+02
1.776097412109375000e+02
1.947966003417968750e+01
1.031327056884765625e+02
2.593645324707031250e+02
1.765888061523437500e+02
7.716012954711914062e+00
3.452967453002929688e+01
3.627553405761718750e+02
1.658049316406250000e+02
2.302221870422363281e+01
7.041973114013671875e+01
1.042614822387695312e+02
1.741366577148437500e+02
1.072040653228759766e+01
4.458317947387695312e+01
1.128687896728515625e+02
1.718908081054687500e+02
4.112689971923828125e+01
1.736625213623046875e+02
2.087297973632812500e+02
1.708072509765625000e+02
8.708663940429687500e+00
3.208044433593750000e+01
2.407952880859375000e+02
1.757217712402343750e+02
8.232256889343261719e+00
3.568389129638671875e+01
2.175831451416015625e+02
1.723420410156250000e+02
8.016297340393066406e+00
2.977075958251953125e+01
3.978463439941406250e+02
1.499165344238281250e+02
1.700341415405273438e+01
1.025780410766601562e+02
2.603747558593750000e+02
1.756169738769531250e+02
8.233951568603515625e+00
3.667148208618164062e+01
0.000000000000000000e+00
0.000000000000000000e+00
0.000000000000000000e+00
0.000000000000000000e+00
