1.542898559570312500e+02
1.768888244628906250e+02
2.272145080566406250e+01
8.596267700195312500e+01
1.162588500976562500e+02
1.698587341308593750e+02
3.660623168945312500e+01
1.250846786499023438e+02
2.163834381103515625e+02
1.725995635986328125e+02
9.728787422180175781e+00
3.013179969787597656e+01
2.734186706542968750e+02
1.709158020019531250e+02
8.463273048400878906e+00
3.805941390991210938e+01
1.367473449707031250e+02
1.739389953613281250e+02
2.033712387084960938e+01
1.075609207153320312e+02
1.079085159301757812e+02
1.687971343994140625e+02
3.478652572631835938e+01
1.263203964233398438e+02
1.263538894653320312e+02
1.681372833251953125e+02
2.357331466674804688e+01
1.275923080444335938e+02
1.550727844238281250e+02
1.907967681884765625e+02
2.137400436401367188e+01
7.153971099853515625e+01
2.359851379394531250e+02
1.723291168212890625e+02
1.079792785644531250e+01
4.529049301147460938e+01
1.402426605224609375e+02
1.749993438720703125e+02
1.779335594177246094e+01
9.126147460937500000e+01
3.630946655273437500e+02
1.670681152343750000e+02
2.306199645996093750e+01
6.509889221191406250e+01
1.097379074096679688e+02
1.872350311279296875e+02
2.416890525817871094e+01
8.580966186523437500e+01
1.022232742309570312e+02
1.763899536132812500e+02
1.343433761596679688e+01
4.124159240722656250e+01
0.000000000000000000e+00
0.000000000000000000e+00
0.000000000000000000e+00
0.000000000000000000e+00
