3.438033676147460938e+01
1.531395721435546875e+02
3.347939300537109375e+01
1.639474182128906250e+02
2.294970703125000000e+02
1.504656677246093750e+02
4.196633148193359375e+01
2.305990447998046875e+02
2.267621765136718750e+02
1.520821380615234375e+02
4.653314590454101562e+01
2.477456359863281250e+02
3.163363342285156250e+02
1.687751922607421875e+02
9.715965270996093750e+00
4.154307174682617188e+01
1.582810058593750000e+02
1.810374755859375000e+02
1.053235244750976562e+01
4.677698516845703125e+01
3.873621520996093750e+02
1.585145568847656250e+02
2.854711151123046875e+01
1.738513946533203125e+02
7.958049774169921875e+01
1.807723541259765625e+02
1.207637023925781250e+01
4.266925811767578125e+01
1.896438598632812500e+02
1.629406433105468750e+02
4.200209808349609375e+01
2.033028717041015625e+02
1.048973617553710938e+02
1.746074981689453125e+02
1.070996093750000000e+01
4.211951828002929688e+01
3.802894592285156250e+02
1.560242309570312500e+02
3.501282119750976562e+01
1.784635772705078125e+02
3.628847045898437500e+02
1.701009368896484375e+02
2.357188796997070312e+01
6.357357406616210938e+01
7.975543975830078125e+01
1.782497253417968750e+02
1.150450706481933594e+01
4.102440261840820312e+01
1.872003021240234375e+02
1.690267944335937500e+02
3.818994522094726562e+01
1.901829986572265625e+02
3.879217224121093750e+02
1.474673004150390625e+02
2.812226104736328125e+01
1.797863464355468750e+02
3.145566711425781250e+02
1.690748596191406250e+02
9.580571174621582031e+00
4.106694793701171875e+01
1.207797851562500000e+02
1.772366943359375000e+02
6.057093143463134766e+00
2.059842109680175781e+01
1.489341583251953125e+02
1.821929321289062500e+02
1.059951972961425781e+01
4.522409820556640625e+01
3.269622802734375000e+01
1.620606994628906250e+02
3.744895553588867188e+01
1.597119750976562500e+02
2.569459228515625000e+02
1.689892272949218750e+02
1.652841186523437500e+01
6.733959960937500000e+01
0.000000000000000000e+00
0.000000000000000000e+00
0.000000000000000000e+00
0.000000000000000000e+00
