2.379451904296875000e+02
1.611691436767578125e+02
2.364566993713378906e+01
1.052111892700195312e+02
2.682443847656250000e+02
1.709235229492187500e+02
2.359058952331542969e+01
9.810272979736328125e+01
2.181865081787109375e+02
1.732229003906250000e+02
2.010059165954589844e+01
7.774269104003906250e+01
1.570049285888671875e+02
1.742674560546875000e+02
8.949061393737792969e+00
3.909154891967773438e+01
1.349644165039062500e+02
1.764852600097656250e+02
7.877638816833496094e+00
3.692073059082031250e+01
2.610840759277343750e+02
1.693023071289062500e+02
1.582596874237060547e+01
9.072068786621093750e+01
2.188852233886718750e+02
1.690830993652343750e+02
1.893343544006347656e+01
7.297882843017578125e+01
2.674655151367187500e+02
1.798576660156250000e+02
2.416884422302246094e+01
9.218328094482421875e+01
1.185819320678710938e+02
1.778605346679687500e+02
9.098858833312988281e+00
3.062416076660156250e+01
7.910488891601562500e+01
1.822149047851562500e+02
1.240746879577636719e+01
4.131168365478515625e+01
1.187711486816406250e+02
1.741734619140625000e+02
9.678975105285644531e+00
3.299945068359375000e+01
1.264839401245117188e+02
1.775744018554687500e+02
7.616556644439697266e+00
3.126881027221679688e+01
1.438837432861328125e+02
1.779873962402343750e+02
7.343391418457031250e+00
3.540609741210937500e+01
1.517315673828125000e+02
1.824458618164062500e+02
4.682483196258544922e+00
2.351023483276367188e+01
2.388539428710937500e+02
1.602342529296875000e+02
1.949949073791503906e+01
8.998306274414062500e+01
1.747122192382812500e+02
1.814864654541015625e+02
8.984896659851074219e+00
3.014912796020507812e+01
3.636543579101562500e+02
1.674740600585937500e+02
2.360237884521484375e+01
6.810939788818359375e+01
8.759026336669921875e+01
1.757832489013671875e+02
1.149946689605712891e+01
4.438014984130859375e+01
0.000000000000000000e+00
0.000000000000000000e+00
0.000000000000000000e+00
0.000000000000000000e+00
