3.288149108886718750e+02
1.648367004394531250e+02
5.864091491699218750e+01
2.339633026123046875e+02
1.780463104248046875e+02
1.704086151123046875e+02
2.381254386901855469e+01
8.890171051025390625e+01
1.414655303955078125e+02
1.764820861816406250e+02
9.153767585754394531e+00
4.060480499267578125e+01
3.896730957031250000e+02
1.597408752441406250e+02
2.617279815673828125e+01
2.437996826171875000e+02
2.018780059814453125e+02
1.647549438476562500e+02
2.310607719421386719e+01
1.042455825805664062e+02
3.250553588867187500e+02
1.641377868652343750e+02
4.869913482666015625e+01
2.335507202148437500e+02
2.236004486083984375e+02
1.727176208496093750e+02
2.665585517883300781e+01
1.062954101562500000e+02
1.523913269042968750e+02
1.755926513671875000e+02
8.537170410156250000e+00
3.454537582397460938e+01
3.271964721679687500e+02
1.809575805664062500e+02
6.212216567993164062e+01
2.196610870361328125e+02
3.904015197753906250e+02
1.694259338378906250e+02
2.586578369140625000e+01
2.466026153564453125e+02
1.522797546386718750e+02
1.739638824462890625e+02
8.471577644348144531e+00
3.441116714477539062e+01
1.826093292236328125e+02
1.678469085693359375e+02
2.231068229675292969e+01
9.495293426513671875e+01
2.231547546386718750e+02
1.730967712402343750e+02
2.442978096008300781e+01
9.359471130371093750e+01
2.345475921630859375e+02
1.692592468261718750e+02
2.188991355895996094e+01
1.008363037109375000e+02
3.558223571777343750e+02
1.656414642333984375e+02
3.842687606811523438e+01
2.283829040527343750e+02
3.900968017578125000e+02
1.361715698242187500e+02
2.477641487121582031e+01
2.618400878906250000e+02
7.943747711181640625e+01
1.824024963378906250e+02
1.258820438385009766e+01
4.026380157470703125e+01
2.172743072509765625e+02
1.623479919433593750e+02
3.688012313842773438e+01
1.180303497314453125e+02
3.788591308593750000e+02
1.605062255859375000e+02
3.568769454956054688e+01
2.408945770263671875e+02
1.260998535156250000e+02
1.752651367187500000e+02
8.288755416870117188e+00
3.064418411254882812e+01
2.183961639404296875e+02
1.709957275390625000e+02
3.652854156494140625e+01
1.089709930419921875e+02
3.234192504882812500e+02
1.788141784667968750e+02
5.068933105468750000e+01
2.244251708984375000e+02
8.756233215332031250e+01
1.770894927978515625e+02
1.156631278991699219e+01
4.292551422119140625e+01
1.194287719726562500e+02
1.752779998779296875e+02
7.713554382324218750e+00
3.054324340820312500e+01
3.566759643554687500e+02
1.472577209472656250e+02
3.794485473632812500e+01
2.395029907226562500e+02
3.346168518066406250e+02
1.680666809082031250e+02
4.696161651611328125e+01
2.001373138427734375e+02
0.000000000000000000e+00
0.000000000000000000e+00
0.000000000000000000e+00
0.000000000000000000e+00
