4.990979003906250000e+01
1.572674255371093750e+02
4.467864608764648438e+01
1.536232452392578125e+02
2.284192810058593750e+02
1.504287261962890625e+02
4.519054794311523438e+01
2.315865173339843750e+02
2.279200744628906250e+02
1.564210205078125000e+02
4.597929000854492188e+01
2.385893096923828125e+02
1.918315582275390625e+02
1.624335327148437500e+02
3.810370254516601562e+01
1.995989379882812500e+02
3.214461975097656250e+02
1.680740356445312500e+02
9.373348236083984375e+00
4.402455520629882812e+01
4.935485076904296875e+01
1.666166992187500000e+02
4.793986892700195312e+01
1.508960571289062500e+02
2.358837127685546875e-01
1.620100708007812500e+02
2.845486640930175781e+01
1.477563018798828125e+02
1.585519714355468750e+02
1.818296966552734375e+02
1.013386058807373047e+01
4.551231002807617188e+01
1.045292510986328125e+02
1.756598510742187500e+02
9.214584350585937500e+00
4.005300903320312500e+01
3.635558471679687500e+02
1.690803527832031250e+02
2.184463310241699219e+01
6.448130035400390625e+01
2.725925445556640625e-01
1.683183288574218750e+02
3.464042282104492188e+01
1.363612213134765625e+02
1.214575729370117188e+02
1.770597381591796875e+02
5.869183540344238281e+00
2.121839523315429688e+01
9.788646697998046875e-01
1.795200500488281250e+02
3.322735214233398438e+01
1.272484207153320312e+02
3.209524841308593750e+02
1.722369384765625000e+02
1.001766204833984375e+01
4.105765533447265625e+01
5.653476715087890625e-01
1.725974731445312500e+02
2.848367118835449219e+01
1.399525756835937500e+02
7.583799362182617188e-01
1.798593139648437500e+02
2.488228225708007812e+01
1.266089019775390625e+02
1.886766052246093750e+02
1.693149566650390625e+02
3.615432739257812500e+01
1.857598571777343750e+02
1.143845138549804688e+02
1.777815246582031250e+02
5.602164745330810547e+00
1.987720870971679688e+01
1.910717163085937500e+02
1.480576324462890625e+02
4.107655715942382812e+01
2.100525817871093750e+02
-5.772151947021484375e-01
1.776372680664062500e+02
2.416596412658691406e+01
1.138862838745117188e+02
7.946557617187500000e+01
1.861676788330078125e+02
1.201766967773437500e+01
3.536611938476562500e+01
0.000000000000000000e+00
0.000000000000000000e+00
0.000000000000000000e+00
0.000000000000000000e+00
