1.442678985595703125e+02
1.652237091064453125e+02
2.158397674560546875e+01
1.064664001464843750e+02
1.814111328125000000e+02
1.677601776123046875e+02
2.284077453613281250e+01
1.194973983764648438e+02
2.059183197021484375e+02
1.713496704101562500e+02
2.935811233520507812e+01
9.144218444824218750e+01
2.650772705078125000e+02
1.607677307128906250e+02
5.071537017822265625e+01
2.355572662353515625e+02
1.769897460937500000e+02
1.775894012451171875e+02
2.805804824829101562e+01
9.972744750976562500e+01
2.607059936523437500e+02
1.621197509765625000e+02
5.006159591674804688e+01
2.306382293701171875e+02
2.965727539062500000e+02
1.609908142089843750e+02
7.984445190429687500e+01
2.429151000976562500e+02
3.564185180664062500e+02
1.586632690429687500e+02
3.447632217407226562e+01
1.512292633056640625e+02
5.684383773803710938e+01
1.829510345458984375e+02
2.586931419372558594e+01
8.897133636474609375e+01
3.552933349609375000e+02
1.588705139160156250e+02
3.577255249023437500e+01
1.761577301025390625e+02
3.192957153320312500e+02
1.485475158691406250e+02
5.080816268920898438e+01
2.623588256835937500e+02
3.000960998535156250e+02
1.615068969726562500e+02
7.525241851806640625e+01
2.578135986328125000e+02
5.830617523193359375e+01
1.828809356689453125e+02
2.424652481079101562e+01
7.751746368408203125e+01
2.704328613281250000e+02
1.599438171386718750e+02
4.254714202880859375e+01
2.177505950927734375e+02
2.360752410888671875e+02
1.646490936279296875e+02
1.282207489013671875e+01
6.630458831787109375e+01
1.834059448242187500e+02
1.716737670898437500e+02
2.180880928039550781e+01
9.845806121826171875e+01
1.201169052124023438e+02
1.754626617431640625e+02
8.169168472290039062e+00
2.876833534240722656e+01
1.777509765625000000e+02
1.697662048339843750e+02
3.241255187988281250e+01
1.157880935668945312e+02
2.543972930908203125e+02
1.711969299316406250e+02
8.579180717468261719e+00
3.335787200927734375e+01
1.718796234130859375e+02
1.693419799804687500e+02
3.553887557983398438e+01
1.156359481811523438e+02
1.444053802490234375e+02
1.767687377929687500e+02
2.059252166748046875e+01
9.816564941406250000e+01
1.148943862915039062e+02
1.773169555664062500e+02
5.383903980255126953e+00
2.463984680175781250e+01
2.995793457031250000e+02
1.590709228515625000e+02
3.207535552978515625e+01
2.140014038085937500e+02
2.063968048095703125e+02
1.911402587890625000e+02
2.744094657897949219e+01
7.111692810058593750e+01
2.318036193847656250e+02
1.674725952148437500e+02
1.958042907714843750e+01
5.836480712890625000e+01
7.971640014648437500e+01
1.831779785156250000e+02
1.193029403686523438e+01
3.863991546630859375e+01
1.212559432983398438e+02
1.774814453125000000e+02
5.778868675231933594e+00
2.384427261352539062e+01
2.661699218750000000e+02
1.631885070800781250e+02
4.056088638305664062e+01
2.126135711669921875e+02
0.000000000000000000e+00
0.000000000000000000e+00
0.000000000000000000e+00
0.000000000000000000e+00
