8.436183929443359375e-01
1.654293518066406250e+02
4.014311981201171875e+01
1.669420471191406250e+02
8.215340423583984375e+01
1.568176879882812500e+02
3.951083755493164062e+01
1.481903839111328125e+02
3.108546829223632812e+01
1.616192626953125000e+02
2.987516212463378906e+01
1.382921295166015625e+02
1.985537872314453125e+02
1.590296936035156250e+02
3.580920028686523438e+01
2.007475738525390625e+02
1.582712707519531250e+02
1.819185180664062500e+02
1.104456996917724609e+01
4.683853530883789062e+01
3.210684967041015625e+01
1.683229827880859375e+02
2.616758728027343750e+01
1.253677749633789062e+02
3.452213287353515625e+01
1.634537811279296875e+02
2.961058235168457031e+01
1.339343872070312500e+02
8.052629089355468750e+01
1.454887695312500000e+02
4.131617355346679688e+01
1.537266235351562500e+02
1.434993743896484375e+00
1.659338531494140625e+02
3.817020416259765625e+01
1.435003967285156250e+02
1.402540206909179688e+00
1.851544189453125000e+02
4.162489318847656250e+01
1.457509918212890625e+02
1.967827453613281250e+02
1.497418518066406250e+02
3.637548828125000000e+01
2.066199645996093750e+02
2.312397766113281250e+02
1.507988433837890625e+02
5.582110214233398438e+01
2.504411315917968750e+02
2.281369934082031250e+02
1.496323852539062500e+02
4.935404968261718750e+01
2.524690551757812500e+02
3.325848083496093750e+02
1.666632080078125000e+02
9.196467399597167969e+00
4.402431488037109375e+01
2.357389526367187500e+02
1.550453796386718750e+02
5.184419250488281250e+01
2.212218780517578125e+02
3.629736328125000000e+02
1.677217407226562500e+02
2.273729705810546875e+01
6.208744049072265625e+01
1.485070800781250000e+02
1.823987274169921875e+02
1.158872413635253906e+01
4.630284500122070312e+01
1.219764862060546875e+02
1.786884460449218750e+02
4.715481758117675781e+00
1.820019531250000000e+01
2.294848937988281250e+02
1.452737426757812500e+02
4.501155090332031250e+01
2.427164459228515625e+02
3.625652313232421875e+01
1.718277587890625000e+02
2.554881668090820312e+01
1.207209014892578125e+02
2.693524475097656250e+02
1.703625793457031250e+02
9.890569686889648438e+00
3.812567138671875000e+01
2.255420379638671875e+02
1.628091735839843750e+02
1.531204986572265625e+01
8.239887237548828125e+01
7.210934448242187500e+01
1.547114562988281250e+02
4.486428070068359375e+01
1.514849853515625000e+02
1.374748535156250000e+02
1.783250274658203125e+02
4.753367424011230469e+00
2.184629440307617188e+01
1.447293243408203125e+02
1.877340698242187500e+02
1.186978721618652344e+01
4.639701843261718750e+01
0.000000000000000000e+00
0.000000000000000000e+00
0.000000000000000000e+00
0.000000000000000000e+00
