1.410938873291015625e+02
1.665272827148437500e+02
2.444303321838378906e+01
1.066990737915039062e+02
1.749685058593750000e+02
1.763375396728515625e+02
2.852567291259765625e+01
1.016596069335937500e+02
2.606952819824218750e+02
1.662285766601562500e+02
4.760293960571289062e+01
2.243657226562500000e+02
2.040843048095703125e+02
1.675411376953125000e+02
2.404756927490234375e+01
9.136300659179687500e+01
2.933632202148437500e+02
1.607553405761718750e+02
7.967594909667968750e+01
2.431214599609375000e+02
5.784840393066406250e+01
1.923665466308593750e+02
3.151852798461914062e+01
7.567448425292968750e+01
3.542972717285156250e+02
1.613104553222656250e+02
3.163396644592285156e+01
1.432831726074218750e+02
2.638577880859375000e+02
1.612679595947265625e+02
5.313396453857421875e+01
2.376473083496093750e+02
1.419142150878906250e+02
1.775675659179687500e+02
2.332420539855957031e+01
9.673941040039062500e+01
2.974715270996093750e+02
1.640650634765625000e+02
7.600174713134765625e+01
2.536584930419921875e+02
3.209747009277343750e+02
1.754590148925781250e+02
5.008481597900390625e+01
2.071975555419921875e+02
3.542158203125000000e+02
1.578925018310546875e+02
3.137695503234863281e+01
1.750760498046875000e+02
1.695450286865234375e+02
1.733811340332031250e+02
3.645205688476562500e+01
1.071302947998046875e+02
1.199335861206054688e+02
1.748266296386718750e+02
8.693220138549804688e+00
2.949098777770996094e+01
1.563462677001953125e+02
1.713416442871093750e+02
9.833392143249511719e+00
5.152800750732421875e+01
2.368935852050781250e+02
1.660134582519531250e+02
1.225750160217285156e+01
6.330251312255859375e+01
5.901275253295898438e+01
1.895283660888671875e+02
2.857540321350097656e+01
6.320098876953125000e+01
2.654526672363281250e+02
1.635892486572265625e+02
3.927673721313476562e+01
2.113914489746093750e+02
2.592346191406250000e+02
1.883161468505859375e+02
5.072984695434570312e+01
2.044877624511718750e+02
1.810242919921875000e+02
1.779291534423828125e+02
2.288543128967285156e+01
1.011547317504882812e+02
2.951054687500000000e+02
1.543261413574218750e+02
3.377066421508789062e+01
2.230419769287109375e+02
1.760242156982421875e+02
1.739802398681640625e+02
2.539895439147949219e+01
9.532826995849609375e+01
2.933318786621093750e+02
1.548050231933593750e+02
3.566314697265625000e+01
2.514511566162109375e+02
3.021784667968750000e+02
1.361574401855468750e+02
5.038455200195312500e+01
2.895382690429687500e+02
3.486552124023437500e+02
1.629276428222656250e+02
3.457279968261718750e+01
1.397447052001953125e+02
2.328238220214843750e+02
1.668846130371093750e+02
1.842148780822753906e+01
5.961491012573242188e+01
2.542444763183593750e+02
1.704434967041015625e+02
8.501101493835449219e+00
3.389014816284179688e+01
1.698078765869140625e+02
1.629938049316406250e+02
3.478888702392578125e+01
1.180562286376953125e+02
1.349358825683593750e+02
1.647538146972656250e+02
3.573793411254882812e+01
1.092493286132812500e+02
0.000000000000000000e+00
0.000000000000000000e+00
0.000000000000000000e+00
0.000000000000000000e+00
