1.529272308349609375e+02
1.682711791992187500e+02
2.675719070434570312e+01
9.606820678710937500e+01
3.775638732910156250e+02
1.580632934570312500e+02
3.610700225830078125e+01
1.843493041992187500e+02
2.605120468139648438e+01
1.867282867431640625e+02
3.006967735290527344e+01
8.710770416259765625e+01
2.842470397949218750e+02
1.597162170410156250e+02
4.508864593505859375e+01
2.354839477539062500e+02
3.764851684570312500e+02
1.612501831054687500e+02
3.738513946533203125e+01
1.968708953857421875e+02
1.921815490722656250e+02
1.700894165039062500e+02
3.638447570800781250e+01
1.114883193969726562e+02
2.799889221191406250e+02
1.616200256347656250e+02
4.480043411254882812e+01
2.322734527587890625e+02
1.912506408691406250e+02
1.653428192138671875e+02
3.780004119873046875e+01
1.129631652832031250e+02
3.204527587890625000e+02
1.543330078125000000e+02
7.916450500488281250e+01
2.488719482421875000e+02
1.865009307861328125e+02
1.580838317871093750e+02
3.664496994018554688e+01
1.242331085205078125e+02
3.308589172363281250e+02
1.453487548828125000e+02
5.589850616455078125e+01
2.627734985351562500e+02
1.965635986328125000e+02
1.750661621093750000e+02
2.737760162353515625e+01
1.026005935668945312e+02
2.864717407226562500e+02
1.468267974853515625e+02
4.302874374389648438e+01
2.445816345214843750e+02
3.147486877441406250e+02
1.555193786621093750e+02
3.025862693786621094e+01
2.216935577392578125e+02
1.877061157226562500e+02
1.697844238281250000e+02
3.619911193847656250e+01
1.121100387573242188e+02
3.779729309082031250e+02
1.539911041259765625e+02
3.609086608886718750e+01
1.631231384277343750e+02
3.227930603027343750e+02
1.544848175048828125e+02
4.077964401245117188e+01
2.461166687011718750e+02
1.919129943847656250e+02
1.756091003417968750e+02
2.491772079467773438e+01
1.011184310913085938e+02
3.365679321289062500e+02
1.515509643554687500e+02
4.705532836914062500e+01
2.324752349853515625e+02
1.207811126708984375e+02
1.752550659179687500e+02
6.934034824371337891e+00
3.042195892333984375e+01
1.888978729248046875e+02
1.666253356933593750e+02
2.097941207885742188e+01
1.062138519287109375e+02
1.991384277343750000e+02
1.699924774169921875e+02
2.491757583618164062e+01
1.019417724609375000e+02
1.474457244873046875e+02
1.624121704101562500e+02
3.885665512084960938e+01
1.065082626342773438e+02
3.140856323242187500e+02
1.541788787841796875e+02
3.026326560974121094e+01
1.892945556640625000e+02
2.827541503906250000e+02
1.579349975585937500e+02
3.970476531982421875e+01
2.227634887695312500e+02
3.253067016601562500e+02
1.485526428222656250e+02
3.639340591430664062e+01
2.388110351562500000e+02
8.706943511962890625e+01
1.764449157714843750e+02
1.067121315002441406e+01
4.329916381835937500e+01
8.032293701171875000e+01
1.780509490966796875e+02
1.134509277343750000e+01
4.083554458618164062e+01
7.957923126220703125e+01
1.824147644042968750e+02
1.202119159698486328e+01
4.012056732177734375e+01
0.000000000000000000e+00
0.000000000000000000e+00
0.000000000000000000e+00
0.000000000000000000e+00
