3.527538452148437500e+02
1.567223205566406250e+02
4.842110061645507812e+01
1.725175628662109375e+02
1.284445648193359375e+02
1.678232574462890625e+02
2.715079498291015625e+01
1.077601089477539062e+02
3.510333862304687500e+02
1.573649597167968750e+02
4.800552368164062500e+01
1.603990936279296875e+02
9.888829803466796875e+01
1.673702545166015625e+02
3.253260421752929688e+01
1.221644668579101562e+02
1.034632339477539062e+02
1.680111236572265625e+02
2.557338333129882812e+01
1.215518112182617188e+02
1.279866943359375000e+02
1.748061218261718750e+02
2.698720741271972656e+01
1.016093750000000000e+02
9.352419281005859375e+01
1.690591125488281250e+02
3.481524276733398438e+01
1.228927688598632812e+02
2.709691162109375000e+02
1.692891845703125000e+02
8.092851638793945312e+00
3.973914718627929688e+01
3.180097961425781250e+02
1.661564025878906250e+02
9.134007453918457031e+00
4.865364074707031250e+01
1.230259094238281250e+02
1.681001586914062500e+02
3.587789916992187500e+01
1.076911849975585938e+02
3.886800842285156250e+02
1.650441741943359375e+02
2.662777900695800781e+01
1.564687805175781250e+02
1.395542907714843750e+02
1.700257720947265625e+02
2.231682395935058594e+01
9.443279266357421875e+01
1.569244995117187500e+02
1.767751617431640625e+02
9.160598754882812500e+00
4.320462036132812500e+01
1.252415924072265625e+02
1.640883483886718750e+02
4.036440277099609375e+01
1.138602600097656250e+02
3.181227416992187500e+02
1.694750213623046875e+02
8.294973373413085938e+00
4.670160293579101562e+01
1.522301788330078125e+02
1.838182525634765625e+02
1.031258201599121094e+01
4.060845565795898438e+01
1.745810546875000000e+02
1.797460632324218750e+02
8.742466926574707031e+00
3.174419021606445312e+01
3.880591125488281250e+02
1.545174560546875000e+02
2.841732406616210938e+01
1.613816528320312500e+02
1.565437622070312500e+02
1.803210296630859375e+02
8.997599601745605469e+00
4.331746292114257812e+01
0.000000000000000000e+00
0.000000000000000000e+00
0.000000000000000000e+00
0.000000000000000000e+00
