2.112332611083984375e+02
1.602682342529296875e+02
4.129952621459960938e+01
2.359714660644531250e+02
1.754120483398437500e+02
1.664436645507812500e+02
3.979449462890625000e+01
1.916192779541015625e+02
1.537812347412109375e+02
1.780077972412109375e+02
1.787781143188476562e+01
7.313805389404296875e+01
3.147684326171875000e+02
1.632464294433593750e+02
3.813846969604492188e+01
1.642707672119140625e+02
3.138008117675781250e+02
1.560213012695312500e+02
3.896448516845703125e+01
1.596631011962890625e+02
1.092182388305664062e+02
1.747456970214843750e+02
1.013698959350585938e+01
4.230648803710937500e+01
2.128734283447265625e+02
1.591161193847656250e+02
3.912366104125976562e+01
2.161516571044921875e+02
3.180937500000000000e+02
1.587966003417968750e+02
3.782769012451171875e+01
1.740281524658203125e+02
8.441946411132812500e+01
1.757027893066406250e+02
1.141545486450195312e+01
4.519197082519531250e+01
2.906629333496093750e+02
1.698733825683593750e+02
7.455764770507812500e+00
4.069560241699218750e+01
1.213084259033203125e+02
1.767191467285156250e+02
5.699693679809570312e+00
2.320310974121093750e+01
1.720520477294921875e+02
1.710509033203125000e+02
3.779724502563476562e+01
1.824401855468750000e+02
1.754796447753906250e+02
1.583707885742187500e+02
3.901940536499023438e+01
1.894912719726562500e+02
3.175451660156250000e+02
1.583293457031250000e+02
3.940727996826171875e+01
1.542650909423828125e+02
2.487516784667968750e+02
1.682643737792968750e+02
9.466987609863281250e+00
4.071060562133789062e+01
3.626284484863281250e+02
1.685944519042968750e+02
2.300995445251464844e+01
6.096876907348632812e+01
2.397921905517578125e+02
1.656584625244140625e+02
1.543629169464111328e+01
6.978211212158203125e+01
1.766584625244140625e+02
1.867544403076171875e+02
3.958312988281250000e+01
1.757223205566406250e+02
2.102137756347656250e+02
1.883872680664062500e+02
4.330506515502929688e+01
2.042720489501953125e+02
8.415299987792968750e+01
1.798243713378906250e+02
1.221357536315917969e+01
4.311949157714843750e+01
1.288265838623046875e+02
1.777690582275390625e+02
5.017394065856933594e+00
2.027108383178710938e+01
0.000000000000000000e+00
0.000000000000000000e+00
0.000000000000000000e+00
0.000000000000000000e+00
