9.923081970214843750e+01
1.687922363281250000e+02
3.212926101684570312e+01
1.256315155029296875e+02
3.883212585449218750e+02
1.556695556640625000e+02
2.582828903198242188e+01
1.787421417236328125e+02
1.030467987060546875e+02
1.717899932861328125e+02
2.575594902038574219e+01
1.203469467163085938e+02
3.833867492675781250e+02
1.541945495605468750e+02
3.056005287170410156e+01
1.814699096679687500e+02
1.304538269042968750e+02
1.677946014404296875e+02
2.324434280395507812e+01
1.046044387817382812e+02
3.875419616699218750e+02
1.461819458007812500e+02
2.787742424011230469e+01
1.797684478759765625e+02
3.823123168945312500e+02
1.473610839843750000e+02
3.259844207763671875e+01
1.780137176513671875e+02
1.379596099853515625e+02
1.726206512451171875e+02
2.291923904418945312e+01
8.869605255126953125e+01
2.729291687011718750e+02
1.675054016113281250e+02
8.182463645935058594e+00
4.207209777832031250e+01
1.295107727050781250e+02
1.818960876464843750e+02
2.488316726684570312e+01
8.968062591552734375e+01
1.591913299560546875e+02
1.742940979003906250e+02
7.854691028594970703e+00
4.249629592895507812e+01
9.400953674316406250e+01
1.723901977539062500e+02
3.406132888793945312e+01
1.238626861572265625e+02
0.000000000000000000e+00
0.000000000000000000e+00
0.000000000000000000e+00
0.000000000000000000e+00
