1.476310119628906250e+02
1.676518249511718750e+02
2.005413246154785156e+01
1.006278686523437500e+02
1.857364807128906250e+02
1.700983123779296875e+02
2.174665451049804688e+01
1.125537414550781250e+02
2.737341003417968750e+02
1.637492675781250000e+02
4.318079376220703125e+01
2.251194610595703125e+02
2.075682220458984375e+02
1.698333282470703125e+02
2.756250381469726562e+01
9.288311004638671875e+01
4.846814727783203125e+01
1.856961669921875000e+02
2.679095458984375000e+01
8.623586273193359375e+01
2.758138427734375000e+02
1.535644226074218750e+02
3.902059936523437500e+01
2.308063812255859375e+02
3.610242004394531250e+02
1.601440887451171875e+02
4.007360076904296875e+01
1.780763549804687500e+02
1.865805816650390625e+02
1.661434631347656250e+02
2.248880386352539062e+01
1.104333877563476562e+02
3.610219726562500000e+02
1.603234863281250000e+02
3.867900466918945312e+01
1.519391174316406250e+02
3.632272644042968750e+02
1.555027160644531250e+02
4.538231277465820312e+01
1.874183807373046875e+02
3.233715209960937500e+02
1.505183410644531250e+02
4.637737655639648438e+01
2.324168548583984375e+02
1.481973419189453125e+02
1.765578613281250000e+02
1.864321136474609375e+01
9.744981384277343750e+01
4.893919372558593750e+01
1.873972930908203125e+02
2.382878494262695312e+01
6.762921905517578125e+01
3.567882080078125000e+02
1.677904663085937500e+02
4.654339218139648438e+01
1.865122222900390625e+02
7.983626556396484375e+01
1.826413269042968750e+02
1.182050609588623047e+01
4.021166992187500000e+01
3.085051879882812500e+02
1.530161132812500000e+02
3.041594505310058594e+01
2.277746429443359375e+02
1.199276504516601562e+02
1.754034118652343750e+02
8.090828895568847656e+00
2.938423347473144531e+01
1.370078735351562500e+02
1.761184082031250000e+02
5.455630302429199219e+00
2.335656929016113281e+01
3.180319519042968750e+02
1.486321868896484375e+02
5.296422195434570312e+01
2.547759094238281250e+02
2.520928344726562500e+02
1.703766937255859375e+02
1.082042694091796875e+01
3.430600738525390625e+01
3.066228942871093750e+02
1.627810516357421875e+02
3.533295440673828125e+01
2.281894226074218750e+02
1.148325958251953125e+02
1.783194885253906250e+02
5.306663513183593750e+00
2.238922882080078125e+01
2.352891845703125000e+02
1.670101776123046875e+02
1.327586936950683594e+01
6.184416580200195312e+01
2.089514617919921875e+02
1.928722229003906250e+02
2.540720748901367188e+01
6.794132995605468750e+01
1.521302032470703125e+02
1.657936706542968750e+02
1.736260604858398438e+01
1.048277587890625000e+02
3.087546691894531250e+02
1.485130920410156250e+02
2.811791419982910156e+01
2.051505584716796875e+02
8.044912719726562500e+01
1.786942291259765625e+02
1.109914016723632812e+01
3.969347763061523438e+01
1.748211669921875000e+02
1.789174957275390625e+02
1.181392288208007812e+01
3.242433547973632812e+01
2.325243988037109375e+02
1.686987915039062500e+02
1.947170639038085938e+01
5.796998977661132812e+01
2.993741455078125000e+02
1.586958312988281250e+02
3.457736968994140625e+01
2.170712432861328125e+02
0.000000000000000000e+00
0.000000000000000000e+00
0.000000000000000000e+00
0.000000000000000000e+00
