1.280317230224609375e+02
1.663030395507812500e+02
2.729483032226562500e+01
1.097061614990234375e+02
3.513969726562500000e+02
1.624666442871093750e+02
4.009518432617187500e+01
1.603035736083984375e+02
3.511021728515625000e+02
1.570650787353515625e+02
4.055604171752929688e+01
1.590866699218750000e+02
1.033452758789062500e+02
1.677300109863281250e+02
2.532308387756347656e+01
1.223064346313476562e+02
3.495878601074218750e+02
1.568770294189453125e+02
3.389809417724609375e+01
1.591873779296875000e+02
3.493423156738281250e+02
1.661484985351562500e+02
3.482374191284179688e+01
1.529733123779296875e+02
9.900199127197265625e+01
1.675925903320312500e+02
3.223428726196289062e+01
1.218727722167968750e+02
1.280423889160156250e+02
1.767057495117187500e+02
2.627542495727539062e+01
9.881198120117187500e+01
3.741224975585937500e+02
1.621537170410156250e+02
3.740593719482421875e+01
1.478167724609375000e+02
2.708798522949218750e+02
1.695374450683593750e+02
7.946781158447265625e+00
3.979308319091796875e+01
9.395016479492187500e+01
1.694682312011718750e+02
3.415964508056640625e+01
1.219561843872070312e+02
3.143120727539062500e+02
1.650566101074218750e+02
8.458776473999023438e+00
4.737388610839843750e+01
3.731045532226562500e+02
1.676884155273437500e+02
3.959927749633789062e+01
1.493152618408203125e+02
1.225503234863281250e+02
1.681169433593750000e+02
3.630578231811523438e+01
1.063749771118164062e+02
1.053769989013671875e+02
1.750865325927734375e+02
2.279385566711425781e+01
9.090781402587890625e+01
1.566378173828125000e+02
1.804505310058593750e+02
8.998825073242187500e+00
4.380802154541015625e+01
1.569397277832031250e+02
1.760238494873046875e+02
9.145182609558105469e+00
4.412188720703125000e+01
1.517280273437500000e+02
1.758635559082031250e+02
1.107416629791259766e+01
4.162997436523437500e+01
1.746205444335937500e+02
1.790937957763671875e+02
8.548890113830566406e+00
3.230117034912109375e+01
0.000000000000000000e+00
0.000000000000000000e+00
0.000000000000000000e+00
0.000000000000000000e+00
