2.617916259765625000e+02
1.657419433593750000e+02
2.737509155273437500e+01
1.428616027832031250e+02
1.628895263671875000e+02
1.658594360351562500e+02
3.467287063598632812e+01
1.687434692382812500e+02
2.638336181640625000e+02
1.822665557861328125e+02
2.296347618103027344e+01
1.214310913085937500e+02
2.616961669921875000e+02
1.704361267089843750e+02
2.715752792358398438e+01
1.426692199707031250e+02
1.367809753417968750e+02
1.783178558349609375e+02
1.941172790527343750e+01
6.539886474609375000e+01
1.640845489501953125e+02
1.777295989990234375e+02
3.307012176513671875e+01
1.615051574707031250e+02
1.091451721191406250e+02
1.737316284179687500e+02
1.009285068511962891e+01
4.409074401855468750e+01
1.340276336669921875e+02
1.776201171875000000e+02
1.844450187683105469e+01
6.574948883056640625e+01
1.858576354980468750e+02
1.719683074951171875e+02
4.984843444824218750e+01
2.145880432128906250e+02
2.648542785644531250e+02
1.775875549316406250e+02
2.248696708679199219e+01
1.171863632202148438e+02
2.395823669433593750e+02
1.676374816894531250e+02
7.866728782653808594e+00
4.435637664794921875e+01
1.215421676635742188e+02
1.773619384765625000e+02
6.475977897644042969e+00
2.229621696472167969e+01
1.864643707275390625e+02
1.997404785156250000e+02
4.831944656372070312e+01
1.861472930908203125e+02
1.380041046142578125e+02
1.731854858398437500e+02
1.739027595520019531e+01
6.679750061035156250e+01
1.290494995117187500e+02
1.787003631591796875e+02
6.092759132385253906e+00
2.052639770507812500e+01
1.879190826416015625e+02
1.707536315917968750e+02
4.698521041870117188e+01
1.867691802978515625e+02
1.813359680175781250e+02
1.975134582519531250e+02
4.855314636230468750e+01
1.627546997070312500e+02
8.935163116455078125e+01
1.781192321777343750e+02
1.006209850311279297e+01
4.086954879760742188e+01
2.321571960449218750e+02
1.737746276855468750e+02
8.562190055847167969e+00
4.435832214355468750e+01
1.580367889404296875e+02
1.705064697265625000e+02
3.290059280395507812e+01
1.604475708007812500e+02
1.943668975830078125e+02
1.619430847167968750e+02
3.944798660278320312e+01
1.736673278808593750e+02
1.413420867919921875e+02
1.810066375732421875e+02
1.233864974975585938e+01
5.900156784057617188e+01
8.828285980224609375e+01
1.817454681396484375e+02
1.115145587921142578e+01
4.016672515869140625e+01
1.796748046875000000e+02
1.840536041259765625e+02
4.871508789062500000e+01
1.591264343261718750e+02
1.825576782226562500e+02
2.144269409179687500e+02
4.665875244140625000e+01
1.607599945068359375e+02
1.330211181640625000e+02
1.749385070800781250e+02
1.970818328857421875e+01
6.356840896606445312e+01
2.485064697265625000e+02
1.667316284179687500e+02
6.668513774871826172e+00
3.966314697265625000e+01
0.000000000000000000e+00
0.000000000000000000e+00
0.000000000000000000e+00
0.000000000000000000e+00
