1.041030960083007812e+02
1.675909881591796875e+02
2.413445091247558594e+01
1.294620971679687500e+02
9.958807373046875000e+01
1.674192504882812500e+02
3.107708358764648438e+01
1.284210510253906250e+02
3.935862731933593750e+02
1.460868835449218750e+02
2.203953742980957031e+01
1.812114105224609375e+02
3.922868957519531250e+02
1.574056091308593750e+02
2.386907958984375000e+01
1.725028228759765625e+02
1.393345031738281250e+02
1.725012359619140625e+02
2.099042320251464844e+01
9.199536895751953125e+01
1.321273040771484375e+02
1.686462860107421875e+02
2.096078491210937500e+01
1.042737503051757812e+02
1.312625885009765625e+02
1.777605895996093750e+02
2.290808296203613281e+01
9.661497497558593750e+01
1.347856140136718750e+02
1.755876922607421875e+02
2.192432022094726562e+01
1.026983871459960938e+02
9.461719512939453125e+01
1.713727111816406250e+02
3.261340713500976562e+01
1.242989044189453125e+02
3.287601013183593750e+02
1.664635772705078125e+02
9.414568901062011719e+00
4.681595230102539062e+01
3.983127136230468750e+02
1.476569671630859375e+02
1.670389366149902344e+01
1.944806823730468750e+02
3.636335754394531250e+02
1.675945739746093750e+02
2.161395835876464844e+01
6.798657226562500000e+01
2.733588867187500000e+02
1.696870880126953125e+02
7.858786582946777344e+00
3.885341262817382812e+01
3.271723022460937500e+02
1.723589172363281250e+02
1.116945934295654297e+01
4.274629974365234375e+01
3.995980529785156250e+02
1.399346771240234375e+02
1.489288330078125000e+01
1.916387023925781250e+02
1.602290496826171875e+02
1.756406250000000000e+02
8.390287399291992188e+00
4.112915802001953125e+01
1.539632568359375000e+02
1.771664428710937500e+02
1.475813674926757812e+01
7.428730010986328125e+01
1.757782745361328125e+02
1.789571685791015625e+02
8.442789077758789062e+00
3.318483734130859375e+01
0.000000000000000000e+00
0.000000000000000000e+00
0.000000000000000000e+00
0.000000000000000000e+00
