2.210367279052734375e+02
1.714843139648437500e+02
4.256343460083007812e+01
1.235848693847656250e+02
2.184922637939453125e+02
1.664971923828125000e+02
3.920169448852539062e+01
1.345495758056640625e+02
1.268397827148437500e+02
1.681709289550781250e+02
1.785857963562011719e+01
7.131397247314453125e+01
1.898150939941406250e+02
1.594979095458984375e+02
3.111786651611328125e+01
1.550056457519531250e+02
1.093525619506835938e+02
1.745152587890625000e+02
1.075899982452392578e+01
4.300155639648437500e+01
1.901392517089843750e+02
1.619359130859375000e+02
3.023636245727539062e+01
1.615151977539062500e+02
1.479106445312500000e+02
1.750204162597656250e+02
4.301581192016601562e+01
1.794550018310546875e+02
2.240146484375000000e+02
1.689038543701171875e+02
1.053610324859619141e+01
3.801735305786132812e+01
2.601159667968750000e+02
1.735680541992187500e+02
9.354949951171875000e+00
3.961906051635742188e+01
9.553258514404296875e+01
1.785111541748046875e+02
1.011897468566894531e+01
3.913357543945312500e+01
1.911587982177734375e+02
1.777264251708984375e+02
2.604076004028320312e+01
1.120914611816406250e+02
9.426242065429687500e+01
1.837453765869140625e+02
1.092726802825927734e+01
3.643618392944335938e+01
1.214748535156250000e+02
1.771394042968750000e+02
5.750442028045654297e+00
2.223003196716308594e+01
2.201172637939453125e+02
1.797241516113281250e+02
4.438719558715820312e+01
1.224937744140625000e+02
2.226451568603515625e+02
1.681701660156250000e+02
1.167306232452392578e+01
5.516080856323242188e+01
1.478704986572265625e+02
1.866817779541015625e+02
4.464284515380859375e+01
1.802129821777343750e+02
2.603036804199218750e+02
1.692613372802734375e+02
9.247083663940429688e+00
4.191501998901367188e+01
1.281737213134765625e+02
1.759495544433593750e+02
1.904291534423828125e+01
6.595414733886718750e+01
1.917299194335937500e+02
1.598662719726562500e+02
3.649528121948242188e+01
1.522473449707031250e+02
0.000000000000000000e+00
0.000000000000000000e+00
0.000000000000000000e+00
0.000000000000000000e+00
