1.718286743164062500e+02
1.695707397460937500e+02
2.618181991577148438e+01
1.007937774658203125e+02
1.509635620117187500e+02
1.654701690673828125e+02
2.315485000610351562e+01
1.285055236816406250e+02
1.170942993164062500e+02
1.630372924804687500e+02
4.088617324829101562e+01
1.616042327880859375e+02
1.194011688232421875e+02
1.636412658691406250e+02
3.845312500000000000e+01
1.473118286132812500e+02
2.070594787597656250e+02
1.681406555175781250e+02
8.079714775085449219e+00
3.578363418579101562e+01
1.718988800048828125e+02
1.808034057617187500e+02
2.445503997802734375e+01
9.018587493896484375e+01
3.633810729980468750e+02
1.668694152832031250e+02
2.346163749694824219e+01
6.645603942871093750e+01
1.485589141845703125e+02
1.675994720458984375e+02
3.028293037414550781e+01
1.266327438354492188e+02
2.641406555175781250e+02
1.767022399902343750e+02
7.893247127532958984e+00
3.470242691040039062e+01
1.525536499023437500e+02
1.734357452392578125e+02
2.005191421508789062e+01
9.349782562255859375e+01
0.000000000000000000e+00
0.000000000000000000e+00
0.000000000000000000e+00
0.000000000000000000e+00
