3.614008483886718750e+02
1.651072692871093750e+02
5.187840270996093750e+01
1.290860443115234375e+02
1.446708831787109375e+02
1.746963195800781250e+02
1.831595420837402344e+01
7.100566101074218750e+01
2.851733093261718750e+02
1.721281127929687500e+02
3.229751968383789062e+01
1.429787445068359375e+02
2.861793518066406250e+02
1.596741638183593750e+02
3.098075485229492188e+01
1.535576324462890625e+02
1.688987426757812500e+02
1.731503753662109375e+02
3.701789474487304688e+01
1.773200378417968750e+02
3.585557250976562500e+02
1.674173583984375000e+02
4.881655120849609375e+01
1.230137329101562500e+02
1.089234466552734375e+02
1.745113372802734375e+02
1.078119277954101562e+01
4.242306900024414062e+01
1.433626403808593750e+02
1.712505493164062500e+02
1.886304855346679688e+01
7.059390258789062500e+01
3.618156738281250000e+02
1.587634735107421875e+02
5.029840469360351562e+01
1.249183425903320312e+02
2.405097351074218750e+02
1.681313781738281250e+02
9.862712860107421875e+00
4.322308349609375000e+01
1.994302978515625000e+02
1.634287109375000000e+02
4.054762268066406250e+01
2.284669647216796875e+02
1.214455261230468750e+02
1.775231323242187500e+02
6.532735347747802734e+00
2.281629371643066406e+01
2.090905609130859375e+02
1.752398223876953125e+02
4.235471343994140625e+01
2.048293151855468750e+02
2.484355621337890625e+02
1.674109039306640625e+02
6.971889495849609375e+00
3.881824874877929688e+01
8.624340057373046875e+01
1.781098937988281250e+02
1.082504177093505859e+01
3.847610473632812500e+01
1.292760620117187500e+02
1.787157745361328125e+02
5.345945358276367188e+00
2.008256912231445312e+01
2.395182647705078125e+02
1.698836669921875000e+02
1.018205547332763672e+01
4.728364944458007812e+01
1.674164123535156250e+02
1.675585327148437500e+02
3.889341354370117188e+01
1.722862701416015625e+02
2.862777709960937500e+02
1.944926147460937500e+02
2.652663612365722656e+01
1.018439178466796875e+02
3.590905151367187500e+02
1.625476074218750000e+02
4.518378067016601562e+01
1.176132125854492188e+02
1.371565704345703125e+02
1.776398162841796875e+02
4.985847949981689453e+00
1.989685440063476562e+01
2.297882232666015625e+02
1.695547637939453125e+02
1.635665321350097656e+01
6.126179122924804688e+01
2.883785400390625000e+02
1.617122955322265625e+02
3.304348373413085938e+01
1.485758056640625000e+02
2.873990783691406250e+02
1.827065429687500000e+02
2.644902420043945312e+01
1.019157867431640625e+02
2.296475219726562500e+02
1.842628173828125000e+02
1.325404071807861328e+01
4.135302734375000000e+01
0.000000000000000000e+00
0.000000000000000000e+00
0.000000000000000000e+00
0.000000000000000000e+00
