5.255842971801757812e+01
1.603339233398437500e+02
4.460964202880859375e+01
1.508587799072265625e+02
5.213005828857421875e+01
1.657364807128906250e+02
4.646735000610351562e+01
1.525430755615234375e+02
2.284060058593750000e+02
1.491824645996093750e+02
4.575504684448242188e+01
2.347297973632812500e+02
2.282884368896484375e+02
1.555274963378906250e+02
4.608963775634765625e+01
2.400548553466796875e+02
1.917415313720703125e+02
1.608775329589843750e+02
3.937316513061523438e+01
2.011972656250000000e+02
2.322749137878417969e+00
1.655745544433593750e+02
3.055171775817871094e+01
1.394086303710937500e+02
1.585444946289062500e+02
1.815851898193359375e+02
1.061472415924072266e+01
4.574252700805664062e+01
1.097398757934570312e+00
1.619152832031250000e+02
2.736397933959960938e+01
1.452874145507812500e+02
3.216275329589843750e+02
1.664338073730468750e+02
1.003771400451660156e+01
4.487208557128906250e+01
3.634215087890625000e+02
1.693536071777343750e+02
2.250145912170410156e+01
6.480960845947265625e+01
1.214227371215820312e+02
1.771856079101562500e+02
5.881715297698974609e+00
2.076696586608886719e+01
3.666267395019531250e-01
1.726667327880859375e+02
2.297241973876953125e+01
1.229533157348632812e+02
1.043881683349609375e+02
1.756643066406250000e+02
9.797525405883789062e+00
4.060877227783203125e+01
1.917941436767578125e+02
1.472113494873046875e+02
4.145126724243164062e+01
2.123240661621093750e+02
5.654304504394531250e+01
1.590815734863281250e+02
4.833919143676757812e+01
1.507280731201171875e+02
1.927946090698242188e+00
1.764360961914062500e+02
3.091851806640625000e+01
1.322517700195312500e+02
3.258000793457031250e+02
1.671111450195312500e+02
9.390252113342285156e+00
4.337010192871093750e+01
1.141850814819335938e+02
1.778328247070312500e+02
5.656964778900146484e+00
1.966303634643554688e+01
2.581260070800781250e+02
1.673838806152343750e+02
3.167052650451660156e+01
1.579376678466796875e+02
1.482737274169921875e+02
1.823456878662109375e+02
1.131300449371337891e+01
4.539905166625976562e+01
2.612566833496093750e+02
1.772907257080078125e+02
2.417869377136230469e+01
1.137323532104492188e+02
0.000000000000000000e+00
0.000000000000000000e+00
0.000000000000000000e+00
0.000000000000000000e+00
