1.538741149902343750e+02
1.718320770263671875e+02
2.613777160644531250e+01
1.227680435180664062e+02
1.515551605224609375e+02
1.697413024902343750e+02
3.356656646728515625e+01
1.290741424560546875e+02
1.928110656738281250e+02
1.689840087890625000e+02
1.796468544006347656e+01
9.340847015380859375e+01
1.148775177001953125e+02
1.681293029785156250e+02
3.972720336914062500e+01
1.582019805908203125e+02
1.787411956787109375e+02
1.759919738769531250e+02
2.051054191589355469e+01
8.934182739257812500e+01
1.774573059082031250e+02
1.796208190917968750e+02
1.995807075500488281e+01
9.803472137451171875e+01
3.630322875976562500e+02
1.668208007812500000e+02
2.305354881286621094e+01
7.021165466308593750e+01
2.593337097167968750e+02
1.774944915771484375e+02
7.630658149719238281e+00
3.307360839843750000e+01
2.605675048828125000e+02
1.750682983398437500e+02
7.934737682342529297e+00
3.691593551635742188e+01
1.040202941894531250e+02
1.743822479248046875e+02
1.103324127197265625e+01
4.445990753173828125e+01
2.087806549072265625e+02
1.708274536132812500e+02
8.770840644836425781e+00
3.217074584960937500e+01
2.174965209960937500e+02
1.726336212158203125e+02
7.958640575408935547e+00
2.955940818786621094e+01
2.406756591796875000e+02
1.759769592285156250e+02
8.136383056640625000e+00
3.539881515502929688e+01
3.974996337890625000e+02
1.787573089599609375e+02
1.762857818603515625e+01
7.212740325927734375e+01
2.184682769775390625e+02
1.748533935546875000e+02
6.287235736846923828e+00
2.401142692565917969e+01
0.000000000000000000e+00
0.000000000000000000e+00
0.000000000000000000e+00
0.000000000000000000e+00
