1.595325012207031250e+02
1.637549743652343750e+02
2.395605278015136719e+01
1.243689956665039062e+02
1.286556243896484375e+02
1.590427703857421875e+02
2.088052177429199219e+01
1.146714248657226562e+02
3.253491516113281250e+02
1.619262084960937500e+02
2.656921005249023438e+01
1.449095001220703125e+02
3.265835266113281250e+02
1.634393615722656250e+02
2.279642486572265625e+01
1.414104614257812500e+02
1.828079071044921875e+02
1.620839385986328125e+02
2.143222427368164062e+01
1.033700180053710938e+02
1.810247650146484375e+02
1.587582702636718750e+02
1.899601173400878906e+01
1.132735290527343750e+02
5.856285095214843750e-01
1.485243072509765625e+02
8.025675964355468750e+01
2.661502990722656250e+02
1.595268554687500000e+02
1.635536804199218750e+02
2.250599288940429688e+01
1.170656661987304688e+02
2.448773193359375000e+02
1.550355072021484375e+02
3.984400177001953125e+01
2.261828918457031250e+02
2.433256225585937500e+02
1.712601013183593750e+02
4.275310134887695312e+01
2.075052032470703125e+02
1.303704986572265625e+02
1.800752868652343750e+02
1.895126533508300781e+01
9.351283264160156250e+01
3.205696716308593750e+02
1.619694824218750000e+02
2.775792694091796875e+01
1.440300140380859375e+02
2.860650634765625000e+02
1.784926147460937500e+02
5.005646514892578125e+01
2.034423675537109375e+02
9.781159210205078125e+01
1.842084808349609375e+02
1.950629234313964844e+01
6.745678710937500000e+01
1.533749389648437500e+02
1.653615417480468750e+02
3.322475433349609375e+01
1.215037002563476562e+02
1.529772491455078125e+02
1.596757507324218750e+02
3.430428695678710938e+01
1.242109375000000000e+02
3.651751708984375000e+02
1.686606292724609375e+02
2.137569236755371094e+01
5.802349090576171875e+01
8.241281127929687500e+01
1.850385742187500000e+02
1.990718650817871094e+01
6.278885650634765625e+01
1.194315643310546875e+02
1.726879882812500000e+02
7.984108924865722656e+00
3.222138595581054688e+01
2.248064270019531250e+02
1.686304473876953125e+02
7.900566577911376953e+00
3.941541290283203125e+01
2.862924499511718750e+02
1.929811553955078125e+02
5.070780944824218750e+01
2.032136535644531250e+02
3.231646118164062500e+02
1.661220092773437500e+02
2.341588020324707031e+01
1.318838806152343750e+02
2.852727355957031250e+02
1.753146820068359375e+02
4.798099899291992188e+01
1.809218444824218750e+02
2.868349304199218750e+02
1.622474670410156250e+02
4.645167541503906250e+01
1.719181365966796875e+02
2.162452392578125000e+02
1.714217834472656250e+02
7.316885471343994141e+00
3.395233917236328125e+01
0.000000000000000000e+00
0.000000000000000000e+00
0.000000000000000000e+00
0.000000000000000000e+00
