1.609083404541015625e+02
1.649680786132812500e+02
2.242507553100585938e+01
1.225227203369140625e+02
1.299278259277343750e+02
1.618068389892578125e+02
2.009678840637207031e+01
1.122107315063476562e+02
3.260180969238281250e+02
1.623128509521484375e+02
2.717750740051269531e+01
1.441414184570312500e+02
1.828525848388671875e+02
1.629661560058593750e+02
2.321499633789062500e+01
1.021693496704101562e+02
3.269177551269531250e+02
1.632974548339843750e+02
2.376734161376953125e+01
1.426306915283203125e+02
2.455339355468750000e+02
1.536132507324218750e+02
4.075793457031250000e+01
2.273719329833984375e+02
1.312442932128906250e+02
1.803159179687500000e+02
1.876687622070312500e+01
9.212165832519531250e+01
1.607929229736328125e+02
1.635575714111328125e+02
2.110350418090820312e+01
1.172319564819335938e+02
9.778542327880859375e+01
1.826030883789062500e+02
1.954016304016113281e+01
7.053294372558593750e+01
1.665889739990234375e+00
1.456588287353515625e+02
7.792183685302734375e+01
2.696960754394531250e+02
2.863141479492187500e+02
1.843864746093750000e+02
4.987468719482421875e+01
1.904218139648437500e+02
2.444672546386718750e+02
1.702779235839843750e+02
4.322144317626953125e+01
2.086024627685546875e+02
1.811396942138671875e+02
1.607086944580078125e+02
1.755008697509765625e+01
1.124569931030273438e+02
2.860195922851562500e+02
1.682856292724609375e+02
4.703193664550781250e+01
1.966363220214843750e+02
3.656011657714843750e+02
1.680262145996093750e+02
2.091424179077148438e+01
5.904413604736328125e+01
8.206784820556640625e+01
1.860864410400390625e+02
1.924736404418945312e+01
6.329396438598632812e+01
1.192939224243164062e+02
1.733921966552734375e+02
7.805583000183105469e+00
3.110372543334960938e+01
2.876022949218750000e+02
1.603473205566406250e+02
4.566412353515625000e+01
1.767000122070312500e+02
2.251676788330078125e+02
1.695068054199218750e+02
8.131161689758300781e+00
3.725994110107421875e+01
1.526217956542968750e+02
1.583722534179687500e+02
3.436079788208007812e+01
1.262346954345703125e+02
3.983747863769531250e+02
1.479375000000000000e+02
1.622029304504394531e+01
1.046754455566406250e+02
0.000000000000000000e+00
0.000000000000000000e+00
0.000000000000000000e+00
0.000000000000000000e+00
