3.094057617187500000e+02
1.689220733642578125e+02
3.560338592529296875e+01
1.572999267578125000e+02
2.098957519531250000e+02
1.548628234863281250e+02
4.204940795898437500e+01
2.482027587890625000e+02
1.759566650390625000e+02
1.633713378906250000e+02
3.707767868041992188e+01
1.946823272705078125e+02
3.100780029296875000e+02
1.640532226562500000e+02
3.396056747436523438e+01
1.443531799316406250e+02
1.541493072509765625e+02
1.753808288574218750e+02
1.675437355041503906e+01
7.339688110351562500e+01
1.089345397949218750e+02
1.743569946289062500e+02
1.105365943908691406e+01
4.261713409423828125e+01
8.442489624023437500e+01
1.756328430175781250e+02
1.160887813568115234e+01
4.506636428833007812e+01
1.723833312988281250e+02
1.668260803222656250e+02
3.620589828491210938e+01
1.867417755126953125e+02
1.750340423583984375e+02
1.585769653320312500e+02
3.867827224731445312e+01
1.879515991210937500e+02
3.371904907226562500e+02
1.561445159912109375e+02
3.651460266113281250e+01
1.284211730957031250e+02
1.214160919189453125e+02
1.773744506835937500e+02
5.650884628295898438e+00
2.172007179260253906e+01
2.130832824707031250e+02
1.590074310302734375e+02
3.937392807006835938e+01
2.156732482910156250e+02
1.718460235595703125e+02
1.628938903808593750e+02
3.639105606079101562e+01
1.783933868408203125e+02
3.361925964355468750e+02
1.665060729980468750e+02
3.699222946166992188e+01
1.214616394042968750e+02
1.475668640136718750e+02
1.780345001220703125e+02
1.941362762451171875e+01
6.637542724609375000e+01
2.389012298583984375e+02
1.674429626464843750e+02
1.576471233367919922e+01
6.608760070800781250e+01
1.287585754394531250e+02
1.790786132812500000e+02
5.602875709533691406e+00
1.908282852172851562e+01
3.632029724121093750e+02
1.688160858154296875e+02
2.277978324890136719e+01
6.282019042968750000e+01
2.887005615234375000e+02
1.689164886474609375e+02
7.139715194702148438e+00
4.211549758911132812e+01
1.375555267333984375e+02
1.773693389892578125e+02
4.898313522338867188e+00
2.139121437072753906e+01
8.371109008789062500e+01
1.787940368652343750e+02
1.251669788360595703e+01
4.455364990234375000e+01
2.484897460937500000e+02
1.682116546630859375e+02
8.027105331420898438e+00
3.867029953002929688e+01
2.106069335937500000e+02
1.809669647216796875e+02
4.036169433593750000e+01
2.195802307128906250e+02
3.305182189941406250e+02
1.642929382324218750e+02
3.694680404663085938e+01
1.269060058593750000e+02
3.052860412597656250e+02
1.597178039550781250e+02
1.273465633392333984e+01
8.999043273925781250e+01
3.371987304687500000e+02
1.725964050292968750e+02
2.586849975585937500e+01
1.102918548583984375e+02
3.978341979980468750e+02
1.525884094238281250e+02
1.687872505187988281e+01
9.699675750732421875e+01
3.336689453125000000e+02
1.561989440917968750e+02
3.299604797363281250e+01
1.292906188964843750e+02
0.000000000000000000e+00
0.000000000000000000e+00
0.000000000000000000e+00
0.000000000000000000e+00
