1.303435668945312500e+02
1.688450012207031250e+02
2.468209457397460938e+01
9.428620910644531250e+01
1.878423309326171875e+02
1.653265686035156250e+02
2.455271148681640625e+01
9.847690582275390625e+01
3.300984191894531250e+02
1.550408325195312500e+02
3.914221572875976562e+01
1.604119262695312500e+02
1.653507843017578125e+02
1.659309997558593750e+02
2.278839302062988281e+01
1.199020385742187500e+02
1.343130340576171875e+02
1.668749694824218750e+02
2.104596138000488281e+01
9.876522827148437500e+01
3.299858398437500000e+02
1.590849914550781250e+02
4.727917861938476562e+01
1.541826934814453125e+02
1.624323272705078125e+02
1.703951110839843750e+02
2.516442871093750000e+01
1.110992736816406250e+02
1.682644653320312500e+02
1.637084960937500000e+02
2.141530227661132812e+01
1.129987411499023438e+02
2.895141906738281250e+02
1.822929992675781250e+02
4.907636260986328125e+01
1.951778717041015625e+02
3.287359008789062500e+02
1.625366210937500000e+02
4.082310485839843750e+01
1.594578552246093750e+02
2.513800354003906250e+02
1.607706604003906250e+02
4.721148681640625000e+01
2.338080444335937500e+02
2.475346527099609375e+02
1.629769439697265625e+02
4.401662826538085938e+01
2.259827575683593750e+02
8.836170959472656250e+01
1.874780578613281250e+02
2.208561515808105469e+01
6.219423675537109375e+01
2.496697540283203125e+02
1.598539733886718750e+02
4.016109848022460938e+01
2.153704986572265625e+02
3.658082580566406250e+02
1.696416015625000000e+02
2.036429977416992188e+01
6.122899627685546875e+01
1.191420745849609375e+02
1.744886627197265625e+02
8.264869689941406250e+00
2.989272880554199219e+01
1.625201416015625000e+02
1.716471557617187500e+02
2.355095481872558594e+01
9.545918273925781250e+01
2.532229003906250000e+02
1.484679260253906250e+02
4.198730850219726562e+01
2.391293945312500000e+02
2.892260131835937500e+02
1.896963500976562500e+02
5.104849624633789062e+01
2.078810272216796875e+02
1.146476745605468750e+00
1.334711914062500000e+02
5.200259399414062500e+01
2.923843994140625000e+02
2.915164794921875000e+02
1.810382995605468750e+02
4.496126556396484375e+01
1.696909942626953125e+02
1.144301147460937500e+02
1.746798248291015625e+02
7.835150241851806641e+00
2.983694458007812500e+01
1.216825866699218750e+02
1.768155364990234375e+02
5.676519870758056641e+00
2.387918472290039062e+01
8.109125518798828125e+01
1.863818054199218750e+02
1.947873497009277344e+01
6.225238037109375000e+01
3.307434387207031250e+02
1.705091705322265625e+02
4.670910644531250000e+01
1.441441650390625000e+02
1.141349411010742188e+02
1.780835876464843750e+02
5.331666946411132812e+00
2.215716743469238281e+01
0.000000000000000000e+00
0.000000000000000000e+00
0.000000000000000000e+00
0.000000000000000000e+00
