2.192089996337890625e+02
1.736380310058593750e+02
1.941685295104980469e+01
7.862234497070312500e+01
2.393997802734375000e+02
1.640496215820312500e+02
2.291813087463378906e+01
1.014777603149414062e+02
2.711705017089843750e+02
1.708202056884765625e+02
2.287305068969726562e+01
9.960749053955078125e+01
1.570302734375000000e+02
1.743513031005859375e+02
8.856221199035644531e+00
3.977397918701171875e+01
2.604902648925781250e+02
1.685086059570312500e+02
1.623102188110351562e+01
9.111152648925781250e+01
2.700633850097656250e+02
1.772626495361328125e+02
2.362441635131835938e+01
9.802297210693359375e+01
1.348480834960937500e+02
1.770244750976562500e+02
7.529406070709228516e+00
3.629421615600585938e+01
7.936894226074218750e+01
1.815209045410156250e+02
1.205422401428222656e+01
4.231706237792968750e+01
1.186800689697265625e+02
1.777626800537109375e+02
9.484110832214355469e+00
3.098053741455078125e+01
1.192112503051757812e+02
1.734353027343750000e+02
9.610056877136230469e+00
3.403776550292968750e+01
2.200242919921875000e+02
1.685623931884765625e+02
1.891608238220214844e+01
7.377577972412109375e+01
1.515781097412109375e+02
1.832855682373046875e+02
4.712471008300781250e+00
2.268884277343750000e+01
3.642264404296875000e+02
1.686091461181640625e+02
2.278598976135253906e+01
6.613661956787109375e+01
1.432817077636718750e+02
1.788143005371093750e+02
8.169191360473632812e+00
3.507892990112304688e+01
2.399089202880859375e+02
1.643340148925781250e+02
1.683531761169433594e+01
7.785282897949218750e+01
1.268707199096679688e+02
1.777125549316406250e+02
7.632525920867919922e+00
3.092124938964843750e+01
7.932653045654296875e+01
1.787026519775390625e+02
1.189174079895019531e+01
4.016167449951171875e+01
0.000000000000000000e+00
0.000000000000000000e+00
0.000000000000000000e+00
0.000000000000000000e+00
