6.624580383300781250e+00
1.675355682373046875e+02
3.169237518310546875e+01
1.363036193847656250e+02
6.391061401367187500e+01
1.543830718994140625e+02
3.617135620117187500e+01
1.609828796386718750e+02
1.934576568603515625e+02
1.584129028320312500e+02
3.810828781127929688e+01
2.058779144287109375e+02
5.887009048461914062e+01
1.568478851318359375e+02
3.892418670654296875e+01
1.543610534667968750e+02
2.277438049316406250e+02
1.448130493164062500e+02
4.724643707275390625e+01
2.430927734375000000e+02
2.284919433593750000e+02
1.544117126464843750e+02
4.734391403198242188e+01
2.421979217529296875e+02
1.577762145996093750e+02
1.824138488769531250e+02
1.183642864227294922e+01
4.529624557495117188e+01
3.627473449707031250e+02
1.669974975585937500e+02
2.281243896484375000e+01
6.975771331787109375e+01
9.969386100769042969e+00
1.781205596923828125e+02
2.746746635437011719e+01
1.129984436035156250e+02
1.934766082763671875e+02
1.465322418212890625e+02
3.972957611083984375e+01
2.138673095703125000e+02
1.212460327148437500e+02
1.776692962646484375e+02
5.334190845489501953e+00
1.915901947021484375e+01
5.899744415283203125e+01
1.732529144287109375e+02
3.825363159179687500e+01
1.376509094238281250e+02
3.252090759277343750e+02
1.664849090576171875e+02
1.008886814117431641e+01
4.495402145385742188e+01
1.290184783935546875e+02
1.790898132324218750e+02
4.655577659606933594e+00
1.778779029846191406e+01
6.447963714599609375e+00
1.719128417968750000e+02
3.274876403808593750e+01
1.393569183349609375e+02
0.000000000000000000e+00
0.000000000000000000e+00
0.000000000000000000e+00
0.000000000000000000e+00
