1.554595489501953125e+02
1.763411865234375000e+02
2.322004890441894531e+01
8.559727478027343750e+01
1.357252197265625000e+02
1.702680664062500000e+02
2.295001602172851562e+01
1.143244247436523438e+02
1.180773010253906250e+02
1.676867523193359375e+02
3.828250503540039062e+01
1.285801696777343750e+02
2.733875732421875000e+02
1.710875244140625000e+02
8.357221603393554688e+00
3.740057754516601562e+01
1.068834075927734375e+02
1.683355712890625000e+02
3.477823257446289062e+01
1.287268676757812500e+02
3.631689453125000000e+02
1.664556884765625000e+02
2.252022743225097656e+01
6.732243347167968750e+01
1.098372039794921875e+02
1.852463836669921875e+02
2.511313629150390625e+01
9.066275787353515625e+01
1.395382232666015625e+02
1.746365051269531250e+02
2.003202247619628906e+01
9.100100708007812500e+01
2.167348022460937500e+02
1.733409423828125000e+02
8.634099960327148438e+00
2.878050231933593750e+01
2.360243377685546875e+02
1.723351745605468750e+02
1.091346168518066406e+01
4.491578292846679688e+01
3.989053955078125000e+02
1.477498626708984375e+02
1.556503391265869141e+01
1.041877441406250000e+02
2.172954864501953125e+02
1.752058410644531250e+02
7.017193794250488281e+00
2.458442115783691406e+01
0.000000000000000000e+00
0.000000000000000000e+00
0.000000000000000000e+00
0.000000000000000000e+00
