1.569246520996093750e+02
1.644768371582031250e+02
2.833900070190429688e+01
1.101334152221679688e+02
9.125823974609375000e+01
1.710757446289062500e+02
2.768978881835937500e+01
1.175410842895507812e+02
1.531576538085937500e+02
1.613784179687500000e+02
3.568777465820312500e+01
1.164180831909179688e+02
1.169447708129882812e+02
1.674421234130859375e+02
3.687855911254882812e+01
1.221869201660156250e+02
2.247275543212890625e+02
1.387598114013671875e+02
9.027157592773437500e+01
2.597353210449218750e+02
8.824400329589843750e+01
1.715158081054687500e+02
3.353988647460937500e+01
1.139524765014648438e+02
2.858934631347656250e+02
1.677012786865234375e+02
2.481424522399902344e+01
1.196775207519531250e+02
1.225871810913085938e+02
1.747756347656250000e+02
2.820869827270507812e+01
1.083163681030273438e+02
7.305072784423828125e+01
1.934172668457031250e+02
2.304063606262207031e+01
5.192943572998046875e+01
3.630923461914062500e+02
1.690003509521484375e+02
2.303517341613769531e+01
6.009132766723632812e+01
1.570949249267578125e+02
1.760407562255859375e+02
2.764217185974121094e+01
1.006648483276367188e+02
2.850462646484375000e+02
1.649690856933593750e+02
2.282342910766601562e+01
1.122360382080078125e+02
2.142571258544921875e+02
1.676514587402343750e+02
3.762855911254882812e+01
1.278526992797851562e+02
2.252118530273437500e+02
1.447262573242187500e+02
8.823559570312500000e+01
2.022243347167968750e+02
1.675367279052734375e+02
1.610421142578125000e+02
2.014353752136230469e+01
1.114499664306640625e+02
0.000000000000000000e+00
0.000000000000000000e+00
0.000000000000000000e+00
0.000000000000000000e+00
