1.755448913574218750e+02
1.611420745849609375e+02
2.528991889953613281e+01
1.089253463745117188e+02
3.056933593750000000e+02
1.669117126464843750e+02
3.438190841674804688e+01
1.360685119628906250e+02
1.445978546142578125e+02
1.735284423828125000e+02
2.876800346374511719e+01
1.083587722778320312e+02
1.480789489746093750e+02
1.657322082519531250e+02
2.524854278564453125e+01
1.227796478271484375e+02
1.228543319702148438e+02
1.677140502929687500e+02
2.084526062011718750e+01
1.015405120849609375e+02
4.787812805175781250e+01
1.285619049072265625e+02
8.548944091796875000e+01
2.869625549316406250e+02
2.394152526855468750e+02
1.675581359863281250e+02
3.750048446655273438e+01
2.188065338134765625e+02
1.454018707275390625e+02
1.688437805175781250e+02
3.212300872802734375e+01
1.172274322509765625e+02
1.426425781250000000e+02
1.716658325195312500e+02
3.142428207397460938e+01
1.118215789794921875e+02
2.399766235351562500e+02
1.585763854980468750e+02
3.836133956909179688e+01
2.184940185546875000e+02
3.017015380859375000e+02
1.652161254882812500e+02
3.375169372558593750e+01
1.372516479492187500e+02
2.683117675781250000e+02
1.764298858642578125e+02
4.408707427978515625e+01
2.080511779785156250e+02
3.652691345214843750e+02
1.693016357421875000e+02
2.080397605895996094e+01
6.237562942504882812e+01
2.354699249267578125e+02
1.739526977539062500e+02
3.806313705444335938e+01
2.045889892578125000e+02
3.049450683593750000e+02
1.717915954589843750e+02
3.587191009521484375e+01
1.387260284423828125e+02
1.223216476440429688e+02
1.772661285400390625e+02
2.204719734191894531e+01
9.811373901367187500e+01
2.369932250976562500e+02
1.676825256347656250e+02
3.498580932617187500e+01
1.990644531250000000e+02
3.979760437011718750e+02
1.488723907470703125e+02
1.671129226684570312e+01
1.020816879272460938e+02
2.633442382812500000e+02
1.807264862060546875e+02
4.453444290161132812e+01
1.966310729980468750e+02
2.683358764648437500e+02
1.759208984375000000e+02
4.350042343139648438e+01
1.820556182861328125e+02
2.529757537841796875e+02
1.483746643066406250e+02
7.826125335693359375e+01
2.714913940429687500e+02
2.258538208007812500e+02
1.680911865234375000e+02
7.911291599273681641e+00
3.877349853515625000e+01
1.692162933349609375e+02
1.579334259033203125e+02
3.547510528564453125e+01
1.122955856323242188e+02
3.764231491088867188e+01
2.062028350830078125e+02
2.326797485351562500e+01
5.216986465454101562e+01
3.978007812500000000e+02
1.802823028564453125e+02
1.715575408935546875e+01
7.160651397705078125e+01
1.525091552734375000e+02
1.673287811279296875e+02
2.124526214599609375e+01
1.061812362670898438e+02
0.000000000000000000e+00
0.000000000000000000e+00
0.000000000000000000e+00
0.000000000000000000e+00
