3.016925964355468750e+02
1.619468688964843750e+02
2.581934928894042969e+01
1.141765213012695312e+02
3.398963928222656250e+02
1.683433532714843750e+02
4.546677780151367188e+01
1.625952301025390625e+02
1.836125793457031250e+02
1.640571746826171875e+02
3.553106689453125000e+01
1.939220275878906250e+02
2.134868927001953125e+02
1.634157562255859375e+02
4.382549667358398438e+01
2.278000793457031250e+02
1.607493438720703125e+02
1.747948760986328125e+02
1.714788055419921875e+01
6.182753372192382812e+01
1.089805068969726562e+02
1.748480377197265625e+02
9.929524421691894531e+00
4.180124664306640625e+01
2.519330444335937500e+02
1.675990142822265625e+02
1.035577392578125000e+01
4.558966445922851562e+01
2.975658569335937500e+02
1.615903015136718750e+02
3.378454971313476562e+01
1.129205703735351562e+02
1.828760375976562500e+02
1.620574340820312500e+02
3.690719223022460938e+01
1.797258758544921875e+02
3.026623229980468750e+02
1.749221954345703125e+02
2.652473068237304688e+01
1.011619491577148438e+02
1.216539306640625000e+02
1.774182891845703125e+02
5.766071796417236328e+00
2.115027236938476562e+01
3.374354553222656250e+02
1.821041107177734375e+02
4.897111511230468750e+01
1.529815368652343750e+02
2.136115112304687500e+02
1.525105438232421875e+02
4.325983047485351562e+01
2.281239929199218750e+02
1.604362487792968750e+02
1.776765441894531250e+02
1.875642776489257812e+01
6.497553253173828125e+01
3.390363159179687500e+02
1.556219787597656250e+02
1.479924964904785156e+01
9.688958740234375000e+01
3.976897583007812500e+02
1.519960021972656250e+02
1.706069374084472656e+01
9.737248229980468750e+01
2.519489746093750000e+02
1.722197265625000000e+02
1.034027004241943359e+01
4.161407470703125000e+01
1.286931152343750000e+02
1.770276489257812500e+02
4.888386726379394531e+00
1.991709327697753906e+01
1.493137512207031250e+02
1.814916992187500000e+02
1.181181812286376953e+01
4.531631088256835938e+01
1.443903503417968750e+02
1.782675018310546875e+02
8.958395957946777344e+00
3.073295211791992188e+01
3.401198425292968750e+02
1.631576080322265625e+02
4.229630279541015625e+01
1.456860351562500000e+02
2.493946228027343750e+02
1.667847290039062500e+02
1.085480976104736328e+01
4.749114227294921875e+01
3.469258422851562500e+02
1.668411865234375000e+02
4.460676574707031250e+01
1.648442993164062500e+02
0.000000000000000000e+00
0.000000000000000000e+00
0.000000000000000000e+00
0.000000000000000000e+00
