7.778430175781250000e+01
1.557406005859375000e+02
3.260015869140625000e+01
1.508325347900390625e+02
8.022161102294921875e+01
1.555937805175781250e+02
3.344817733764648438e+01
1.510146789550781250e+02
2.087248229980468750e+01
1.676934509277343750e+02
4.052374267578125000e+01
1.356383056640625000e+02
1.963763732910156250e+02
1.597540588378906250e+02
3.537720870971679688e+01
2.024089355468750000e+02
9.504718780517578125e-01
1.712966003417968750e+02
2.609815788269042969e+01
1.570162200927734375e+02
1.587783813476562500e+02
1.822458801269531250e+02
9.834195137023925781e+00
4.484180068969726562e+01
2.295146942138671875e+02
1.523017883300781250e+02
4.685000228881835938e+01
2.467906341552734375e+02
1.995733642578125000e+01
1.777676086425781250e+02
4.216657257080078125e+01
1.294188995361328125e+02
2.322976684570312500e+02
1.596124267578125000e+02
5.357489395141601562e+01
2.328856658935546875e+02
7.384129333496093750e+01
1.476982116699218750e+02
3.844107437133789062e+01
1.489336700439453125e+02
1.956795654296875000e+02
1.558671875000000000e+02
3.478075790405273438e+01
1.957444915771484375e+02
2.302977905273437500e+02
1.475861816406250000e+02
4.333002853393554688e+01
2.376486663818359375e+02
3.634923706054687500e+02
1.678391265869140625e+02
2.264943313598632812e+01
6.266913986206054688e+01
3.282776794433593750e+02
1.673015441894531250e+02
1.077270030975341797e+01
4.216423034667968750e+01
2.372294464111328125e+02
1.661625061035156250e+02
4.930471801757812500e+01
1.988727416992187500e+02
7.602081298828125000e-01
1.835322875976562500e+02
2.687902069091796875e+01
1.501647186279296875e+02
1.220299682617187500e+02
1.783371429443359375e+02
4.081089973449707031e+00
1.855396461486816406e+01
2.690216674804687500e+02
1.713441009521484375e+02
8.823528289794921875e+00
3.628470230102539062e+01
1.495819091796875000e+02
1.833425750732421875e+02
9.975116729736328125e+00
4.421390914916992188e+01
2.279684448242187500e+02
1.622459411621093750e+02
1.401118850708007812e+01
8.277748107910156250e+01
-2.329025268554687500e-01
1.687164001464843750e+02
2.106302452087402344e+01
1.620576629638671875e+02
1.038601608276367188e+02
1.738819732666015625e+02
9.777666091918945312e+00
4.168353271484375000e+01
7.784916687011718750e+01
1.455220184326171875e+02
3.924124526977539062e+01
1.525591735839843750e+02
0.000000000000000000e+00
0.000000000000000000e+00
0.000000000000000000e+00
0.000000000000000000e+00
