1.783409881591796875e+01
1.668375244140625000e+02
3.570968627929687500e+01
1.411865997314453125e+02
1.228731002807617188e+02
1.508836212158203125e+02
3.254896163940429688e+01
1.403350524902343750e+02
1.572528228759765625e+02
1.778449401855468750e+02
1.106998538970947266e+01
5.400156784057617188e+01
1.894814300537109375e+01
1.693252868652343750e+02
3.294255828857421875e+01
1.436371307373046875e+02
8.945934295654296875e+01
1.693070373535156250e+02
2.440256118774414062e+01
1.143200531005859375e+02
2.306485290527343750e+02
1.602230377197265625e+02
5.534199523925781250e+01
2.310071716308593750e+02
1.229780654907226562e+02
1.577993774414062500e+02
3.096120262145996094e+01
1.349407501220703125e+02
1.273467254638671875e+02
1.616883392333984375e+02
2.417330360412597656e+01
1.292582702636718750e+02
6.576544952392578125e+01
1.662790527343750000e+02
3.892453002929687500e+01
1.396895751953125000e+02
8.944567871093750000e+01
1.675380859375000000e+02
2.473674392700195312e+01
1.084296569824218750e+02
2.297827606201171875e+02
1.671833190917968750e+02
4.712539291381835938e+01
2.181325225830078125e+02
2.092234344482421875e+02
1.649613342285156250e+02
3.458098983764648438e+01
1.949488525390625000e+02
6.683659362792968750e+01
1.736028747558593750e+02
3.411663055419921875e+01
1.361750183105468750e+02
2.307060546875000000e+02
1.604237060546875000e+02
5.891044616699218750e+01
2.148607940673828125e+02
1.258910903930664062e+02
1.607724609375000000e+02
2.447557258605957031e+01
1.187430572509765625e+02
2.050288391113281250e+02
1.696455841064453125e+02
3.454998779296875000e+01
1.855575256347656250e+02
6.093848419189453125e+01
1.672902526855468750e+02
3.501187133789062500e+01
1.408085479736328125e+02
1.358973693847656250e+01
1.653636322021484375e+02
3.503459930419921875e+01
1.431736755371093750e+02
8.514307403564453125e+01
1.648840332031250000e+02
3.315221023559570312e+01
1.245876312255859375e+02
2.002005157470703125e+02
1.625585632324218750e+02
1.114305400848388672e+01
7.007841491699218750e+01
2.083277893066406250e+02
1.576534118652343750e+02
3.614757919311523438e+01
1.887577514648437500e+02
2.286402893066406250e+02
1.598529968261718750e+02
4.653150939941406250e+01
2.168560791015625000e+02
3.628915405273437500e+02
1.674279632568359375e+02
2.352753829956054688e+01
6.614072418212890625e+01
1.209881286621093750e+02
1.777824401855468750e+02
5.080534934997558594e+00
2.027316856384277344e+01
1.140563659667968750e+02
1.766243743896484375e+02
5.306957244873046875e+00
2.401315879821777344e+01
1.479986724853515625e+02
1.797262420654296875e+02
1.094051933288574219e+01
4.790441513061523438e+01
2.037569122314453125e+02
1.611623535156250000e+02
3.675603103637695312e+01
1.816493072509765625e+02
8.400088500976562500e+01
1.649104309082031250e+02
3.637273788452148438e+01
1.141116104125976562e+02
1.962440185546875000e+02
1.680731201171875000e+02
1.605678558349609375e+01
6.410714721679687500e+01
1.996735992431640625e+02
1.702878265380859375e+02
1.091885375976562500e+01
6.279845428466796875e+01
3.980399780273437500e+02
1.521290435791015625e+02
1.677104187011718750e+01
9.718190765380859375e+01
0.000000000000000000e+00
0.000000000000000000e+00
0.000000000000000000e+00
0.000000000000000000e+00
