1.903085937500000000e+02
1.668531951904296875e+02
2.248505783081054688e+01
9.490203857421875000e+01
2.347678527832031250e+02
1.687428894042968750e+02
2.662455558776855469e+01
1.042987060546875000e+02
2.348771209716796875e+02
1.703803710937500000e+02
2.681418418884277344e+01
1.105823059082031250e+02
2.300583648681640625e+02
1.624055786132812500e+02
3.514147567749023438e+01
1.165132751464843750e+02
1.535120849609375000e+02
1.724430236816406250e+02
8.695513725280761719e+00
3.651916122436523438e+01
2.092536621093750000e+02
1.668025512695312500e+02
2.669380569458007812e+01
9.411988067626953125e+01
3.352518005371093750e+02
1.627398376464843750e+02
7.857244110107421875e+01
2.433813629150390625e+02
3.447275695800781250e+02
1.580835571289062500e+02
6.026953887939453125e+01
2.522897796630859375e+02
3.428363952636718750e+02
1.615750579833984375e+02
6.170485687255859375e+01
2.580359802246093750e+02
2.139080810546875000e+02
1.641569824218750000e+02
2.479013442993164062e+01
1.004491882324218750e+02
1.377995147705078125e+02
1.786831512451171875e+02
1.041407203674316406e+01
3.815517425537109375e+01
1.411908874511718750e+02
1.778791198730468750e+02
8.999308586120605469e+00
3.829891204833984375e+01
1.183811721801757812e+02
1.736045379638671875e+02
8.813796043395996094e+00
3.274321746826171875e+01
3.679039916992187500e+02
1.520305786132812500e+02
4.576071166992187500e+01
2.594470214843750000e+02
1.260815582275390625e+02
1.746152191162109375e+02
8.098790168762207031e+00
3.146045303344726562e+01
3.349056701660156250e+02
1.639930114746093750e+02
7.758563232421875000e+01
2.525899200439453125e+02
1.530223083496093750e+02
1.757658691406250000e+02
9.393055915832519531e+00
3.408339691162109375e+01
3.402832336425781250e+02
1.671806945800781250e+02
5.050578308105468750e+01
2.329693145751953125e+02
3.373372497558593750e+02
1.709357452392578125e+02
5.549158477783203125e+01
2.410954284667968750e+02
2.295628814697265625e+02
1.684836883544921875e+02
3.476609039306640625e+01
1.139058151245117188e+02
8.812277984619140625e+01
1.764187927246093750e+02
1.246216106414794922e+01
4.371908187866210938e+01
7.917372894287109375e+01
1.848218078613281250e+02
1.299128532409667969e+01
3.697470474243164062e+01
0.000000000000000000e+00
0.000000000000000000e+00
0.000000000000000000e+00
0.000000000000000000e+00
