1.865483703613281250e+02
1.660354919433593750e+02
2.091676330566406250e+01
9.780562591552734375e+01
2.338478698730468750e+02
1.652910919189453125e+02
2.578724288940429688e+01
1.112507095336914062e+02
1.403525695800781250e+02
1.752742614746093750e+02
1.041547775268554688e+01
4.110318374633789062e+01
2.337980041503906250e+02
1.716487884521484375e+02
2.558729743957519531e+01
1.077691421508789062e+02
2.056673736572265625e+02
1.642214355468750000e+02
2.553551101684570312e+01
1.051922149658203125e+02
1.525958404541015625e+02
1.756044921875000000e+02
9.458879470825195312e+00
3.444268417358398438e+01
2.281509246826171875e+02
1.606410522460937500e+02
3.502016448974609375e+01
1.206666336059570312e+02
3.488905029296875000e+02
1.632660217285156250e+02
5.871115493774414062e+01
2.349887695312500000e+02
1.258664093017578125e+02
1.747760925292968750e+02
8.264039039611816406e+00
3.121691894531250000e+01
1.519134368896484375e+02
1.746586151123046875e+02
9.476948738098144531e+00
3.298255538940429688e+01
1.180734481811523438e+02
1.738112335205078125e+02
8.930180549621582031e+00
3.222043609619140625e+01
3.363990478515625000e+02
1.632028198242187500e+02
4.881111145019531250e+01
2.342404785156250000e+02
3.679714965820312500e+02
1.495267639160156250e+02
4.289529418945312500e+01
2.598440551757812500e+02
3.533482971191406250e+02
1.584007568359375000e+02
5.202937698364257812e+01
2.187111663818359375e+02
3.673537597656250000e+02
1.429440917968750000e+02
4.192016220092773438e+01
2.472016601562500000e+02
8.026597595214843750e+01
1.831908264160156250e+02
1.182193088531494141e+01
3.951153182983398438e+01
2.277963867187500000e+02
1.683358612060546875e+02
3.596837997436523438e+01
1.142131042480468750e+02
8.789660644531250000e+01
1.765213012695312500e+02
1.169267368316650391e+01
4.355372619628906250e+01
0.000000000000000000e+00
0.000000000000000000e+00
0.000000000000000000e+00
0.000000000000000000e+00
