1.404198303222656250e+02
1.670574035644531250e+02
2.434711456298828125e+01
1.048841857910156250e+02
2.603963928222656250e+02
1.697174224853515625e+02
4.600471878051757812e+01
2.180279846191406250e+02
1.749390258789062500e+02
1.753002319335937500e+02
2.737018966674804688e+01
1.034360885620117188e+02
2.040595092773437500e+02
1.678890380859375000e+02
2.203255271911621094e+01
9.123570251464843750e+01
6.167354583740234375e+01
1.951060180664062500e+02
2.763009834289550781e+01
6.939406585693359375e+01
2.945825805664062500e+02
1.595562133789062500e+02
7.804257965087890625e+01
2.455218963623046875e+02
3.540683288574218750e+02
1.588541870117187500e+02
3.125089645385742188e+01
1.501020507812500000e+02
1.573944549560546875e+02
1.704536590576171875e+02
9.581578254699707031e+00
5.218684768676757812e+01
3.497808532714843750e+02
1.615245666503906250e+02
3.241052627563476562e+01
1.448186492919921875e+02
3.543247680664062500e+02
1.578118591308593750e+02
3.088543891906738281e+01
1.736213836669921875e+02
3.207662963867187500e+02
1.592815093994140625e+02
4.903158950805664062e+01
2.405110778808593750e+02
1.418174133300781250e+02
1.781025085449218750e+02
2.260232162475585938e+01
9.643948364257812500e+01
1.202625503540039062e+02
1.746708374023437500e+02
8.570461273193359375e+00
2.956272888183593750e+01
6.293292999267578125e+01
1.916302185058593750e+02
2.492643547058105469e+01
5.920225143432617188e+01
2.590822448730468750e+02
1.875833129882812500e+02
4.909721755981445312e+01
2.060140838623046875e+02
1.759765319824218750e+02
1.705985870361328125e+02
2.418463897705078125e+01
1.029322586059570312e+02
2.924740295410156250e+02
1.527296295166015625e+02
3.586156082153320312e+01
2.564468078613281250e+02
2.637672119140625000e+02
1.644810638427734375e+02
3.883386611938476562e+01
2.093061218261718750e+02
1.682437744140625000e+02
1.725374450683593750e+02
3.730228424072265625e+01
1.081216583251953125e+02
2.665914306640625000e+02
1.622053070068359375e+02
5.016189575195312500e+01
2.362465515136718750e+02
2.378998870849609375e+02
1.726509246826171875e+02
1.186184215545654297e+01
5.930813980102539062e+01
2.990804748535156250e+02
1.613521270751953125e+02
7.375864410400390625e+01
2.593029479980468750e+02
3.019762268066406250e+02
1.321699523925781250e+02
5.046745681762695312e+01
2.984676513671875000e+02
2.949466247558593750e+02
1.527192230224609375e+02
3.213127136230468750e+01
2.267024230957031250e+02
3.472960815429687500e+02
1.622919006347656250e+02
3.540522384643554688e+01
1.685487518310546875e+02
2.380853729248046875e+02
1.674945220947265625e+02
1.108695888519287109e+01
6.070619964599609375e+01
3.572218627929687500e+02
1.707726135253906250e+02
2.563367080688476562e+01
1.231562957763671875e+02
2.975311584472656250e+02
1.404238739013671875e+02
5.609336853027343750e+01
3.035683898925781250e+02
0.000000000000000000e+00
0.000000000000000000e+00
0.000000000000000000e+00
0.000000000000000000e+00
