2.384553222656250000e+02
1.697086639404296875e+02
2.274792480468750000e+01
1.313431396484375000e+02
1.951210632324218750e+02
1.627103576660156250e+02
3.076689147949218750e+01
1.502608489990234375e+02
2.341989135742187500e+02
1.697041625976562500e+02
3.139900398254394531e+01
1.302455902099609375e+02
1.960592651367187500e+02
1.617278137207031250e+02
2.831568336486816406e+01
1.605148468017578125e+02
1.093503417968750000e+02
1.743589782714843750e+02
1.098437213897705078e+01
4.385316085815429688e+01
1.287353668212890625e+02
1.730023345947265625e+02
1.804000473022460938e+01
6.514980316162109375e+01
1.300515747070312500e+02
1.783282012939453125e+02
1.846162414550781250e+01
6.204293060302734375e+01
1.307940826416015625e+02
1.776382751464843750e+02
1.410424804687500000e+01
6.410429382324218750e+01
2.622942504882812500e+02
1.747361145019531250e+02
8.714417457580566406e+00
3.735118103027343750e+01
1.544807586669921875e+02
1.579677429199218750e+02
5.094670486450195312e+01
2.155426483154296875e+02
2.361438903808593750e+02
1.843704376220703125e+02
2.277182769775390625e+01
1.149652633666992188e+02
2.256664276123046875e+02
1.693489227294921875e+02
1.061806488037109375e+01
3.932059097290039062e+01
1.916342926025390625e+02
1.635941009521484375e+02
3.056747245788574219e+01
1.462692565917968750e+02
1.301997375488281250e+02
1.812256622314453125e+02
1.422004890441894531e+01
4.751706695556640625e+01
1.915277404785156250e+02
1.635473327636718750e+02
3.040426254272460938e+01
1.610556793212890625e+02
2.245342712402343750e+02
1.666493988037109375e+02
1.199679374694824219e+01
5.718486404418945312e+01
1.561363220214843750e+02
1.724052886962890625e+02
5.020369720458984375e+01
2.062795104980468750e+02
1.220952835083007812e+02
1.773316040039062500e+02
5.359192371368408203e+00
2.272089767456054688e+01
1.491413574218750000e+02
1.844904174804687500e+02
4.340006256103515625e+01
1.598762969970703125e+02
9.399937438964843750e+01
1.773144073486328125e+02
1.066247081756591797e+01
4.075099945068359375e+01
3.625700683593750000e+02
1.693664550781250000e+02
2.454521560668945312e+01
6.357254791259765625e+01
9.255503845214843750e+01
1.820260009765625000e+02
1.153503417968750000e+01
3.939117431640625000e+01
2.519632263183593750e+02
1.704815063476562500e+02
1.726532363891601562e+01
1.136732025146484375e+02
0.000000000000000000e+00
0.000000000000000000e+00
0.000000000000000000e+00
0.000000000000000000e+00
