1.163322753906250000e+02
1.571243896484375000e+02
3.319986724853515625e+01
1.372294921875000000e+02
5.383944702148437500e+01
1.686575012207031250e+02
2.924066352844238281e+01
1.458602447509765625e+02
7.902402496337890625e+01
1.743045349121093750e+02
2.707818794250488281e+01
1.105772933959960938e+02
5.268125915527343750e+01
1.685411834716796875e+02
3.445656967163085938e+01
1.377808227539062500e+02
1.612129211425781250e+00
1.648680114746093750e+02
4.058428955078125000e+01
1.445041503906250000e+02
1.159355468750000000e+02
1.559324340820312500e+02
3.626038360595703125e+01
1.323910522460937500e+02
2.309788665771484375e+02
1.580628051757812500e+02
5.514754867553710938e+01
2.356399383544921875e+02
1.135025024414062500e+00
1.718664398193359375e+02
4.248109054565429688e+01
1.406151123046875000e+02
2.081124420166015625e+02
1.634729003906250000e+02
3.599264526367187500e+01
1.966613769531250000e+02
1.579752655029296875e+02
1.791991577148437500e+02
1.020720100402832031e+01
4.918930816650390625e+01
2.045221557617187500e+02
1.672785949707031250e+02
3.584167861938476562e+01
1.885870971679687500e+02
2.318513336181640625e+02
1.603929748535156250e+02
5.780715942382812500e+01
2.143261566162109375e+02
2.299464416503906250e+02
1.665943145751953125e+02
4.703760910034179688e+01
2.199761047363281250e+02
2.078842773437500000e+02
1.560639343261718750e+02
3.597924041748046875e+01
1.927400970458984375e+02
2.041396331787109375e+02
1.599480590820312500e+02
3.643892669677734375e+01
1.852911682128906250e+02
1.492941436767578125e+02
1.823851776123046875e+02
9.568686485290527344e+00
4.311844635009765625e+01
7.535493469238281250e+01
1.702064208984375000e+02
3.238004302978515625e+01
1.187504653930664062e+02
5.761678695678710938e+01
1.830268249511718750e+02
2.353881072998046875e+01
1.193007965087890625e+02
3.631143798828125000e+02
1.678551483154296875e+02
2.280372238159179688e+01
6.490534210205078125e+01
2.290422821044921875e+02
1.595625915527343750e+02
4.576940155029296875e+01
2.166400299072265625e+02
7.932301330566406250e+01
1.761906280517578125e+02
2.418569564819335938e+01
9.054392242431640625e+01
0.000000000000000000e+00
0.000000000000000000e+00
0.000000000000000000e+00
0.000000000000000000e+00
