1.551476898193359375e+02
1.770936126708984375e+02
1.970739746093750000e+01
8.534573364257812500e+01
1.096315612792968750e+02
1.687386322021484375e+02
3.224935531616210938e+01
1.306544494628906250e+02
1.366413726806640625e+02
1.765171813964843750e+02
1.845954704284667969e+01
1.022427291870117188e+02
1.283079833984375000e+02
1.666425781250000000e+02
2.106689834594726562e+01
1.309990386962890625e+02
1.150037765502929688e+02
1.705178527832031250e+02
3.535942459106445312e+01
1.248080749511718750e+02
1.389107055664062500e+02
1.742064819335937500e+02
1.800653648376464844e+01
9.356703186035156250e+01
2.160943908691406250e+02
1.719407348632812500e+02
1.030375480651855469e+01
2.994812774658203125e+01
2.730625305175781250e+02
1.708765563964843750e+02
8.655406951904296875e+00
3.786668014526367188e+01
3.629165344238281250e+02
1.667853240966796875e+02
2.279601287841796875e+01
6.589887237548828125e+01
1.557869415283203125e+02
1.908816680908203125e+02
1.913381195068359375e+01
7.023024749755859375e+01
3.983347778320312500e+02
1.484777221679687500e+02
1.623305892944335938e+01
1.033245391845703125e+02
1.089741973876953125e+02
1.882180328369140625e+02
2.392613983154296875e+01
8.467053985595703125e+01
0.000000000000000000e+00
0.000000000000000000e+00
0.000000000000000000e+00
0.000000000000000000e+00
