1.256783981323242188e+02
1.693608093261718750e+02
2.719486618041992188e+01
1.041411895751953125e+02
3.252488708496093750e+02
1.564527282714843750e+02
4.305074310302734375e+01
1.551805419921875000e+02
1.017145233154296875e+02
1.682348632812500000e+02
2.545001411437988281e+01
1.190855484008789062e+02
1.249798278808593750e+02
1.752501068115234375e+02
2.769858360290527344e+01
1.007613601684570312e+02
3.559426879882812500e+02
1.591366271972656250e+02
3.222518539428710938e+01
1.470647583007812500e+02
9.426251220703125000e+01
1.692478485107421875e+02
3.342997360229492188e+01
1.172266311645507812e+02
9.782393646240234375e+01
1.689627838134765625e+02
3.255967330932617188e+01
1.162831649780273438e+02
3.116919860839843750e+02
1.779715576171875000e+02
1.022198581695556641e+01
3.699164199829101562e+01
2.707310180664062500e+02
1.696152191162109375e+02
8.545359611511230469e+00
3.901031112670898438e+01
3.586523742675781250e+02
1.728028259277343750e+02
2.694838714599609375e+01
1.205575561523437500e+02
3.233635559082031250e+02
1.694288940429687500e+02
4.661721038818359375e+01
1.455833282470703125e+02
1.568864440917968750e+02
1.746825103759765625e+02
9.678780555725097656e+00
4.463674163818359375e+01
2.358165588378906250e+02
1.712815856933593750e+02
1.140306282043457031e+01
4.718894958496093750e+01
1.028600540161132812e+02
1.748172607421875000e+02
2.403673744201660156e+01
9.169569396972656250e+01
3.342866516113281250e+02
1.559334716796875000e+02
4.922524642944335938e+01
1.520746307373046875e+02
1.204342117309570312e+02
1.688138580322265625e+02
3.697627258300781250e+01
1.050700073242187500e+02
0.000000000000000000e+00
0.000000000000000000e+00
0.000000000000000000e+00
0.000000000000000000e+00
