2.507692108154296875e+02
1.665684661865234375e+02
3.232539749145507812e+01
1.391724548339843750e+02
1.330908508300781250e+02
1.757271423339843750e+02
1.723761749267578125e+01
6.793266296386718750e+01
1.319302978515625000e+02
1.720554046630859375e+02
1.749236679077148438e+01
6.906943511962890625e+01
1.088121185302734375e+02
1.735154571533203125e+02
9.891366958618164062e+00
4.393145370483398438e+01
2.488817443847656250e+02
1.734335174560546875e+02
3.346406555175781250e+01
1.353602600097656250e+02
2.546762390136718750e+02
1.741520996093750000e+02
2.366449356079101562e+01
1.226934356689453125e+02
1.211669616699218750e+02
1.771358032226562500e+02
6.170106410980224609e+00
2.261653327941894531e+01
1.990211944580078125e+02
1.552044372558593750e+02
3.107657051086425781e+01
1.875835418701171875e+02
1.711610107421875000e+02
1.654939575195312500e+02
5.307689285278320312e+01
2.211844482421875000e+02
1.625599517822265625e+02
1.795279846191406250e+02
4.657427597045898438e+01
1.667509155273437500e+02
1.289945526123046875e+02
1.773467712402343750e+02
5.295024394989013672e+00
2.021649169921875000e+01
2.324178314208984375e+02
1.727527313232421875e+02
9.624520301818847656e+00
4.598317718505859375e+01
9.665888214111328125e+01
1.753031158447265625e+02
8.573075294494628906e+00
4.034795379638671875e+01
3.632924194335937500e+02
1.687801818847656250e+02
2.319639968872070312e+01
6.376490783691406250e+01
1.976893157958984375e+02
1.625267944335937500e+02
3.186530113220214844e+01
1.974383697509765625e+02
1.358377075195312500e+02
1.803629455566406250e+02
1.206700801849365234e+01
6.023672103881835938e+01
1.750673217773437500e+02
1.630085449218750000e+02
4.837105941772460938e+01
2.050946197509765625e+02
0.000000000000000000e+00
0.000000000000000000e+00
0.000000000000000000e+00
0.000000000000000000e+00
