2.023605804443359375e+02
1.735080718994140625e+02
2.508598518371582031e+01
1.158923568725585938e+02
1.700431213378906250e+02
1.647271423339843750e+02
2.923191833496093750e+01
1.407127075195312500e+02
1.719622039794921875e+02
1.630901489257812500e+02
2.577735519409179688e+01
1.423229217529296875e+02
1.319417572021484375e+02
1.637404937744140625e+02
4.627045440673828125e+01
1.720746765136718750e+02
2.489121551513671875e+02
1.716595153808593750e+02
1.229941558837890625e+01
4.233696365356445312e+01
1.296442260742187500e+02
1.615411071777343750e+02
4.700473403930664062e+01
1.969825592041015625e+02
2.487034759521484375e+02
1.700024871826171875e+02
1.167400264739990234e+01
4.214507293701171875e+01
2.178435516357421875e+02
1.660011138916015625e+02
2.045223426818847656e+01
1.057513809204101562e+02
1.226108779907226562e+02
1.772256774902343750e+02
1.374339103698730469e+01
5.545052719116210938e+01
1.094767990112304688e+02
1.755878906250000000e+02
9.915600776672363281e+00
4.125959777832031250e+01
1.978098144531250000e+02
1.696703643798828125e+02
3.444778823852539062e+01
1.212758483886718750e+02
1.035416412353515625e+02
1.765944519042968750e+02
8.803945541381835938e+00
4.131604766845703125e+01
2.378792419433593750e+02
1.708601989746093750e+02
8.496500015258789062e+00
3.576123809814453125e+01
3.629553222656250000e+02
1.677518463134765625e+02
2.306177139282226562e+01
6.436047363281250000e+01
2.501928405761718750e+02
1.734505157470703125e+02
1.246825027465820312e+01
3.925477218627929688e+01
0.000000000000000000e+00
0.000000000000000000e+00
0.000000000000000000e+00
0.000000000000000000e+00
