1.722286071777343750e+02
1.691450500488281250e+02
2.586378860473632812e+01
1.009368591308593750e+02
1.514216461181640625e+02
1.664396514892578125e+02
2.242809104919433594e+01
1.282668151855468750e+02
1.176385498046875000e+02
1.618359680175781250e+02
3.990709686279296875e+01
1.654408416748046875e+02
1.722009124755859375e+02
1.808421478271484375e+02
2.370183753967285156e+01
9.023864746093750000e+01
3.641210937500000000e+02
1.693140869140625000e+02
2.290018081665039062e+01
6.404844665527343750e+01
2.070163269042968750e+02
1.680678100585937500e+02
8.328064918518066406e+00
3.674757766723632812e+01
1.194434890747070312e+02
1.647407836914062500e+02
3.754145431518554688e+01
1.449595336914062500e+02
1.533781585693359375e+02
1.737740173339843750e+02
1.943468475341796875e+01
9.292409515380859375e+01
2.169593505859375000e+02
1.710705566406250000e+02
8.303616523742675781e+00
3.265546798706054688e+01
1.485103607177734375e+02
1.676285400390625000e+02
3.028771018981933594e+01
1.289706878662109375e+02
0.000000000000000000e+00
0.000000000000000000e+00
0.000000000000000000e+00
0.000000000000000000e+00
