2.747366027832031250e+02
1.677543640136718750e+02
2.456451797485351562e+01
9.867713928222656250e+01
3.698931274414062500e+02
1.668567504882812500e+02
4.563344192504882812e+01
1.906968841552734375e+02
2.772673950195312500e+02
1.660451812744140625e+02
2.259743309020996094e+01
1.010844116210937500e+02
3.025879859924316406e+00
1.564388732910156250e+02
3.050562095642089844e+01
1.764688262939453125e+02
1.737420196533203125e+02
1.761705627441406250e+02
1.501233673095703125e+01
7.766632843017578125e+01
3.705611572265625000e+02
1.545903320312500000e+02
4.423762130737304688e+01
1.955914154052734375e+02
1.078780822753906250e+02
1.763586273193359375e+02
1.079432964324951172e+01
4.008007049560546875e+01
3.573693847656250000e+02
1.616173095703125000e+02
2.724020195007324219e+01
1.498742218017578125e+02
1.576203918457031250e+02
1.796559753417968750e+02
1.147206592559814453e+01
4.875944519042968750e+01
3.574443969726562500e+02
1.602142333984375000e+02
2.931706237792968750e+01
1.695340728759765625e+02
2.580912780761718750e+02
1.725187683105468750e+02
9.523769378662109375e+00
4.172325515747070312e+01
1.876704406738281250e+02
1.687062683105468750e+02
3.489319610595703125e+01
1.884129638671875000e+02
2.219871215820312500e+02
1.659876708984375000e+02
4.579677581787109375e+01
2.229770660400390625e+02
2.575419311523437500e+02
1.702456054687500000e+02
9.198673248291015625e+00
4.084636306762695312e+01
7.970080566406250000e+01
1.780778961181640625e+02
1.171866893768310547e+01
4.080200576782226562e+01
2.261404266357421875e+02
1.819374084472656250e+02
4.456259155273437500e+01
1.663638458251953125e+02
7.907639312744140625e+01
1.797661743164062500e+02
1.245130252838134766e+01
4.333840560913085938e+01
1.426779479980468750e+02
1.756925964355468750e+02
8.843534469604492188e+00
2.985232925415039062e+01
1.051594696044921875e+02
1.746932678222656250e+02
9.965278625488281250e+00
4.243260192871093750e+01
3.672787780761718750e+02
1.950194091796875000e+02
4.921648406982421875e+01
1.599896697998046875e+02
1.216015167236328125e+02
1.779504699707031250e+02
5.526745796203613281e+00
2.043363952636718750e+01
2.141590576171875000e+02
1.640694580078125000e+02
4.572788238525390625e+01
2.244853363037109375e+02
0.000000000000000000e+00
0.000000000000000000e+00
0.000000000000000000e+00
0.000000000000000000e+00
