1.461137542724609375e+02
1.667485351562500000e+02
2.151076698303222656e+01
1.222944183349609375e+02
1.164276504516601562e+02
1.667178649902343750e+02
3.676215744018554688e+01
1.523641204833984375e+02
1.662721405029296875e+02
1.743667297363281250e+02
1.806269264221191406e+01
9.247819519042968750e+01
1.152998504638671875e+02
1.628116607666015625e+02
3.628841400146484375e+01
1.501561279296875000e+02
2.686504211425781250e+02
1.688158264160156250e+02
9.273417472839355469e+00
4.129029464721679688e+01
1.668935852050781250e+02
1.759005737304687500e+02
1.979738807678222656e+01
8.677650451660156250e+01
1.467398071289062500e+02
1.703150939941406250e+02
2.081980514526367188e+01
1.017338485717773438e+02
1.627290344238281250e+02
1.740550079345703125e+02
1.960058975219726562e+01
1.048180160522460938e+02
2.163590698242187500e+02
1.735561676025390625e+02
8.596223831176757812e+00
2.946333694458007812e+01
2.017264862060546875e+02
1.675258026123046875e+02
8.591753005981445312e+00
3.655958938598632812e+01
3.628675842285156250e+02
1.678716888427734375e+02
2.317709541320800781e+01
6.012034988403320312e+01
2.354819641113281250e+02
1.720608825683593750e+02
1.135392761230468750e+01
4.458411407470703125e+01
2.171146697998046875e+02
1.753480377197265625e+02
6.898115158081054688e+00
2.305649757385253906e+01
2.365484924316406250e+02
1.687420501708984375e+02
1.062491035461425781e+01
4.263275527954101562e+01
2.018549499511718750e+02
1.666898498535156250e+02
8.382085800170898438e+00
3.227403640747070312e+01
0.000000000000000000e+00
0.000000000000000000e+00
0.000000000000000000e+00
0.000000000000000000e+00
