1.461299591064453125e+02
1.653513641357421875e+02
2.155620956420898438e+01
1.266318969726562500e+02
1.160630645751953125e+02
1.662369842529296875e+02
3.629016494750976562e+01
1.523293762207031250e+02
1.663238830566406250e+02
1.733726654052734375e+02
1.816385841369628906e+01
9.532886505126953125e+01
1.148153533935546875e+02
1.653156738281250000e+02
3.652090072631835938e+01
1.448766021728515625e+02
1.667198486328125000e+02
1.741774597167968750e+02
2.072709846496582031e+01
9.249740600585937500e+01
2.688092041015625000e+02
1.700369415283203125e+02
8.932928085327148438e+00
3.950220489501953125e+01
1.468560943603515625e+02
1.708177185058593750e+02
2.052853393554687500e+01
9.972695922851562500e+01
2.018478851318359375e+02
1.669055633544921875e+02
8.720645904541015625e+00
3.825061035156250000e+01
1.638780670166015625e+02
1.749290466308593750e+02
1.962875366210937500e+01
1.033485717773437500e+02
2.358891601562500000e+02
1.717168579101562500e+02
1.095898723602294922e+01
4.605040359497070312e+01
1.662664489746093750e+02
1.833269348144531250e+02
2.123520469665527344e+01
8.505314636230468750e+01
3.636768493652343750e+02
1.686431427001953125e+02
2.358302688598632812e+01
5.888319778442382812e+01
2.018989257812500000e+02
1.671026306152343750e+02
8.409076690673828125e+00
3.151050567626953125e+01
2.171031799316406250e+02
1.751497344970703125e+02
6.695220947265625000e+00
2.337417793273925781e+01
2.368519439697265625e+02
1.690005950927734375e+02
1.041306018829345703e+01
4.227159500122070312e+01
0.000000000000000000e+00
0.000000000000000000e+00
0.000000000000000000e+00
0.000000000000000000e+00
