1.757194824218750000e+02
1.646257629394531250e+02
3.689852142333984375e+01
1.456654205322265625e+02
1.224431457519531250e+02
1.710964813232421875e+02
1.698403549194335938e+01
6.718060302734375000e+01
1.768245391845703125e+02
1.661091918945312500e+02
3.487770462036132812e+01
1.525400085449218750e+02
2.254415283203125000e+02
1.676152038574218750e+02
2.198026847839355469e+01
1.076025924682617188e+02
1.721166381835937500e+02
1.636501922607421875e+02
3.687672424316406250e+01
1.453710021972656250e+02
2.205302734375000000e+02
1.686055908203125000e+02
2.401080703735351562e+01
1.217948684692382812e+02
1.086469039916992188e+02
1.752853088378906250e+02
1.044530391693115234e+01
4.261834335327148438e+01
1.397663269042968750e+02
1.670739440917968750e+02
4.581308746337890625e+01
1.955110015869140625e+02
2.120590057373046875e+02
1.680108642578125000e+02
3.514700317382812500e+01
1.237499389648437500e+02
1.723899536132812500e+02
1.661573791503906250e+02
3.657099914550781250e+01
1.541155700683593750e+02
1.361853027343750000e+02
1.660571136474609375e+02
4.351180267333984375e+01
1.959739074707031250e+02
1.245254669189453125e+02
1.753800354003906250e+02
1.307186985015869141e+01
5.947752380371093750e+01
2.473591461181640625e+02
1.682843170166015625e+02
9.925048828125000000e+00
4.384590530395507812e+01
2.099264373779296875e+02
1.749649658203125000e+02
2.161828613281250000e+01
8.410196685791015625e+01
1.232247619628906250e+02
1.777419128417968750e+02
1.814679145812988281e+01
6.261934280395507812e+01
2.534308471679687500e+02
1.681230773925781250e+02
9.424249649047851562e+00
4.457807159423828125e+01
1.412082519531250000e+02
1.836540222167968750e+02
4.422441101074218750e+01
1.830788726806640625e+02
1.053030319213867188e+02
1.754876403808593750e+02
8.806565284729003906e+00
4.144909667968750000e+01
2.108636627197265625e+02
1.734287414550781250e+02
2.325843238830566406e+01
1.123607025146484375e+02
9.665885925292968750e+01
1.842247924804687500e+02
9.830781936645507812e+00
3.647144699096679688e+01
9.718041992187500000e+01
1.788955383300781250e+02
9.258846282958984375e+00
3.775486755371093750e+01
0.000000000000000000e+00
0.000000000000000000e+00
0.000000000000000000e+00
0.000000000000000000e+00
