1.857868194580078125e+02
1.683016815185546875e+02
2.299451446533203125e+01
9.350647735595703125e+01
2.353825378417968750e+02
1.657969512939453125e+02
2.454592895507812500e+01
1.106686019897460938e+02
2.057725830078125000e+02
1.615245819091796875e+02
2.656805229187011719e+01
1.073870849609375000e+02
1.399525146484375000e+02
1.750027313232421875e+02
1.118420219421386719e+01
4.143767547607421875e+01
3.373625793457031250e+02
1.644922180175781250e+02
4.751636123657226562e+01
2.317796020507812500e+02
1.528794403076171875e+02
1.758205413818359375e+02
9.499161720275878906e+00
3.424743270874023438e+01
2.348017578125000000e+02
1.718091735839843750e+02
2.432768249511718750e+01
1.071737442016601562e+02
3.480267333984375000e+02
1.632437744140625000e+02
5.943404388427734375e+01
2.352350616455078125e+02
1.260326614379882812e+02
1.744899902343750000e+02
8.297771453857421875e+00
3.203976440429687500e+01
1.178629455566406250e+02
1.736273345947265625e+02
8.882725715637207031e+00
3.271081161499023438e+01
3.686318664550781250e+02
1.553377838134765625e+02
4.138469314575195312e+01
2.487438049316406250e+02
1.523230743408203125e+02
1.746213378906250000e+02
9.183982849121093750e+00
3.303796386718750000e+01
2.283098907470703125e+02
1.621358642578125000e+02
3.524441909790039062e+01
1.180797271728515625e+02
3.674235229492187500e+02
1.417521362304687500e+02
4.148059844970703125e+01
2.507491302490234375e+02
2.019222869873046875e+02
1.563205566406250000e+02
3.478265762329101562e+01
1.177798233032226562e+02
3.516186828613281250e+02
1.557557678222656250e+02
5.377690887451171875e+01
2.241200103759765625e+02
8.759332275390625000e+01
1.763949737548828125e+02
1.257065868377685547e+01
4.368009567260742188e+01
3.388227539062500000e+02
1.672114715576171875e+02
4.222176361083984375e+01
1.982723083496093750e+02
3.354378051757812500e+02
1.685457458496093750e+02
5.125753402709960938e+01
2.456145172119140625e+02
8.031427764892578125e+01
1.835529479980468750e+02
1.185188102722167969e+01
3.878997039794921875e+01
1.256285629272460938e+02
1.783623046875000000e+02
8.288011550903320312e+00
2.874641799926757812e+01
0.000000000000000000e+00
0.000000000000000000e+00
0.000000000000000000e+00
0.000000000000000000e+00
