4.407822799682617188e+01
1.576548156738281250e+02
4.524643707275390625e+01
1.556004180908203125e+02
3.854267883300781250e+01
1.566647338867187500e+02
4.774084091186523438e+01
1.562825469970703125e+02
2.275839691162109375e+02
1.538046722412109375e+02
4.505406570434570312e+01
2.440090637207031250e+02
2.283831176757812500e+02
1.514691009521484375e+02
4.453133010864257812e+01
2.298412780761718750e+02
4.439602661132812500e+01
1.648673858642578125e+02
4.458264160156250000e+01
1.540937500000000000e+02
1.911438293457031250e+02
1.620102691650390625e+02
4.021007156372070312e+01
2.014574279785156250e+02
3.199742126464843750e+02
1.683409423828125000e+02
8.738765716552734375e+00
4.271379089355468750e+01
1.041964874267578125e+02
1.739914550781250000e+02
1.034287166595458984e+01
4.301934051513671875e+01
1.583201599121093750e+02
1.801365661621093750e+02
1.053833389282226562e+01
4.827616500854492188e+01
3.853905487060546875e+01
1.638425445556640625e+02
4.806767654418945312e+01
1.555059204101562500e+02
3.638334045410156250e+02
1.690602416992187500e+02
2.177094268798828125e+01
6.582669830322265625e+01
1.212798461914062500e+02
1.759841461181640625e+02
6.124513149261474609e+00
2.227828598022460938e+01
7.902496337890625000e+01
1.815528411865234375e+02
1.260965633392333984e+01
4.158057022094726562e+01
-1.312808036804199219e+00
1.608605041503906250e+02
2.908538436889648438e+01
1.471800079345703125e+02
8.046884155273437500e+01
1.775227661132812500e+02
1.115940380096435547e+01
4.231932067871093750e+01
1.492356719970703125e+02
1.796060485839843750e+02
1.059000778198242188e+01
4.919292831420898438e+01
1.881408538818359375e+02
1.699143218994140625e+02
3.695379257202148438e+01
1.859302673339843750e+02
1.902197570800781250e+02
1.483835754394531250e+02
4.337209701538085938e+01
2.091522064208984375e+02
-3.739471435546875000e-01
1.859750518798828125e+02
2.635016822814941406e+01
1.163952941894531250e+02
0.000000000000000000e+00
0.000000000000000000e+00
0.000000000000000000e+00
0.000000000000000000e+00
