1.570610198974609375e+02
1.720132751464843750e+02
1.818102836608886719e+01
7.931243133544921875e+01
3.250394592285156250e+02
1.695539550781250000e+02
4.629772567749023438e+01
1.602007904052734375e+02
2.115905761718750000e+02
1.664983367919921875e+02
4.314015579223632812e+01
2.227696838378906250e+02
1.782873687744140625e+02
1.655437316894531250e+02
3.855409622192382812e+01
1.954832153320312500e+02
3.234789733886718750e+02
1.839982299804687500e+02
4.913681793212890625e+01
1.492197723388671875e+02
1.088902053833007812e+02
1.746467285156250000e+02
1.052234268188476562e+01
4.172541809082031250e+01
3.190004272460937500e+02
1.625224761962890625e+02
1.573887538909912109e+01
1.147025146484375000e+02
2.124218750000000000e+02
1.558959960937500000e+02
4.092118835449218750e+01
2.230661621093750000e+02
3.182476196289062500e+02
1.653972930908203125e+02
1.655275726318359375e+01
1.243807067871093750e+02
3.264127807617187500e+02
1.695284271240234375e+02
5.379988861083984375e+01
1.617081909179687500e+02
1.214595031738281250e+02
1.785002288818359375e+02
5.130291938781738281e+00
2.110228729248046875e+01
2.934547424316406250e+02
1.721713256835937500e+02
8.519743919372558594e+00
4.189041900634765625e+01
1.566342315673828125e+02
1.689772033691406250e+02
1.793115806579589844e+01
7.546922302246093750e+01
3.637473754882812500e+02
1.692911529541015625e+02
2.066094779968261719e+01
6.058215713500976562e+01
2.493885498046875000e+02
1.674428863525390625e+02
9.578338623046875000e+00
4.511489486694335938e+01
1.290326843261718750e+02
1.791004791259765625e+02
4.348190307617187500e+00
1.891259002685546875e+01
3.258958435058593750e+02
1.879075622558593750e+02
5.463095855712890625e+01
1.441234588623046875e+02
8.100157165527343750e+01
1.762413024902343750e+02
1.091903209686279297e+01
4.412342834472656250e+01
2.491556243896484375e+02
1.689800415039062500e+02
9.592412948608398438e+00
4.973255920410156250e+01
2.939971313476562500e+02
1.683462677001953125e+02
8.295082092285156250e+00
4.493891143798828125e+01
3.981163024902343750e+02
1.513652954101562500e+02
1.629156494140625000e+01
9.858345794677734375e+01
1.785016326904296875e+02
1.601581726074218750e+02
3.784300613403320312e+01
1.849135589599609375e+02
2.120231628417968750e+02
1.843674621582031250e+02
4.286629486083984375e+01
2.124261627197265625e+02
1.787890625000000000e+02
1.882557067871093750e+02
4.077099227905273438e+01
1.715306854248046875e+02
0.000000000000000000e+00
0.000000000000000000e+00
0.000000000000000000e+00
0.000000000000000000e+00
