1.164549865722656250e+02
1.659524078369140625e+02
3.791821670532226562e+01
1.565526733398437500e+02
1.682997436523437500e+02
1.710193786621093750e+02
2.197329139709472656e+01
1.009283905029296875e+02
1.685294189453125000e+02
1.824225616455078125e+02
2.223256301879882812e+01
8.831935882568359375e+01
1.163948898315429688e+02
1.636507568359375000e+02
3.753172302246093750e+01
1.483659820556640625e+02
1.470315856933593750e+02
1.692111968994140625e+02
2.128804206848144531e+01
1.259541702270507812e+02
2.052324371337890625e+02
1.680267639160156250e+02
8.986759185791015625e+00
3.557496261596679688e+01
2.669927978515625000e+02
1.757309875488281250e+02
8.579131126403808594e+00
3.500079345703125000e+01
3.641655883789062500e+02
1.685864868164062500e+02
2.297697448730468750e+01
6.454246520996093750e+01
1.465364227294921875e+02
1.722866973876953125e+02
2.250320243835449219e+01
9.224722290039062500e+01
2.019928283691406250e+02
1.675888214111328125e+02
9.570672988891601562e+00
3.776205825805664062e+01
2.663599243164062500e+02
1.723312835693359375e+02
9.151372909545898438e+00
3.620061874389648438e+01
2.157940063476562500e+02
1.733752746582031250e+02
9.081705093383789062e+00
2.972382926940917969e+01
1.827713623046875000e+02
1.740329742431640625e+02
1.189403724670410156e+01
4.289219284057617188e+01
1.059768295288085938e+02
1.769461669921875000e+02
8.988421440124511719e+00
3.961518859863281250e+01
9.410367584228515625e+01
1.795111999511718750e+02
9.437901496887207031e+00
3.803296279907226562e+01
0.000000000000000000e+00
0.000000000000000000e+00
0.000000000000000000e+00
0.000000000000000000e+00
