1.078102874755859375e+02
1.683058013916015625e+02
3.431558227539062500e+01
1.333946838378906250e+02
1.551815185546875000e+02
1.785656738281250000e+02
1.654044532775878906e+01
8.163855743408203125e+01
1.312794189453125000e+02
1.666322021484375000e+02
2.009233093261718750e+01
1.277411880493164062e+02
1.134400329589843750e+02
1.725246124267578125e+02
3.792879867553710938e+01
1.205079040527343750e+02
1.400027313232421875e+02
1.747417602539062500e+02
1.723724937438964844e+01
9.097904968261718750e+01
1.369429626464843750e+02
1.761062927246093750e+02
1.788844680786132812e+01
1.013926010131835938e+02
3.633802185058593750e+02
1.684024200439453125e+02
2.252659225463867188e+01
6.324874114990234375e+01
2.729689941406250000e+02
1.710348815917968750e+02
8.685407638549804688e+00
3.736869812011718750e+01
2.164687042236328125e+02
1.716132354736328125e+02
9.389163017272949219e+00
3.073726844787597656e+01
3.975852050781250000e+02
1.808754425048828125e+02
1.712503051757812500e+01
7.007773590087890625e+01
1.079528732299804688e+02
1.922001037597656250e+02
2.408128547668457031e+01
7.443163299560546875e+01
0.000000000000000000e+00
0.000000000000000000e+00
0.000000000000000000e+00
0.000000000000000000e+00
