1.961339263916015625e+02
1.677650451660156250e+02
2.070521926879882812e+01
9.334077453613281250e+01
2.404100494384765625e+02
1.713758697509765625e+02
2.524488449096679688e+01
9.792960357666015625e+01
3.497995910644531250e+02
1.634231567382812500e+02
5.957553863525390625e+01
2.384506072998046875e+02
2.171443176269531250e+02
1.702344512939453125e+02
2.550208663940429688e+01
9.502722930908203125e+01
1.380110626220703125e+02
1.774885864257812500e+02
9.368006706237792969e+00
3.853488159179687500e+01
3.473821105957031250e+02
1.595399627685546875e+02
6.282029724121093750e+01
2.625920104980468750e+02
1.536133270263671875e+02
1.723940734863281250e+02
7.997673034667968750e+00
3.606447982788085938e+01
1.981351165771484375e+02
1.687474060058593750e+02
2.199258613586425781e+01
9.259375000000000000e+01
2.447076416015625000e+02
1.666797790527343750e+02
2.428406143188476562e+01
1.060260848999023438e+02
1.259385223388671875e+02
1.753174438476562500e+02
7.826992511749267578e+00
3.090466308593750000e+01
3.373149108886718750e+02
1.618360290527343750e+02
7.710182952880859375e+01
2.432422943115234375e+02
2.403597259521484375e+02
1.725776519775390625e+02
2.465151405334472656e+01
1.057847061157226562e+02
1.414742736816406250e+02
1.762226715087890625e+02
8.570497512817382812e+00
3.763703155517578125e+01
1.190997390747070312e+02
1.744764404296875000e+02
8.014877319335937500e+00
3.137244033813476562e+01
3.614607543945312500e+02
1.607259674072265625e+02
5.372817611694335938e+01
2.406120300292968750e+02
1.534741821289062500e+02
1.756793060302734375e+02
8.762291908264160156e+00
3.462501907348632812e+01
8.781639862060546875e+01
1.764201354980468750e+02
1.278506660461425781e+01
4.327024459838867188e+01
7.985198974609375000e+01
1.847091369628906250e+02
1.285625553131103516e+01
3.728836822509765625e+01
1.260326080322265625e+02
1.783707580566406250e+02
7.928618907928466797e+00
2.896868515014648438e+01
3.553982543945312500e+02
1.767886962890625000e+02
4.722577285766601562e+01
1.765328979492187500e+02
0.000000000000000000e+00
0.000000000000000000e+00
0.000000000000000000e+00
0.000000000000000000e+00
