1.545655212402343750e+02
1.706919250488281250e+02
2.689363288879394531e+01
9.478653717041015625e+01
2.860996398925781250e+02
1.676204223632812500e+02
4.520495605468750000e+01
2.224199829101562500e+02
1.976609497070312500e+02
1.731154937744140625e+02
2.562501907348632812e+01
1.073799972534179688e+02
1.865485763549804688e+01
1.935769348144531250e+02
3.080983734130859375e+01
7.955406188964843750e+01
3.885931396484375000e+02
1.535434875488281250e+02
2.666649246215820312e+01
1.858637084960937500e+02
3.352851867675781250e+02
1.366855468750000000e+02
4.790416336059570312e+01
2.809388427734375000e+02
1.931621856689453125e+02
1.706721191406250000e+02
3.647057342529296875e+01
1.115697555541992188e+02
2.234959411621093750e+02
1.716978454589843750e+02
1.751642608642578125e+01
9.158163452148437500e+01
2.007957916259765625e+02
1.711094512939453125e+02
2.247467422485351562e+01
1.004671096801757812e+02
2.908211059570312500e+02
1.488852996826171875e+02
3.983845138549804688e+01
2.397731018066406250e+02
1.203469390869140625e+02
1.744738769531250000e+02
7.372872352600097656e+00
3.188300323486328125e+01
3.396925659179687500e+02
1.514523315429687500e+02
4.231983184814453125e+01
2.312524566650390625e+02
3.172282104492187500e+02
1.554961242675781250e+02
2.878355979919433594e+01
2.234111938476562500e+02
1.923660888671875000e+02
1.648515472412109375e+02
3.780610656738281250e+01
1.135055236816406250e+02
3.878114318847656250e+02
1.485651855468750000e+02
2.813923454284667969e+01
1.746756744384765625e+02
1.657171249389648438e+01
1.924770507812500000e+02
2.893435478210449219e+01
8.047996520996093750e+01
2.388315277099609375e+02
1.746778106689453125e+02
1.164995002746582031e+01
5.551269531250000000e+01
3.217239074707031250e+02
1.477606964111328125e+02
7.740545654296875000e+01
2.616488342285156250e+02
3.892879333496093750e+02
1.591933288574218750e+02
2.627068328857421875e+01
2.026407470703125000e+02
2.846162719726562500e+02
1.829723815917968750e+02
4.909286499023437500e+01
2.156337432861328125e+02
3.807203063964843750e+02
1.520637817382812500e+02
3.408951187133789062e+01
1.880590820312500000e+02
1.486438903808593750e+02
1.661786651611328125e+02
3.975055694580078125e+01
1.022583618164062500e+02
1.896996002197265625e+02
1.673900299072265625e+02
1.969228172302246094e+01
1.018890609741210938e+02
1.929926757812500000e+02
1.788208312988281250e+02
2.386814117431640625e+01
9.622687530517578125e+01
1.866993408203125000e+02
1.574055175781250000e+02
3.612183380126953125e+01
1.243072204589843750e+02
1.518319549560546875e+02
1.729182739257812500e+02
8.743868827819824219e+00
4.730498123168945312e+01
2.381911926269531250e+02
1.678547973632812500e+02
1.131517219543457031e+01
6.055937194824218750e+01
3.252594604492187500e+02
1.552184143066406250e+02
3.505901718139648438e+01
2.466381378173828125e+02
1.881094970703125000e+02
1.702667388916015625e+02
3.583028793334960938e+01
1.121340255737304688e+02
7.990608978271484375e+01
1.782564392089843750e+02
1.164224624633789062e+01
4.039067840576171875e+01
0.000000000000000000e+00
0.000000000000000000e+00
0.000000000000000000e+00
0.000000000000000000e+00
