1.153988494873046875e+02
1.560715026855468750e+02
3.337200546264648438e+01
1.408845825195312500e+02
1.138543701171875000e+02
1.515569458007812500e+02
3.647216415405273438e+01
1.404282073974609375e+02
7.528009033203125000e+01
1.665024566650390625e+02
2.446745491027832031e+01
1.199563980102539062e+02
5.242996215820312500e-01
1.679295959472656250e+02
3.866827392578125000e+01
1.403599090576171875e+02
-1.067810058593750000e-01
1.705759887695312500e+02
4.034181213378906250e+01
1.429003601074218750e+02
4.017922592163085938e+01
1.657521667480468750e+02
3.969007110595703125e+01
1.446538696289062500e+02
2.038034362792968750e+02
1.685062561035156250e+02
3.676807022094726562e+01
1.866106567382812500e+02
4.126966094970703125e+01
1.721195068359375000e+02
3.930984115600585938e+01
1.401383819580078125e+02
2.333123016357421875e+02
1.653834838867187500e+02
5.227498245239257812e+01
2.243024902343750000e+02
1.586090850830078125e+02
1.807739868164062500e+02
9.064841270446777344e+00
4.709763717651367188e+01
2.359305267333984375e+02
1.628195800781250000e+02
5.148521041870117188e+01
2.075924835205078125e+02
2.068498992919921875e+02
1.627821350097656250e+02
3.766256332397460938e+01
1.984987945556640625e+02
7.485064697265625000e+01
1.691046905517578125e+02
2.451756858825683594e+01
1.051165161132812500e+02
2.040095214843750000e+02
1.630558319091796875e+02
3.570246887207031250e+01
1.805590209960937500e+02
1.497914886474609375e+02
1.828521270751953125e+02
8.936804771423339844e+00
4.261594390869140625e+01
4.702115631103515625e+01
1.721281738281250000e+02
3.679529190063476562e+01
1.400070953369140625e+02
1.077496032714843750e+02
1.580458068847656250e+02
3.812157440185546875e+01
1.371418914794921875e+02
2.316324005126953125e+02
1.677393798828125000e+02
4.455440521240234375e+01
2.202792816162109375e+02
7.135269165039062500e+01
1.643489379882812500e+02
3.171304321289062500e+01
1.248069305419921875e+02
3.631362915039062500e+02
1.673209686279296875e+02
2.280725288391113281e+01
6.447506713867187500e+01
4.555880737304687500e+01
1.642974700927734375e+02
4.288833618164062500e+01
1.436238098144531250e+02
1.012241439819335938e+02
1.726011657714843750e+02
1.131528568267822266e+01
4.626012420654296875e+01
3.980132141113281250e+02
1.816681060791015625e+02
1.661936950683593750e+01
6.977811431884765625e+01
2.069626617431640625e+02
1.553062133789062500e+02
3.738681793212890625e+01
1.949886932373046875e+02
1.415276336669921875e+02
1.829671478271484375e+02
9.824972152709960938e+00
4.256655883789062500e+01
0.000000000000000000e+00
0.000000000000000000e+00
0.000000000000000000e+00
0.000000000000000000e+00
