2.855014648437500000e+02
1.622029724121093750e+02
2.730470466613769531e+01
1.071380157470703125e+02
3.600942687988281250e+02
1.723206176757812500e+02
4.229298019409179688e+01
1.749964599609375000e+02
3.589651184082031250e+02
1.668377380371093750e+02
4.321911621093750000e+01
1.674612884521484375e+02
1.703648681640625000e+02
1.774897003173828125e+02
1.732003593444824219e+01
7.812427520751953125e+01
1.585558319091796875e+02
1.813519287109375000e+02
1.153243446350097656e+01
4.717230224609375000e+01
2.802902221679687500e+02
1.614521942138671875e+02
3.552862930297851562e+01
1.087222595214843750e+02
1.083464508056640625e+02
1.755216217041015625e+02
1.075542640686035156e+01
4.124798965454101562e+01
3.620283203125000000e+02
1.653955383300781250e+02
4.640974044799804688e+01
1.910001220703125000e+02
2.559116058349609375e+02
1.687867126464843750e+02
8.602030754089355469e+00
4.314395904541015625e+01
3.518582153320312500e+02
1.569169464111328125e+02
1.806999969482421875e+01
9.351181793212890625e+01
3.599864807128906250e+02
1.633343353271484375e+02
5.064849472045898438e+01
1.769104919433593750e+02
2.555839996337890625e+02
1.733188781738281250e+02
9.326322555541992188e+00
3.993128585815429688e+01
2.147219543457031250e+02
1.528841705322265625e+02
4.218354034423828125e+01
2.282810363769531250e+02
1.875379333496093750e+02
1.645615539550781250e+02
3.484664535522460938e+01
1.949574127197265625e+02
1.212275314331054688e+02
1.775233154296875000e+02
5.754088878631591797e+00
2.160644149780273438e+01
2.146195373535156250e+02
1.591020202636718750e+02
4.297494506835937500e+01
2.338732757568359375e+02
1.638290405273437500e+02
1.786199951171875000e+02
1.818850326538085938e+01
6.771751403808593750e+01
-9.299640655517578125e-01
1.538639221191406250e+02
2.449686622619628906e+01
1.873926391601562500e+02
1.495798034667968750e+02
1.809172668457031250e+02
1.054581546783447266e+01
4.753548812866210938e+01
8.033080291748046875e+01
1.772162628173828125e+02
1.165162181854248047e+01
4.196133041381835938e+01
1.595029754638671875e+02
1.888439331054687500e+02
1.050969696044921875e+01
4.388824081420898438e+01
3.497705078125000000e+02
1.622314910888671875e+02
2.128940582275390625e+01
1.430625305175781250e+02
-6.437463760375976562e-01
1.776304626464843750e+02
1.895421981811523438e+01
1.414821319580078125e+02
1.867726135253906250e+02
1.641444549560546875e+02
3.578366470336914062e+01
1.745552673339843750e+02
2.258894958496093750e+02
1.885449218750000000e+02
4.484825515747070312e+01
1.519396514892578125e+02
3.467780761718750000e+02
1.589464416503906250e+02
2.749480247497558594e+01
1.493499298095703125e+02
3.517242736816406250e+02
1.649314270019531250e+02
1.896515655517578125e+01
9.431962585449218750e+01
0.000000000000000000e+00
0.000000000000000000e+00
0.000000000000000000e+00
0.000000000000000000e+00
