3.097548522949218750e+02
1.563990173339843750e+02
3.211885452270507812e+01
1.512046508789062500e+02
1.240936203002929688e+02
1.729868469238281250e+02
2.407035636901855469e+01
9.576006317138671875e+01
9.503668975830078125e+01
1.755561981201171875e+02
2.761464309692382812e+01
1.025921554565429688e+02
3.302412719726562500e+02
1.645373229980468750e+02
3.480995559692382812e+01
1.354651336669921875e+02
9.099096679687500000e+01
1.713380584716796875e+02
3.551852798461914062e+01
1.100946655273437500e+02
1.577202453613281250e+02
1.800649108886718750e+02
8.876604080200195312e+00
4.448844909667968750e+01
3.346316528320312500e+02
1.742822875976562500e+02
2.725378990173339844e+01
1.183021163940429688e+02
3.001912536621093750e+02
1.656095733642578125e+02
1.240731430053710938e+01
4.903372573852539062e+01
1.241181259155273438e+02
1.803390197753906250e+02
2.253282546997070312e+01
9.133810424804687500e+01
1.577592163085937500e+02
1.776870422363281250e+02
9.174619674682617188e+00
4.204038238525390625e+01
2.722283325195312500e+02
1.689817352294921875e+02
7.913952350616455078e+00
4.007540893554687500e+01
3.090849914550781250e+02
1.541305541992187500e+02
3.474454498291015625e+01
1.357838287353515625e+02
8.872684478759765625e+01
1.688131713867187500e+02
3.819326782226562500e+01
1.074408721923828125e+02
3.108359069824218750e+02
1.663158569335937500e+02
2.663034820556640625e+01
1.311177978515625000e+02
3.656751098632812500e+02
1.676909179687500000e+02
2.087933731079101562e+01
6.002463150024414062e+01
3.002600097656250000e+02
1.703884124755859375e+02
1.265727996826171875e+01
4.638616943359375000e+01
0.000000000000000000e+00
0.000000000000000000e+00
0.000000000000000000e+00
0.000000000000000000e+00
