2.360637512207031250e+02
1.647038269042968750e+02
2.224658203125000000e+01
9.995404815673828125e+01
2.629967956542968750e+02
1.679731597900390625e+02
2.479338645935058594e+01
1.034823303222656250e+02
2.164902954101562500e+02
1.718075866699218750e+02
2.040187454223632812e+01
8.390687561035156250e+01
1.352011413574218750e+02
1.768699951171875000e+02
8.141889572143554688e+00
3.657835388183593750e+01
2.597808227539062500e+02
1.713785400390625000e+02
1.852853965759277344e+01
9.305706787109375000e+01
1.561518859863281250e+02
1.727631835937500000e+02
9.759125709533691406e+00
4.128720855712890625e+01
1.263641510009765625e+02
1.777231140136718750e+02
7.844544410705566406e+00
3.078634452819824219e+01
2.640414428710937500e+02
1.770502624511718750e+02
2.250535583496093750e+01
9.716600036621093750e+01
1.186020126342773438e+02
1.781513214111328125e+02
8.853939056396484375e+00
2.989352798461914062e+01
1.185488662719726562e+02
1.745246429443359375e+02
9.357354164123535156e+00
3.199198722839355469e+01
1.441741485595703125e+02
1.769230651855468750e+02
7.670575141906738281e+00
3.615631866455078125e+01
7.902781677246093750e+01
1.826727447509765625e+02
1.298368453979492188e+01
4.051268386840820312e+01
2.170685729980468750e+02
1.657053833007812500e+02
1.964609146118164062e+01
7.841228485107421875e+01
1.560685729980468750e+02
1.716693267822265625e+02
9.967325210571289062e+00
3.916489410400390625e+01
1.536674652099609375e+02
1.762947082519531250e+02
7.316225528717041016e+00
3.520425796508789062e+01
0.000000000000000000e+00
0.000000000000000000e+00
0.000000000000000000e+00
0.000000000000000000e+00
