1.446637878417968750e+02
1.651197509765625000e+02
2.123900413513183594e+01
1.065969848632812500e+02
1.828091430664062500e+02
1.711389770507812500e+02
2.139865493774414062e+01
1.133371429443359375e+02
2.055527648925781250e+02
1.729602661132812500e+02
3.077621269226074219e+01
9.049350738525390625e+01
2.676517944335937500e+02
1.625547485351562500e+02
4.551931762695312500e+01
2.315512237548828125e+02
3.591108093261718750e+02
1.582729492187500000e+02
3.515184020996093750e+01
1.491174774169921875e+02
2.624013366699218750e+02
1.606691284179687500e+02
4.738614273071289062e+01
2.326711425781250000e+02
3.581105651855468750e+02
1.587536468505859375e+02
3.624085235595703125e+01
1.772005004882812500e+02
2.989469604492187500e+02
1.584279479980468750e+02
7.957400512695312500e+01
2.460788421630859375e+02
3.189133911132812500e+02
1.501147613525390625e+02
4.956084060668945312e+01
2.600513000488281250e+02
5.422011947631835938e+01
1.846745910644531250e+02
2.710192298889160156e+01
8.559495544433593750e+01
2.713772888183593750e+02
1.590050811767578125e+02
4.058351898193359375e+01
2.193554382324218750e+02
1.779703674316406250e+02
1.808023986816406250e+02
2.630895805358886719e+01
9.366755676269531250e+01
1.844233856201171875e+02
1.721445617675781250e+02
2.111285018920898438e+01
9.841860198974609375e+01
3.010684814453125000e+02
1.575514526367187500e+02
3.037493133544921875e+01
2.170756072998046875e+02
2.354992828369140625e+02
1.646135253906250000e+02
1.322489547729492188e+01
6.598561096191406250e+01
1.199168319702148438e+02
1.755315704345703125e+02
8.288918495178222656e+00
2.882944488525390625e+01
2.319757843017578125e+02
1.684885711669921875e+02
1.952397918701171875e+01
5.775678634643554688e+01
2.540393371582031250e+02
1.710387573242187500e+02
8.619338989257812500e+00
3.338163757324218750e+01
1.446391601562500000e+02
1.760082397460937500e+02
2.029451751708984375e+01
9.928031921386718750e+01
2.065583953857421875e+02
1.910955200195312500e+02
2.784070587158203125e+01
7.087266540527343750e+01
5.600420379638671875e+01
1.831799926757812500e+02
2.497670364379882812e+01
7.614665222167968750e+01
2.659220275878906250e+02
1.599193420410156250e+02
4.107836914062500000e+01
2.182668457031250000e+02
3.059150390625000000e+02
1.617426757812500000e+02
3.886524200439453125e+01
2.383904266357421875e+02
1.148945617675781250e+02
1.778261108398437500e+02
5.446334838867187500e+00
2.358840751647949219e+01
7.968862152099609375e+01
1.840552062988281250e+02
1.204898452758789062e+01
3.746404266357421875e+01
1.211475906372070312e+02
1.782357482910156250e+02
5.765318393707275391e+00
2.274068069458007812e+01
2.362668914794921875e+02
1.757986755371093750e+02
1.362954235076904297e+01
5.288775634765625000e+01
0.000000000000000000e+00
0.000000000000000000e+00
0.000000000000000000e+00
0.000000000000000000e+00
