7.099513244628906250e+01
1.676516113281250000e+02
3.377888870239257812e+01
1.387631683349609375e+02
2.614959144592285156e+01
1.679057006835937500e+02
4.060594558715820312e+01
1.343175354003906250e+02
1.302492370605468750e+02
1.551934661865234375e+02
3.431977844238281250e+01
1.297121887207031250e+02
2.698006057739257812e+01
1.693036651611328125e+02
4.533946990966796875e+01
1.323804931640625000e+02
2.308539428710937500e+02
1.589062957763671875e+02
5.652410507202148438e+01
2.345850524902343750e+02
2.313600616455078125e+02
1.684249572753906250e+02
4.450627899169921875e+01
2.169018402099609375e+02
1.559434051513671875e+02
1.727317810058593750e+02
1.048199939727783203e+01
6.370365142822265625e+01
2.095711364746093750e+02
1.632506256103515625e+02
3.202694702148437500e+01
1.967070617675781250e+02
2.091484832763671875e+02
1.601390380859375000e+02
3.308398818969726562e+01
1.823102569580078125e+02
1.300557098388671875e+02
1.668482666015625000e+02
3.591688156127929688e+01
1.185663223266601562e+02
2.332944793701171875e+02
1.584025268554687500e+02
5.778164672851562500e+01
2.184601287841796875e+02
1.011491470336914062e+02
1.724183197021484375e+02
1.839339637756347656e+01
1.115304641723632812e+02
1.042946395874023438e+02
1.719905853271484375e+02
1.976254081726074219e+01
1.103888015747070312e+02
3.629872741699218750e+02
1.675937805175781250e+02
2.235395240783691406e+01
6.600958251953125000e+01
2.042680511474609375e+02
1.592023620605468750e+02
3.630015182495117188e+01
1.843633117675781250e+02
1.365163726806640625e+02
1.725214843750000000e+02
2.544901847839355469e+01
1.088157806396484375e+02
7.003699493408203125e+01
1.744499816894531250e+02
3.440449142456054688e+01
1.327864532470703125e+02
2.064300231933593750e+02
1.641251525878906250e+02
3.243892288208007812e+01
1.949647216796875000e+02
1.943195800781250000e+02
1.687696838378906250e+02
1.548294258117675781e+01
6.692057037353515625e+01
1.398758239746093750e+02
1.629126892089843750e+02
2.165545463562011719e+01
1.110117645263671875e+02
1.243195419311523438e+02
1.541602020263671875e+02
3.567082214355468750e+01
1.299511718750000000e+02
2.750858879089355469e+01
1.763539733886718750e+02
3.821414566040039062e+01
1.294298248291015625e+02
7.543375396728515625e+01
1.771475524902343750e+02
2.480184555053710938e+01
1.168522262573242188e+02
1.963684082031250000e+02
1.672598266601562500e+02
1.129434967041015625e+01
7.241101837158203125e+01
2.700538940429687500e+02
1.717255706787109375e+02
8.206167221069335938e+00
3.392913436889648438e+01
1.220351257324218750e+02
1.776144866943359375e+02
4.999553680419921875e+00
1.977420234680175781e+01
3.977629699707031250e+02
1.806317291259765625e+02
1.680031967163085938e+01
7.040714263916015625e+01
1.278072509765625000e+02
1.783968658447265625e+02
5.506133556365966797e+00
1.761360931396484375e+01
2.300600738525390625e+02
1.590483703613281250e+02
4.510400772094726562e+01
2.192624664306640625e+02
9.993182373046875000e+01
1.732106018066406250e+02
1.945919036865234375e+01
9.603825378417968750e+01
1.207778625488281250e+02
1.670891571044921875e+02
4.131277084350585938e+01
1.196145019531250000e+02
2.753113174438476562e+01
1.750884704589843750e+02
4.528853607177734375e+01
1.324601135253906250e+02
1.960729980468750000e+02
1.693600006103515625e+02
1.158381938934326172e+01
5.683532714843750000e+01
3.988556518554687500e+02
1.523825378417968750e+02
1.583235931396484375e+01
9.727265167236328125e+01
0.000000000000000000e+00
0.000000000000000000e+00
0.000000000000000000e+00
0.000000000000000000e+00
