1.516200866699218750e+02
1.669224548339843750e+02
2.544971084594726562e+01
9.878639221191406250e+01
3.774423828125000000e+02
1.576629638671875000e+02
3.569641876220703125e+01
1.847239074707031250e+02
2.800852775573730469e+01
1.885137176513671875e+02
3.144218826293945312e+01
8.609262847900390625e+01
3.770636901855468750e+02
1.611755065917968750e+02
3.634059524536132812e+01
1.969384918212890625e+02
1.922213287353515625e+02
1.754371795654296875e+02
2.578720474243164062e+01
1.015493850708007812e+02
1.866931304931640625e+02
1.574013824462890625e+02
3.532219314575195312e+01
1.251500167846679688e+02
2.802109680175781250e+02
1.649670867919921875e+02
4.335240936279296875e+01
2.244961853027343750e+02
3.136640319824218750e+02
1.582241363525390625e+02
3.133619880676269531e+01
2.141993103027343750e+02
1.957032318115234375e+02
1.757935485839843750e+02
2.786606597900390625e+01
1.023661804199218750e+02
1.896247100830078125e+02
1.642430114746093750e+02
2.184699630737304688e+01
1.113371963500976562e+02
2.201013183593750000e+02
1.713617706298828125e+02
1.663327026367187500e+01
9.147091674804687500e+01
2.842390136718750000e+02
1.648670196533203125e+02
4.455188369750976562e+01
2.233943176269531250e+02
3.780542907714843750e+02
1.496490783691406250e+02
3.509642028808593750e+01
1.717841033935546875e+02
1.914849395751953125e+02
1.709400024414062500e+02
3.700616073608398438e+01
1.103183975219726562e+02
3.321808776855468750e+02
1.540886840820312500e+02
5.359937667846679688e+01
2.445847320556640625e+02
3.360057373046875000e+02
1.518194885253906250e+02
4.652822875976562500e+01
2.297768096923828125e+02
2.867475585937500000e+02
1.477682495117187500e+02
4.260046005249023438e+01
2.408452148437500000e+02
1.877362518310546875e+02
1.695543518066406250e+02
3.573559570312500000e+01
1.125227432250976562e+02
2.821570739746093750e+02
1.560727539062500000e+02
3.982743072509765625e+01
2.256500396728515625e+02
1.908684844970703125e+02
1.637333068847656250e+02
3.815143203735351562e+01
1.147727050781250000e+02
1.209918060302734375e+02
1.750915985107421875e+02
6.946471691131591797e+00
3.077604484558105469e+01
3.137940979003906250e+02
1.562827453613281250e+02
3.088708877563476562e+01
1.876031494140625000e+02
3.195492248535156250e+02
1.520740356445312500e+02
7.948355865478515625e+01
2.513200225830078125e+02
1.468586730957031250e+02
1.617623901367187500e+02
3.757090759277343750e+01
1.082587127685546875e+02
2.291406059265136719e+01
1.868973846435546875e+02
4.244234848022460938e+01
9.193607330322265625e+01
8.715945434570312500e+01
1.764909362792968750e+02
1.055548763275146484e+01
4.347285842895507812e+01
7.908570098876953125e+01
1.823271331787109375e+02
1.248945522308349609e+01
4.003215408325195312e+01
7.970794677734375000e+01
1.783673706054687500e+02
1.179467391967773438e+01
4.037615966796875000e+01
3.250447692871093750e+02
1.499942626953125000e+02
3.791129302978515625e+01
2.340301055908203125e+02
2.000300903320312500e+02
1.719550781250000000e+02
2.393502426147460938e+01
9.614436340332031250e+01
3.230673217773437500e+02
1.556186981201171875e+02
4.209473800659179688e+01
2.422413635253906250e+02
1.148236007690429688e+02
1.751893920898437500e+02
6.917419433593750000e+00
3.065640449523925781e+01
0.000000000000000000e+00
0.000000000000000000e+00
0.000000000000000000e+00
0.000000000000000000e+00
