2.756420288085937500e+02
1.690076751708984375e+02
1.843368148803710938e+01
9.315843963623046875e+01
1.733503723144531250e+02
1.718654937744140625e+02
1.752424430847167969e+01
8.296247100830078125e+01
3.779761962890625000e+02
1.680191345214843750e+02
3.862332916259765625e+01
1.872968597412109375e+02
2.212083282470703125e+02
1.642780151367187500e+02
4.708630752563476562e+01
2.245976104736328125e+02
5.428022384643554688e+00
1.543859558105468750e+02
3.776062011718750000e+01
1.638580474853515625e+02
3.775637512207031250e+02
1.596992492675781250e+02
3.803670120239257812e+01
1.815211486816406250e+02
1.574378509521484375e+02
1.798237762451171875e+02
1.166514015197753906e+01
4.988030242919921875e+01
3.857688903808593750e+02
1.635971221923828125e+02
3.134550094604492188e+01
1.956880187988281250e+02
5.048324584960937500e+00
1.600213775634765625e+02
4.161248779296875000e+01
1.670217285156250000e+02
1.075089111328125000e+02
1.763115539550781250e+02
1.103904628753662109e+01
4.034346771240234375e+01
1.860839843750000000e+02
1.660505981445312500e+02
3.773076629638671875e+01
1.934448699951171875e+02
2.238804931640625000e+02
1.678882598876953125e+02
4.568968200683593750e+01
1.967184753417968750e+02
3.853872985839843750e+02
1.552973327636718750e+02
3.198660850524902344e+01
1.934887847900390625e+02
3.618619995117187500e+02
1.570286254882812500e+02
3.177415275573730469e+01
1.581923675537109375e+02
1.048559417724609375e+02
1.750252838134765625e+02
1.082645606994628906e+01
4.230216598510742188e+01
2.581892700195312500e+02
1.714778747558593750e+02
9.838199615478515625e+00
4.324100875854492188e+01
3.598542175292968750e+02
1.566434326171875000e+02
3.432909393310546875e+01
1.745393829345703125e+02
2.580018005371093750e+02
1.698134918212890625e+02
9.302435874938964844e+00
4.150292587280273438e+01
7.909525299072265625e+01
1.805060119628906250e+02
1.233704662322998047e+01
4.251115417480468750e+01
3.031223144531250000e+02
1.668690948486328125e+02
1.196773338317871094e+01
4.446129608154296875e+01
7.964833068847656250e+01
1.783305358886718750e+02
1.199931240081787109e+01
3.994021606445312500e+01
2.596499328613281250e+02
1.730915069580078125e+02
9.592177391052246094e+00
3.995533370971679688e+01
1.722335052490234375e+02
1.690240020751953125e+02
1.823204612731933594e+01
7.445433807373046875e+01
1.853524475097656250e+02
1.586957702636718750e+02
3.696730804443359375e+01
1.868577575683593750e+02
2.602852783203125000e+02
1.700889892578125000e+02
8.853229522705078125e+00
4.083357238769531250e+01
1.903603057861328125e+02
1.618143615722656250e+02
3.982452774047851562e+01
2.044413452148437500e+02
3.648905029296875000e+02
1.616465301513671875e+02
2.474168205261230469e+01
1.029931030273437500e+02
0.000000000000000000e+00
0.000000000000000000e+00
0.000000000000000000e+00
0.000000000000000000e+00
