1.554653320312500000e+02
1.777083129882812500e+02
1.693131256103515625e+01
8.425732421875000000e+01
1.093928604125976562e+02
1.683881530761718750e+02
3.189217567443847656e+01
1.321080627441406250e+02
1.394813690185546875e+02
1.732606201171875000e+02
1.824010467529296875e+01
9.497245788574218750e+01
1.306828155517578125e+02
1.653695068359375000e+02
1.918134498596191406e+01
1.318128967285156250e+02
1.138782882690429688e+02
1.708488006591796875e+02
3.682344055175781250e+01
1.237266464233398438e+02
2.161041870117187500e+02
1.715083160400390625e+02
1.044499301910400391e+01
3.145509910583496094e+01
1.377333984375000000e+02
1.773522796630859375e+02
1.762499427795410156e+01
9.893637847900390625e+01
3.625922546386718750e+02
1.669505615234375000e+02
2.317685699462890625e+01
6.529974365234375000e+01
1.073744506835937500e+02
1.893310546875000000e+02
2.348936462402343750e+01
8.146795654296875000e+01
2.730824279785156250e+02
1.711122589111328125e+02
8.499448776245117188e+00
3.691400909423828125e+01
1.553357696533203125e+02
1.898025970458984375e+02
1.712175369262695312e+01
7.174536132812500000e+01
3.980648498535156250e+02
1.477941894531250000e+02
1.634560012817382812e+01
1.037672271728515625e+02
2.014604492187500000e+02
1.680742950439453125e+02
8.149442672729492188e+00
3.519087600708007812e+01
0.000000000000000000e+00
0.000000000000000000e+00
0.000000000000000000e+00
0.000000000000000000e+00
