1.338922424316406250e+02
1.548866271972656250e+02
3.398670959472656250e+01
1.330937347412109375e+02
3.679125976562500000e+01
1.668885803222656250e+02
3.658755111694335938e+01
1.352845153808593750e+02
1.340113220214843750e+02
1.663956451416015625e+02
3.349760437011718750e+01
1.179774475097656250e+02
1.380144653320312500e+02
1.690347900390625000e+02
2.897005653381347656e+01
1.140648880004882812e+02
2.296116943359375000e+02
1.621469573974609375e+02
4.762841415405273438e+01
2.288934020996093750e+02
2.315911254882812500e+02
1.578990173339843750e+02
5.361603927612304688e+01
2.375573272705078125e+02
1.080347824096679688e+02
1.724306640625000000e+02
2.503562545776367188e+01
1.096709365844726562e+02
2.098410186767578125e+02
1.646795043945312500e+02
3.124497795104980469e+01
1.956894989013671875e+02
8.702371978759765625e+01
1.684687652587890625e+02
2.245524978637695312e+01
1.273130874633789062e+02
7.853734588623046875e+01
1.651179962158203125e+02
3.088382530212402344e+01
1.393236694335937500e+02
3.620611953735351562e+01
1.753123779296875000e+02
3.821323394775390625e+01
1.320496673583984375e+02
8.405973815917968750e+01
1.632463378906250000e+02
3.045531845092773438e+01
1.383744812011718750e+02
2.096640319824218750e+02
1.594217834472656250e+02
3.258559799194335938e+01
1.844753112792968750e+02
2.069279327392578125e+02
1.666059570312500000e+02
3.156803321838378906e+01
1.918048095703125000e+02
1.927104949951171875e+02
1.680066680908203125e+02
1.538319110870361328e+01
6.814299774169921875e+01
1.076753387451171875e+02
1.718983459472656250e+02
2.254279708862304688e+01
9.605650329589843750e+01
2.692538146972656250e+02
1.716690979003906250e+02
8.355179786682128906e+00
3.513491058349609375e+01
1.562533721923828125e+02
1.727261352539062500e+02
9.208447456359863281e+00
6.367185974121093750e+01
3.627171020507812500e+02
1.673725585937500000e+02
2.329508399963378906e+01
6.572503662109375000e+01
2.279320373535156250e+02
1.545040893554687500e+02
4.881629562377929688e+01
2.275890502929687500e+02
1.027557296752929688e+02
1.661466979980468750e+02
3.530400466918945312e+01
1.223200683593750000e+02
2.046655578613281250e+02
1.637268371582031250e+02
3.503302383422851562e+01
1.762774200439453125e+02
2.365675811767578125e+02
1.658737792968750000e+02
5.063539505004882812e+01
2.013925933837890625e+02
1.377305755615234375e+02
1.666589965820312500e+02
2.791018104553222656e+01
1.058648452758789062e+02
8.198669433593750000e+01
1.727530822753906250e+02
2.547962188720703125e+01
1.236529312133789062e+02
1.247963409423828125e+02
1.892067718505859375e+02
1.266687011718750000e+01
4.762578964233398438e+01
7.888420104980468750e+01
1.797818450927734375e+02
1.436533069610595703e+01
5.199700546264648438e+01
3.985661010742187500e+02
1.487785644531250000e+02
1.628189086914062500e+01
1.031242141723632812e+02
8.664236450195312500e+01
1.859865722656250000e+02
2.098602104187011719e+01
1.129462432861328125e+02
3.975816345214843750e+02
1.800979919433593750e+02
1.723584365844726562e+01
7.112623596191406250e+01
1.929599761962890625e+02
1.657796325683593750e+02
9.599149703979492188e+00
7.550512695312500000e+01
8.204850769042968750e+01
1.798365020751953125e+02
9.089235305786132812e+00
1.742904281616210938e+01
0.000000000000000000e+00
0.000000000000000000e+00
0.000000000000000000e+00
0.000000000000000000e+00
