3.212250061035156250e+02
1.562346191406250000e+02
4.093672561645507812e+01
1.585220489501953125e+02
1.247036361694335938e+02
1.698630065917968750e+02
2.635987663269042969e+01
1.031657867431640625e+02
1.246342086791992188e+02
1.765082855224609375e+02
2.685782814025878906e+01
9.832723236083984375e+01
1.018940887451171875e+02
1.712727050781250000e+02
2.465094757080078125e+01
1.118498611450195312e+02
9.303298950195312500e+01
1.701748962402343750e+02
3.458147048950195312e+01
1.143817062377929688e+02
3.197165222167968750e+02
1.685285339355468750e+02
4.748504638671875000e+01
1.473739318847656250e+02
1.567929077148437500e+02
1.760282440185546875e+02
9.981407165527343750e+00
4.437461090087890625e+01
3.450570678710937500e+02
1.604919738769531250e+02
3.842804718017578125e+01
1.465722045898437500e+02
3.519402465820312500e+02
1.622380828857421875e+02
3.597109222412109375e+01
1.412704162597656250e+02
2.711080322265625000e+02
1.701614990234375000e+02
8.332133293151855469e+00
3.823561859130859375e+01
3.026138305664062500e+02
1.617022094726562500e+02
1.086995410919189453e+01
5.606526947021484375e+01
1.567054443359375000e+02
1.786942901611328125e+02
8.971738815307617188e+00
4.556686019897460938e+01
9.719049835205078125e+01
1.693054809570312500e+02
3.455685424804687500e+01
1.147504730224609375e+02
2.360577545166015625e+02
1.705853729248046875e+02
1.105939769744873047e+01
4.698978424072265625e+01
2.367575683593750000e+02
1.681282653808593750e+02
1.073601531982421875e+01
4.486870574951171875e+01
3.167231445312500000e+02
1.585246887207031250e+02
3.699465942382812500e+01
1.485422058105468750e+02
3.046873474121093750e+02
1.711502685546875000e+02
1.075159263610839844e+01
4.564097595214843750e+01
0.000000000000000000e+00
0.000000000000000000e+00
0.000000000000000000e+00
0.000000000000000000e+00
