1.460201110839843750e+02
1.658967590332031250e+02
2.152030754089355469e+01
1.257897720336914062e+02
1.157894897460937500e+02
1.675820770263671875e+02
3.697336578369140625e+01
1.503584899902343750e+02
1.664162445068359375e+02
1.738176879882812500e+02
1.805533409118652344e+01
9.450107574462890625e+01
1.144355926513671875e+02
1.647229919433593750e+02
3.730725097656250000e+01
1.454742889404296875e+02
2.686478576660156250e+02
1.702829742431640625e+02
9.123432159423828125e+00
3.919067764282226562e+01
1.668732147216796875e+02
1.737744445800781250e+02
2.022357177734375000e+01
9.271321105957031250e+01
1.467184600830078125e+02
1.706110839843750000e+02
2.040125274658203125e+01
1.005282287597656250e+02
1.637253723144531250e+02
1.745005340576171875e+02
1.939002037048339844e+01
1.045769958496093750e+02
3.637181091308593750e+02
1.691447601318359375e+02
2.386779594421386719e+01
5.861161041259765625e+01
2.357718505859375000e+02
1.721411590576171875e+02
1.101910305023193359e+01
4.504896926879882812e+01
2.015978698730468750e+02
1.675932159423828125e+02
8.788311958312988281e+00
3.721502304077148438e+01
1.663882141113281250e+02
1.840762786865234375e+02
2.087586975097656250e+01
8.379665374755859375e+01
2.169162750244140625e+02
1.751277008056640625e+02
6.473421096801757812e+00
2.360555267333984375e+01
2.366897430419921875e+02
1.687243804931640625e+02
1.054067230224609375e+01
4.270841598510742188e+01
0.000000000000000000e+00
0.000000000000000000e+00
0.000000000000000000e+00
0.000000000000000000e+00
