1.257624206542968750e+02
1.594479827880859375e+02
2.002663612365722656e+01
1.186132888793945312e+02
1.540629577636718750e+02
1.651277923583984375e+02
2.192838287353515625e+01
1.212974929809570312e+02
3.181252441406250000e+02
1.677883605957031250e+02
2.509608078002929688e+01
1.334790802001953125e+02
3.164748229980468750e+02
1.645279846191406250e+02
2.937620162963867188e+01
1.387714080810546875e+02
2.404797210693359375e+02
1.674144287109375000e+02
4.375252151489257812e+01
2.170629119873046875e+02
2.403856353759765625e+02
1.562623291015625000e+02
4.109287261962890625e+01
2.230211791992187500e+02
1.776208648681640625e+02
1.674751281738281250e+02
2.273272705078125000e+01
1.030647964477539062e+02
2.760879821777343750e+02
1.666721954345703125e+02
4.761269760131835938e+01
2.272203063964843750e+02
1.261389160156250000e+02
1.747839813232421875e+02
1.872030830383300781e+01
1.027099990844726562e+02
1.540917205810546875e+02
1.661735076904296875e+02
2.277598190307617188e+01
1.114897994995117188e+02
1.277769851684570312e+01
1.384831085205078125e+02
9.156838226318359375e+01
2.810010070800781250e+02
3.645440063476562500e+02
1.683735046386718750e+02
2.039384078979492188e+01
6.090606689453125000e+01
2.571575927734375000e+02
1.572266693115234375e+02
8.047448730468750000e+01
2.520404357910156250e+02
1.171340942382812500e+01
1.891031646728515625e+02
9.077641296386718750e+01
2.173403015136718750e+02
3.152635192871093750e+02
1.685033569335937500e+02
2.994142723083496094e+01
1.461906890869140625e+02
2.804039916992187500e+02
1.699266662597656250e+02
4.109466934204101562e+01
1.927735137939453125e+02
2.733769836425781250e+02
1.880292510986328125e+02
5.140492630004882812e+01
2.107068176269531250e+02
1.082499465942382812e+02
1.707094726562500000e+02
1.785907363891601562e+01
6.616021728515625000e+01
1.495327606201171875e+02
1.652078247070312500e+02
3.427285766601562500e+01
1.213552017211914062e+02
2.615615844726562500e+02
1.603066253662109375e+02
7.628800201416015625e+01
2.611308898925781250e+02
9.253053283691406250e+01
1.961732788085937500e+02
1.398274898529052734e+01
4.447472000122070312e+01
1.492901458740234375e+02
1.624347229003906250e+02
3.554413604736328125e+01
1.188476028442382812e+02
3.981746826171875000e+02
1.478809051513671875e+02
1.640497779846191406e+01
1.032265396118164062e+02
1.092868041992187500e+02
1.760291442871093750e+02
1.332612609863281250e+01
5.713707733154296875e+01
1.074961547851562500e+02
1.771464691162109375e+02
1.791398811340332031e+01
7.185604858398437500e+01
0.000000000000000000e+00
0.000000000000000000e+00
0.000000000000000000e+00
0.000000000000000000e+00
