2.161059265136718750e+02
1.714613189697265625e+02
3.450621032714843750e+01
1.252101669311523438e+02
1.815843200683593750e+02
1.660175628662109375e+02
3.366619873046875000e+01
1.431286621093750000e+02
1.236098937988281250e+02
1.701049194335937500e+02
1.821487426757812500e+01
7.021260070800781250e+01
1.245713424682617188e+02
1.790381164550781250e+02
1.966567039489746094e+01
6.066421890258789062e+01
2.182525787353515625e+02
1.751109771728515625e+02
2.747369003295898438e+01
1.194599685668945312e+02
1.807246398925781250e+02
1.636349792480468750e+02
3.487568664550781250e+01
1.563024139404296875e+02
1.086697387695312500e+02
1.753802337646484375e+02
1.087631702423095703e+01
4.242793655395507812e+01
1.440589599609375000e+02
1.631014251708984375e+02
4.079570007324218750e+01
2.048470153808593750e+02
1.259402770996093750e+02
1.812848968505859375e+02
1.535329818725585938e+01
5.612897109985351562e+01
2.579069824218750000e+02
1.727897338867187500e+02
9.025575637817382812e+00
4.212292098999023438e+01
9.463457489013671875e+01
1.849393005371093750e+02
1.161710071563720703e+01
3.745630645751953125e+01
1.260944366455078125e+02
1.765123748779296875e+02
1.386724185943603516e+01
5.831037139892578125e+01
2.331414337158203125e+02
1.746351013183593750e+02
1.971958160400390625e+01
1.068129730224609375e+02
1.427305297851562500e+02
1.897805480957031250e+02
4.490941619873046875e+01
1.718656005859375000e+02
2.341836090087890625e+02
1.700634765625000000e+02
1.862402915954589844e+01
9.720758819580078125e+01
3.638828430175781250e+02
1.698548126220703125e+02
2.371929168701171875e+01
6.177022552490234375e+01
0.000000000000000000e+00
0.000000000000000000e+00
0.000000000000000000e+00
0.000000000000000000e+00
