1.053879165649414062e+02
1.664346923828125000e+02
3.650297164916992188e+01
1.343686676025390625e+02
1.539044647216796875e+02
1.787665557861328125e+02
1.694853019714355469e+01
8.044057464599609375e+01
1.315901184082031250e+02
1.657713623046875000e+02
2.007920837402343750e+01
1.272509307861328125e+02
1.324736938476562500e+02
1.718793945312500000e+02
2.017483711242675781e+01
9.654961395263671875e+01
1.398935394287109375e+02
1.737271270751953125e+02
1.799748611450195312e+01
9.157119750976562500e+01
3.630486755371093750e+02
1.677873992919921875e+02
2.277357482910156250e+01
6.355850601196289062e+01
1.159076919555664062e+02
1.719286651611328125e+02
3.642802810668945312e+01
1.199773559570312500e+02
2.730011901855468750e+02
1.706765747070312500e+02
8.533051490783691406e+00
3.772902297973632812e+01
3.342090148925781250e+02
1.645123443603515625e+02
8.404320716857910156e+00
4.991644668579101562e+01
1.362065124511718750e+02
1.753227081298828125e+02
1.885034942626953125e+01
1.031428146362304688e+02
0.000000000000000000e+00
0.000000000000000000e+00
0.000000000000000000e+00
0.000000000000000000e+00
