2.468079833984375000e+02
1.703097839355468750e+02
3.458753204345703125e+01
1.337883148193359375e+02
1.308304290771484375e+02
1.718737487792968750e+02
1.778009605407714844e+01
6.830290222167968750e+01
2.457702941894531250e+02
1.755500488281250000e+02
3.553425216674804688e+01
1.313789520263671875e+02
1.321885223388671875e+02
1.765123138427734375e+02
1.766136550903320312e+01
6.561108398437500000e+01
1.088613586425781250e+02
1.736879119873046875e+02
1.038635253906250000e+01
4.382255172729492188e+01
1.600745544433593750e+02
1.603648071289062500e+02
8.117130279541015625e+01
2.237640228271484375e+02
1.211340789794921875e+02
1.770982513427734375e+02
6.187866210937500000e+00
2.363956832885742188e+01
1.741512603759765625e+02
1.618906402587890625e+02
4.997919464111328125e+01
2.055403137207031250e+02
1.351012725830078125e+02
1.816962585449218750e+02
1.264335823059082031e+01
5.739003753662109375e+01
1.974291687011718750e+02
1.521997985839843750e+02
3.330150985717773438e+01
1.949229278564453125e+02
3.632150268554687500e+02
1.682808227539062500e+02
2.310997962951660156e+01
6.583745574951171875e+01
2.322651977539062500e+02
1.715940399169921875e+02
1.017455673217773438e+01
4.751202392578125000e+01
1.624145965576171875e+02
1.673588867187500000e+02
4.479297637939453125e+01
1.888374633789062500e+02
1.030425338745117188e+02
1.741399230957031250e+02
7.916190624237060547e+00
4.197264480590820312e+01
1.729075622558593750e+02
1.694161987304687500e+02
5.103345108032226562e+01
2.132757720947265625e+02
9.560089874267578125e+01
1.742348327636718750e+02
9.231293678283691406e+00
4.227867889404296875e+01
1.977715454101562500e+02
1.590678863525390625e+02
3.450654602050781250e+01
1.446495361328125000e+02
1.585046539306640625e+02
1.871139221191406250e+02
2.090166282653808594e+01
6.363001632690429688e+01
2.410520172119140625e+02
1.689530639648437500e+02
6.461585998535156250e+00
4.132149505615234375e+01
0.000000000000000000e+00
0.000000000000000000e+00
0.000000000000000000e+00
0.000000000000000000e+00
