1.844812164306640625e+02
1.726700134277343750e+02
2.775195312500000000e+01
1.129705276489257812e+02
1.132637481689453125e+02
1.629760742187500000e+02
4.810890960693359375e+01
1.760679626464843750e+02
2.034118347167968750e+02
1.681392211914062500e+02
1.778910064697265625e+01
9.620082855224609375e+01
1.593586273193359375e+02
1.622047729492187500e+02
2.908061408996582031e+01
1.458302764892578125e+02
1.101837463378906250e+02
1.615193786621093750e+02
5.211217498779296875e+01
1.928410491943359375e+02
1.817476806640625000e+02
1.713777770996093750e+02
3.427714157104492188e+01
1.161672286987304688e+02
2.490616912841796875e+02
1.697868347167968750e+02
8.705091476440429688e+00
4.094841003417968750e+01
1.632901611328125000e+02
1.674933166503906250e+02
2.990950965881347656e+01
1.321600189208984375e+02
1.621878051757812500e+02
1.646930847167968750e+02
2.443374061584472656e+01
1.378249816894531250e+02
1.866459045410156250e+02
1.766114196777343750e+02
2.471037292480468750e+01
8.943598175048828125e+01
1.030721969604492188e+02
1.753340759277343750e+02
8.964247703552246094e+00
4.359304046630859375e+01
2.492595367431640625e+02
1.741014709472656250e+02
9.822829246520996094e+00
3.774267959594726562e+01
1.094282150268554688e+02
1.735938720703125000e+02
9.891162872314453125e+00
4.313540649414062500e+01
3.631627807617187500e+02
1.672150573730468750e+02
2.286001205444335938e+01
6.557714843750000000e+01
1.649565582275390625e+02
1.684460296630859375e+02
2.398028182983398438e+01
1.261764831542968750e+02
2.542239074707031250e+02
1.760512084960937500e+02
8.293041229248046875e+00
3.578605270385742188e+01
0.000000000000000000e+00
0.000000000000000000e+00
0.000000000000000000e+00
0.000000000000000000e+00
