1.843975219726562500e+02
1.735953063964843750e+02
2.677537345886230469e+01
1.116004104614257812e+02
1.132028961181640625e+02
1.626291961669921875e+02
4.772262191772460938e+01
1.763193359375000000e+02
2.029503936767578125e+02
1.691368103027343750e+02
1.740181541442871094e+01
9.696401214599609375e+01
1.095602798461914062e+02
1.602915344238281250e+02
5.172929000854492188e+01
1.955638427734375000e+02
1.579901885986328125e+02
1.638197937011718750e+02
2.991472816467285156e+01
1.413340148925781250e+02
1.621588134765625000e+02
1.647526550292968750e+02
2.359911155700683594e+01
1.371726837158203125e+02
2.488008422851562500e+02
1.691313781738281250e+02
8.923188209533691406e+00
4.143764114379882812e+01
1.813210144042968750e+02
1.718148193359375000e+02
3.501467132568359375e+01
1.153724288940429688e+02
1.029244461059570312e+02
1.759617004394531250e+02
9.206640243530273438e+00
4.268365097045898438e+01
1.863162078857421875e+02
1.779817199707031250e+02
2.377937698364257812e+01
8.632769775390625000e+01
1.627333068847656250e+02
1.688616638183593750e+02
3.211648941040039062e+01
1.287748718261718750e+02
3.629076538085937500e+02
1.665941009521484375e+02
2.299505996704101562e+01
6.863570404052734375e+01
1.094985275268554688e+02
1.738550415039062500e+02
9.608477592468261719e+00
4.238677215576171875e+01
1.465318603515625000e+02
1.727026367187500000e+02
1.966186141967773438e+01
1.228694534301757812e+02
0.000000000000000000e+00
0.000000000000000000e+00
0.000000000000000000e+00
0.000000000000000000e+00
