1.893987884521484375e+02
1.720747680664062500e+02
2.782927322387695312e+01
1.147029190063476562e+02
1.675399017333984375e+02
1.703078002929687500e+02
2.471566200256347656e+01
1.279435043334960938e+02
2.490037536621093750e+02
1.727993774414062500e+02
1.221627712249755859e+01
4.138910675048828125e+01
1.649942779541015625e+02
1.691220703125000000e+02
2.955884170532226562e+01
1.328512115478515625e+02
1.201842956542968750e+02
1.582733764648437500e+02
5.220029449462890625e+01
2.020828704833984375e+02
1.207429656982421875e+02
1.662014465332031250e+02
5.130251693725585938e+01
1.716837310791015625e+02
1.860220184326171875e+02
1.701599121093750000e+02
3.465862274169921875e+01
1.187578964233398438e+02
2.111640014648437500e+02
1.692289428710937500e+02
1.838380241394042969e+01
1.000157394409179688e+02
2.492051239013671875e+02
1.694336547851562500e+02
1.093037128448486328e+01
4.297425079345703125e+01
1.144318084716796875e+02
1.756490783691406250e+02
5.465881729125976562e+01
1.679613647460937500e+02
1.148182296752929688e+02
1.784450683593750000e+02
5.320365905761718750e+01
1.454295959472656250e+02
2.501250915527343750e+02
1.751804351806640625e+02
1.268096923828125000e+01
3.731789398193359375e+01
1.036968688964843750e+02
1.762817840576171875e+02
8.777830123901367188e+00
4.013184356689453125e+01
1.108287506103515625e+02
1.766222991943359375e+02
8.279380798339843750e+00
3.890670394897460938e+01
0.000000000000000000e+00
0.000000000000000000e+00
0.000000000000000000e+00
0.000000000000000000e+00
