1.042161026000976562e+02
1.708889007568359375e+02
2.256608200073242188e+01
1.092495727539062500e+02
1.049017562866210938e+02
1.684945068359375000e+02
2.225188636779785156e+01
1.063504257202148438e+02
1.729740905761718750e+02
1.295549621582031250e+02
7.964820098876953125e+01
2.766373901367187500e+02
6.025511169433593750e+01
2.071010437011718750e+02
3.021345329284667969e+01
4.819502258300781250e+01
1.592743682861328125e+02
1.646170959472656250e+02
2.297830009460449219e+01
1.088078842163085938e+02
2.432067108154296875e+02
1.474102172851562500e+02
4.598141479492187500e+01
2.654529418945312500e+02
1.553467254638671875e+02
1.578085021972656250e+02
3.503948593139648438e+01
1.190889434814453125e+02
1.689985809326171875e+02
1.611927337646484375e+02
2.098544120788574219e+01
1.069951400756835938e+02
6.356459426879882812e+01
1.955967407226562500e+02
2.467854881286621094e+01
5.051405715942382812e+01
2.897493286132812500e+02
1.659736175537109375e+02
2.302737998962402344e+01
1.083471603393554688e+02
3.632593078613281250e+02
1.684170532226562500e+02
2.279851531982421875e+01
5.942220306396484375e+01
1.398968658447265625e+02
1.716701965332031250e+02
1.920151138305664062e+01
1.089726638793945312e+02
1.427478637695312500e+02
1.667522430419921875e+02
1.683043670654296875e+01
1.067691726684570312e+02
1.253588562011718750e+02
1.775493469238281250e+02
2.162051200866699219e+01
7.999449920654296875e+01
1.257940750122070312e+02
1.903316650390625000e+02
2.565922355651855469e+01
7.427252197265625000e+01
2.718955993652343750e+02
1.684555664062500000e+02
2.231796455383300781e+01
9.799826049804687500e+01
2.876538391113281250e+02
1.736768341064453125e+02
2.556074905395507812e+01
1.073852615356445312e+02
2.832554626464843750e+02
1.629919433593750000e+02
3.404024505615234375e+01
1.290792388916015625e+02
1.011093597412109375e+02
1.667352752685546875e+02
3.212951660156250000e+01
1.183661499023437500e+02
8.764894866943359375e+01
1.756580047607421875e+02
1.105270195007324219e+01
4.396178054809570312e+01
2.946362609863281250e+02
1.598949584960937500e+02
2.149855232238769531e+01
1.228140869140625000e+02
2.336866912841796875e+02
1.637765197753906250e+02
1.708629226684570312e+01
1.071774520874023438e+02
2.463559875488281250e+02
1.675733337402343750e+02
3.964880371093750000e+01
1.985078887939453125e+02
1.601199645996093750e+02
1.532717285156250000e+02
3.529705047607421875e+01
1.253285293579101562e+02
2.900084838867187500e+02
1.615432434082031250e+02
3.116896438598632812e+01
1.299512176513671875e+02
2.711752014160156250e+02
1.772460479736328125e+02
2.492983627319335938e+01
1.046014480590820312e+02
2.946099853515625000e+02
1.664487152099609375e+02
2.170373535156250000e+01
1.210807800292968750e+02
2.622473449707031250e+02
1.633855285644531250e+02
3.653817367553710938e+01
1.334776763916015625e+02
2.429277801513671875e+02
1.698899841308593750e+02
4.720316696166992188e+01
2.443501434326171875e+02
8.076728820800781250e+01
1.780014495849609375e+02
1.103147697448730469e+01
4.031931304931640625e+01
2.905095214843750000e+02
1.532195587158203125e+02
3.116567993164062500e+01
1.354852600097656250e+02
1.703900451660156250e+02
1.378533782958984375e+02
8.152935791015625000e+01
2.190343627929687500e+02
1.228800582885742188e+02
1.752004699707031250e+02
5.850801467895507812e+00
2.227003860473632812e+01
0.000000000000000000e+00
0.000000000000000000e+00
0.000000000000000000e+00
0.000000000000000000e+00
