3.587192382812500000e+02
1.691654663085937500e+02
5.425107955932617188e+01
1.255429077148437500e+02
3.573155822753906250e+02
1.671216583251953125e+02
5.059214019775390625e+01
1.256309890747070312e+02
2.884729919433593750e+02
1.696593475341796875e+02
2.846263122558593750e+01
1.494329528808593750e+02
1.451329498291015625e+02
1.765985107421875000e+02
1.809233665466308594e+01
6.700550842285156250e+01
1.687194976806640625e+02
1.739006195068359375e+02
3.719414520263671875e+01
1.756299743652343750e+02
2.904577941894531250e+02
1.668969116210937500e+02
2.884209442138671875e+01
1.542636871337890625e+02
1.088486709594726562e+02
1.740074157714843750e+02
1.070624351501464844e+01
4.283033752441406250e+01
2.878209838867187500e+02
1.571907806396484375e+02
2.943293571472167969e+01
1.584389953613281250e+02
1.437271118164062500e+02
1.724608459472656250e+02
1.840171241760253906e+01
6.818907165527343750e+01
2.409450073242187500e+02
1.678667755126953125e+02
9.332962989807128906e+00
4.416535568237304688e+01
2.904769592285156250e+02
1.616784515380859375e+02
2.918532752990722656e+01
1.509064636230468750e+02
3.592778320312500000e+02
1.566658477783203125e+02
5.425850296020507812e+01
1.289822082519531250e+02
3.567885131835937500e+02
1.607781219482421875e+02
4.947322463989257812e+01
1.225609054565429688e+02
1.999636993408203125e+02
1.647643127441406250e+02
4.061037063598632812e+01
2.252557373046875000e+02
2.072146148681640625e+02
1.734105224609375000e+02
4.436969757080078125e+01
2.082287750244140625e+02
1.211722640991210938e+02
1.769960784912109375e+02
6.475787639617919922e+00
2.362280845642089844e+01
2.122169342041015625e+02
1.748279113769531250e+02
4.065946578979492188e+01
1.809784393310546875e+02
1.293250427246093750e+02
1.783755493164062500e+02
5.308603763580322266e+00
2.059434318542480469e+01
2.485071716308593750e+02
1.673319854736328125e+02
7.013346672058105469e+00
3.967348098754882812e+01
2.288796386718750000e+02
1.682693481445312500e+02
1.783638191223144531e+01
6.178657150268554688e+01
2.402982635498046875e+02
1.692078094482421875e+02
9.592700004577636719e+00
4.830639266967773438e+01
1.374232177734375000e+02
1.768232116699218750e+02
4.936518192291259766e+00
2.064528846740722656e+01
2.895953979492187500e+02
1.878925476074218750e+02
2.457350349426269531e+01
1.158854827880859375e+02
8.617481231689453125e+01
1.767992858886718750e+02
1.077315139770507812e+01
4.119491195678710938e+01
1.668657989501953125e+02
1.667792358398437500e+02
3.919227981567382812e+01
1.735006561279296875e+02
0.000000000000000000e+00
0.000000000000000000e+00
0.000000000000000000e+00
0.000000000000000000e+00
