1.008106536865234375e+02
1.694755401611328125e+02
3.689458465576171875e+01
1.253563461303710938e+02
1.389179229736328125e+02
1.720210571289062500e+02
2.175076293945312500e+01
9.516321563720703125e+01
1.323760986328125000e+02
1.713412933349609375e+02
2.090480041503906250e+01
9.879961395263671875e+01
1.353536987304687500e+02
1.788689270019531250e+02
2.186547660827636719e+01
9.655469512939453125e+01
3.635140686035156250e+02
1.676062011718750000e+02
2.205652046203613281e+01
6.465811157226562500e+01
2.732467041015625000e+02
1.701852569580078125e+02
8.255122184753417969e+00
3.856128311157226562e+01
1.316508483886718750e+02
1.748333129882812500e+02
2.110810852050781250e+01
1.035095443725585938e+02
1.059019165039062500e+02
1.736951446533203125e+02
2.798363494873046875e+01
1.156295166015625000e+02
2.174364929199218750e+02
1.735000915527343750e+02
8.841912269592285156e+00
2.908887863159179688e+01
1.758404693603515625e+02
1.793689880371093750e+02
7.731328964233398438e+00
3.360575866699218750e+01
1.544735565185546875e+02
1.748094482421875000e+02
1.428429412841796875e+01
7.992497253417968750e+01
3.982746887207031250e+02
1.797519836425781250e+02
1.665138626098632812e+01
7.367939758300781250e+01
0.000000000000000000e+00
0.000000000000000000e+00
0.000000000000000000e+00
0.000000000000000000e+00
