8.087828826904296875e+01
1.539633789062500000e+02
3.694306945800781250e+01
1.535037994384765625e+02
2.231636047363281250e-01
1.687249145507812500e+02
3.644424438476562500e+01
1.620811614990234375e+02
2.704307174682617188e+01
1.665258789062500000e+02
3.401496124267578125e+01
1.330444793701171875e+02
1.975973510742187500e+02
1.601602630615234375e+02
3.394905090332031250e+01
2.002333679199218750e+02
1.582784881591796875e+02
1.812220306396484375e+02
1.075919532775878906e+01
4.734797286987304688e+01
7.677450561523437500e+01
1.540163879394531250e+02
3.608376312255859375e+01
1.532550354003906250e+02
7.890567779541015625e+01
1.432545013427734375e+02
4.094933700561523438e+01
1.578875122070312500e+02
2.862484931945800781e+01
1.768181610107421875e+02
2.784518814086914062e+01
1.141066894531250000e+02
6.570701599121093750e-01
1.856230316162109375e+02
3.761603546142578125e+01
1.473336486816406250e+02
2.285192413330078125e+02
1.508527832031250000e+02
4.936218261718750000e+01
2.497951507568359375e+02
2.313359069824218750e+02
1.570698547363281250e+02
5.502104949951171875e+01
2.382105712890625000e+02
1.961782684326171875e+02
1.552922515869140625e+02
3.429481887817382812e+01
1.954987792968750000e+02
1.148602485656738281e+00
1.609489440917968750e+02
2.828800773620605469e+01
1.775199737548828125e+02
2.361414947509765625e+02
1.630767517089843750e+02
5.082144546508789062e+01
2.054344024658203125e+02
2.290313415527343750e+02
1.460172424316406250e+02
4.642317581176757812e+01
2.412608642578125000e+02
2.812224006652832031e+01
1.900170898437500000e+02
3.014944839477539062e+01
1.052775726318359375e+02
1.485759582519531250e+02
1.830756988525390625e+02
1.084349536895751953e+01
4.487081909179687500e+01
2.480337715148925781e+01
1.828216247558593750e+02
3.656865310668945312e+01
1.192210311889648438e+02
3.627849121093750000e+02
1.676110534667968750e+02
2.329777908325195312e+01
6.303371810913085938e+01
2.274664001464843750e+02
1.604493103027343750e+02
1.470814800262451172e+01
8.417515563964843750e+01
1.220659561157226562e+02
1.783568725585937500e+02
4.141595363616943359e+00
1.833338928222656250e+01
1.137996215820312500e+02
1.765804138183593750e+02
4.890255928039550781e+00
2.253552627563476562e+01
1.033432540893554688e+02
1.738940277099609375e+02
9.784505844116210938e+00
4.157358551025390625e+01
1.452860565185546875e+02
1.890063934326171875e+02
1.102055072784423828e+01
4.445471954345703125e+01
1.469673156738281250e+00
1.655677490234375000e+02
3.616186904907226562e+01
1.435737152099609375e+02
0.000000000000000000e+00
0.000000000000000000e+00
0.000000000000000000e+00
0.000000000000000000e+00
