1.821298828125000000e+02
1.673726501464843750e+02
2.299874305725097656e+01
9.451285552978515625e+01
3.314377746582031250e+02
1.687589721679687500e+02
5.646428680419921875e+01
2.252655181884765625e+02
1.409774475097656250e+02
1.761111755371093750e+02
1.072366237640380859e+01
4.116887664794921875e+01
2.033157806396484375e+02
1.677771911621093750e+02
2.491079521179199219e+01
1.012949371337890625e+02
3.933759155273437500e+02
1.562727050781250000e+02
2.241368484497070312e+01
2.495664825439453125e+02
2.355250854492187500e+02
1.676083374023437500e+02
2.415910148620605469e+01
1.027087249755859375e+02
1.788737487792968750e+02
1.705125427246093750e+02
2.443813896179199219e+01
8.818383789062500000e+01
3.552821960449218750e+02
1.642542572021484375e+02
4.310150527954101562e+01
2.334909362792968750e+02
1.522411346435546875e+02
1.741729278564453125e+02
9.041810035705566406e+00
3.346212768554687500e+01
3.936382751464843750e+02
1.417514343261718750e+02
2.198713493347167969e+01
2.509250030517578125e+02
3.356787109375000000e+02
1.641748046875000000e+02
4.359189224243164062e+01
2.083024444580078125e+02
1.187892150878906250e+02
1.733345336914062500e+02
8.656400680541992188e+00
3.292356491088867188e+01
3.596589050292968750e+02
1.572802429199218750e+02
3.736803054809570312e+01
2.210304107666015625e+02
3.289908142089843750e+02
1.792887878417968750e+02
6.306464385986328125e+01
2.222683715820312500e+02
1.524325714111328125e+02
1.752406463623046875e+02
9.295351982116699219e+00
3.523959350585937500e+01
1.259205780029296875e+02
1.747488708496093750e+02
8.159947395324707031e+00
3.085139465332031250e+01
3.934501037597656250e+02
1.631124267578125000e+02
2.200264739990234375e+01
2.596431274414062500e+02
7.970824432373046875e+01
1.823274078369140625e+02
1.246670341491699219e+01
4.039673614501953125e+01
8.752794647216796875e+01
1.764640045166015625e+02
1.253172302246093750e+01
4.382552719116210938e+01
1.975764160156250000e+02
1.606693115234375000e+02
3.778145599365234375e+01
1.144963836669921875e+02
3.254983520507812500e+02
1.608717956542968750e+02
7.880618286132812500e+01
2.427094268798828125e+02
2.245955352783203125e+02
1.634916381835937500e+02
3.827145767211914062e+01
1.110001983642578125e+02
0.000000000000000000e+00
0.000000000000000000e+00
0.000000000000000000e+00
0.000000000000000000e+00
