3.050638732910156250e+02
1.654334106445312500e+02
4.157635879516601562e+01
1.618113861083984375e+02
1.086778411865234375e+02
1.744866333007812500e+02
1.190475845336914062e+01
4.249188995361328125e+01
3.346040954589843750e+02
1.685241546630859375e+02
3.956437301635742188e+01
1.162062072753906250e+02
3.365285644531250000e+02
1.576082153320312500e+02
3.666408920288085938e+01
1.280889587402343750e+02
2.089890289306640625e+02
1.542559356689453125e+02
4.514575576782226562e+01
2.485998840332031250e+02
3.042132263183593750e+02
1.587053833007812500e+02
4.159249114990234375e+01
1.571247711181640625e+02
1.473827514648437500e+02
1.772485046386718750e+02
2.072569274902343750e+01
6.674017333984375000e+01
1.746237792968750000e+02
1.619751892089843750e+02
3.852401351928710938e+01
1.967046051025390625e+02
1.710816955566406250e+02
1.647125854492187500e+02
3.790822982788085938e+01
1.893852996826171875e+02
1.705832672119140625e+02
1.600820007324218750e+02
3.847495269775390625e+01
1.823264465332031250e+02
1.471714172363281250e+02
1.721853790283203125e+02
2.036403083801269531e+01
6.816244506835937500e+01
1.214793243408203125e+02
1.774110565185546875e+02
5.717005252838134766e+00
2.220104026794433594e+01
1.740746154785156250e+02
1.571080932617187500e+02
4.025373458862304688e+01
1.885158233642578125e+02
2.123165435791015625e+02
1.579904327392578125e+02
4.156105422973632812e+01
2.162735290527343750e+02
3.300421752929687500e+02
1.621578369140625000e+02
3.986828231811523438e+01
1.313554687500000000e+02
2.378527069091796875e+02
1.666669158935546875e+02
1.594581508636474609e+01
6.898775482177734375e+01
1.525706329345703125e+02
1.755125732421875000e+02
1.777727699279785156e+01
7.188184356689453125e+01
1.290714874267578125e+02
1.790065460205078125e+02
5.264326095581054688e+00
1.825012779235839844e+01
8.510301208496093750e+01
1.767773895263671875e+02
1.112706947326660156e+01
4.317034149169921875e+01
3.027305908203125000e+02
1.863293151855468750e+02
4.493433761596679688e+01
1.439323577880859375e+02
1.376052093505859375e+02
1.776272735595703125e+02
4.743996620178222656e+00
2.042501068115234375e+01
3.641943969726562500e+02
1.685927429199218750e+02
2.147856140136718750e+01
6.542503356933593750e+01
1.527288360595703125e+02
1.692192993164062500e+02
1.704570579528808594e+01
7.431388854980468750e+01
2.864728698730468750e+02
1.684339294433593750e+02
8.328480720520019531e+00
4.383473587036132812e+01
2.859764404296875000e+02
1.732355804443359375e+02
8.558990478515625000e+00
4.053803634643554688e+01
0.000000000000000000e+00
0.000000000000000000e+00
0.000000000000000000e+00
0.000000000000000000e+00
