1.696994171142578125e+02
1.709629821777343750e+02
2.351912117004394531e+01
9.978324890136718750e+01
1.178790054321289062e+02
1.676913757324218750e+02
3.673954391479492188e+01
1.530218658447265625e+02
1.699989318847656250e+02
1.819696197509765625e+02
2.327420043945312500e+01
8.811017608642578125e+01
1.469086914062500000e+02
1.684601440429687500e+02
2.328220939636230469e+01
1.287668762207031250e+02
1.181309967041015625e+02
1.660932312011718750e+02
3.694827651977539062e+01
1.432706756591796875e+02
1.486650543212890625e+02
1.692195739746093750e+02
2.414015007019042969e+01
1.234634552001953125e+02
2.052616119384765625e+02
1.677697906494140625e+02
9.331945419311523438e+00
3.662704849243164062e+01
3.638354797363281250e+02
1.676688232421875000e+02
2.253938102722167969e+01
6.117567062377929688e+01
1.411495056152343750e+02
1.649952087402343750e+02
3.053234481811523438e+01
1.389662933349609375e+02
2.649339294433593750e+02
1.776370849609375000e+02
1.006939601898193359e+01
3.243055725097656250e+01
2.156089172363281250e+02
1.733218383789062500e+02
9.183578491210937500e+00
3.031915473937988281e+01
1.465967254638671875e+02
1.687403564453125000e+02
2.347185707092285156e+01
1.004510345458984375e+02
0.000000000000000000e+00
0.000000000000000000e+00
0.000000000000000000e+00
0.000000000000000000e+00
