1.905438842773437500e+02
1.730990905761718750e+02
2.654666137695312500e+01
1.135366363525390625e+02
1.685549163818359375e+02
1.700097351074218750e+02
2.372529029846191406e+01
1.296431121826171875e+02
1.653600311279296875e+02
1.681251068115234375e+02
2.985928726196289062e+01
1.356655883789062500e+02
2.493750457763671875e+02
1.719981994628906250e+02
1.163569736480712891e+01
4.187799835205078125e+01
1.197296676635742188e+02
1.603728637695312500e+02
5.374980545043945312e+01
1.981670684814453125e+02
2.493918151855468750e+02
1.699921417236328125e+02
1.066824436187744141e+01
4.200331497192382812e+01
2.114245758056640625e+02
1.690404968261718750e+02
1.856270027160644531e+01
1.009751129150390625e+02
1.207380294799804688e+02
1.624184265136718750e+02
5.130516433715820312e+01
1.800938415527343750e+02
1.143607635498046875e+02
1.814248962402343750e+02
5.518108367919921875e+01
1.568839874267578125e+02
2.501762847900390625e+02
1.739895324707031250e+02
1.246834468841552734e+01
3.833003997802734375e+01
1.036351165771484375e+02
1.760796966552734375e+02
9.154847145080566406e+00
4.074611663818359375e+01
1.153901367187500000e+02
1.791568603515625000e+02
5.168914031982421875e+01
1.431181488037109375e+02
1.856361541748046875e+02
1.715797424316406250e+02
3.554928588867187500e+01
1.171705169677734375e+02
1.247782974243164062e+02
1.785985260009765625e+02
1.090656566619873047e+01
3.227259063720703125e+01
2.516296539306640625e+02
1.698623046875000000e+02
1.060464000701904297e+01
4.193558120727539062e+01
1.108357849121093750e+02
1.763625030517578125e+02
8.207280158996582031e+00
3.921920776367187500e+01
2.355821380615234375e+02
1.738912353515625000e+02
1.062321949005126953e+01
4.212568664550781250e+01
0.000000000000000000e+00
0.000000000000000000e+00
0.000000000000000000e+00
0.000000000000000000e+00
