1.595602264404296875e+02
1.769837951660156250e+02
2.165701866149902344e+01
8.475523376464843750e+01
1.380606994628906250e+02
1.678466491699218750e+02
2.337468338012695312e+01
1.192877120971679688e+02
2.732723388671875000e+02
1.700879974365234375e+02
8.204289436340332031e+00
3.837175750732421875e+01
1.105149917602539062e+02
1.830272827148437500e+02
2.206087303161621094e+01
9.555439758300781250e+01
1.399638214111328125e+02
1.755982208251953125e+02
2.158682060241699219e+01
9.145865631103515625e+01
1.585152587890625000e+02
1.881168212890625000e+02
2.062315559387207031e+01
7.548040771484375000e+01
2.167406158447265625e+02
1.730486145019531250e+02
8.853556632995605469e+00
2.945186614990234375e+01
3.632992858886718750e+02
1.663420257568359375e+02
2.366231346130371094e+01
6.892999267578125000e+01
3.988579406738281250e+02
1.482115325927734375e+02
1.590714836120605469e+01
1.045350265502929688e+02
1.182793045043945312e+02
1.689300689697265625e+02
3.504944992065429688e+01
1.323021545410156250e+02
0.000000000000000000e+00
0.000000000000000000e+00
0.000000000000000000e+00
0.000000000000000000e+00
