3.573695678710937500e+02
1.639269866943359375e+02
4.982239151000976562e+01
1.611906738281250000e+02
3.592818908691406250e+02
1.574963226318359375e+02
5.428548431396484375e+01
1.750932006835937500e+02
1.293906250000000000e+02
1.687378387451171875e+02
2.537184143066406250e+01
1.052670593261718750e+02
1.034691390991210938e+02
1.683971099853515625e+02
2.511557197570800781e+01
1.242776184082031250e+02
9.990277099609375000e+01
1.680211639404296875e+02
3.168814849853515625e+01
1.247421569824218750e+02
3.590403747558593750e+02
1.611744079589843750e+02
4.532157135009765625e+01
1.519213714599609375e+02
3.627783508300781250e+02
1.561143798828125000e+02
4.728898620605468750e+01
1.616062011718750000e+02
3.171972045898437500e+02
1.709860229492187500e+02
1.117626571655273438e+01
4.460447692871093750e+01
1.287896728515625000e+02
1.755230712890625000e+02
2.540379905700683594e+01
1.002654571533203125e+02
2.720200805664062500e+02
1.669221649169921875e+02
8.323911666870117188e+00
4.340536117553710938e+01
3.174597167968750000e+02
1.682365264892578125e+02
1.037940788269042969e+01
4.520606231689453125e+01
1.406057891845703125e+02
1.717996826171875000e+02
2.145716285705566406e+01
9.148976898193359375e+01
4.003186950683593750e+02
1.631318969726562500e+02
1.615511322021484375e+01
1.407969207763671875e+02
3.998641662597656250e+02
1.652840118408203125e+02
1.586957550048828125e+01
1.629480590820312500e+02
1.058575973510742188e+02
1.770419311523437500e+02
2.200042152404785156e+01
8.520680236816406250e+01
1.745576934814453125e+02
1.801534423828125000e+02
8.361641883850097656e+00
3.146171188354492188e+01
9.386245727539062500e+01
1.717349853515625000e+02
3.420770263671875000e+01
1.218062133789062500e+02
1.518745422363281250e+02
1.800645446777343750e+02
1.047696876525878906e+01
4.783215713500976562e+01
0.000000000000000000e+00
0.000000000000000000e+00
0.000000000000000000e+00
0.000000000000000000e+00
