1.708576965332031250e+02
1.701743774414062500e+02
2.681519699096679688e+01
9.301738739013671875e+01
1.420717468261718750e+02
1.758217163085937500e+02
1.044784069061279297e+01
4.115444183349609375e+01
2.143761596679687500e+02
1.743018341064453125e+02
2.756925773620605469e+01
1.040761489868164062e+02
3.163386840820312500e+02
1.557876281738281250e+02
4.822060394287109375e+01
2.539959106445312500e+02
2.099099884033203125e+02
1.712768554687500000e+02
3.703639602661132812e+01
1.095899353027343750e+02
1.961553649902343750e+02
1.682333526611328125e+02
2.015921783447265625e+01
9.338983154296875000e+01
2.095404968261718750e+02
1.677501220703125000e+02
3.803892517089843750e+01
1.084972991943359375e+02
1.533849792480468750e+02
1.759979095458984375e+02
8.299838066101074219e+00
3.385338592529296875e+01
3.739638366699218750e+02
1.603948974609375000e+02
4.153881835937500000e+01
2.366066894531250000e+02
2.156784820556640625e+02
1.727545166015625000e+02
2.688686370849609375e+01
9.734434509277343750e+01
1.534838409423828125e+02
1.734695434570312500e+02
8.331856727600097656e+00
3.526559448242187500e+01
3.107308959960937500e+02
1.551444396972656250e+02
4.642929840087890625e+01
2.554945678710937500e+02
3.135758972167968750e+02
1.705583953857421875e+02
5.346643066406250000e+01
2.403493347167968750e+02
3.406642456054687500e+02
1.541628265380859375e+02
4.025218582153320312e+01
2.516075134277343750e+02
3.435406188964843750e+02
1.407977294921875000e+02
3.858467483520507812e+01
2.542549438476562500e+02
1.201684646606445312e+02
1.747082214355468750e+02
8.010589599609375000e+00
3.152991104125976562e+01
3.761292419433593750e+02
1.542982482910156250e+02
3.970109176635742188e+01
2.244108734130859375e+02
3.095789489746093750e+02
1.683764953613281250e+02
4.896479034423828125e+01
2.449493408203125000e+02
7.939995574951171875e+01
1.814152069091796875e+02
1.236095142364501953e+01
4.127440261840820312e+01
8.004850769042968750e+01
1.785388793945312500e+02
1.177711772918701172e+01
4.030831909179687500e+01
2.382065582275390625e+02
1.782603912353515625e+02
1.109978580474853516e+01
5.374975204467773438e+01
2.377090606689453125e+02
1.726907806396484375e+02
1.481366920471191406e+01
8.517764282226562500e+01
0.000000000000000000e+00
0.000000000000000000e+00
0.000000000000000000e+00
0.000000000000000000e+00
