8.646559143066406250e+01
1.543892211914062500e+02
4.025089263916015625e+01
1.514435424804687500e+02
4.646059036254882812e+00
1.645552978515625000e+02
4.496593093872070312e+01
1.605590209960937500e+02
4.624271392822265625e+01
1.661053771972656250e+02
2.254644393920898438e+01
1.309909515380859375e+02
2.003194427490234375e+02
1.611555786132812500e+02
3.505263137817382812e+01
1.992070465087890625e+02
2.328700561523437500e+02
1.491091003417968750e+02
5.274590301513671875e+01
2.546015167236328125e+02
8.707272338867187500e+01
1.540440979003906250e+02
3.895666503906250000e+01
1.363874359130859375e+02
6.402772903442382812e+00
1.679567413330078125e+02
4.182712173461914062e+01
1.395571289062500000e+02
1.583496398925781250e+02
1.840612792968750000e+02
1.042362117767333984e+01
4.314173889160156250e+01
1.996828918457031250e+02
1.507656402587890625e+02
3.567934036254882812e+01
2.041256713867187500e+02
2.300627593994140625e+02
1.523354339599609375e+02
4.526549148559570312e+01
2.472851867675781250e+02
1.217847671508789062e+02
1.767281646728515625e+02
5.639665603637695312e+00
1.997374916076660156e+01
2.355803222656250000e+02
1.588771362304687500e+02
5.082129287719726562e+01
2.136156768798828125e+02
2.319373168945312500e+02
1.470968017578125000e+02
4.149251937866210938e+01
2.385900268554687500e+02
1.590312042236328125e+02
1.905727233886718750e+02
1.008419704437255859e+01
4.164335632324218750e+01
1.485385437011718750e+02
1.845406494140625000e+02
1.098339080810546875e+01
4.172664642333984375e+01
1.225076866149902344e+01
1.664080963134765625e+02
4.179455184936523438e+01
1.559255676269531250e+02
3.637003173828125000e+02
1.681785736083984375e+02
2.236453819274902344e+01
6.412186431884765625e+01
1.370921325683593750e+02
1.779678802490234375e+02
5.163144588470458984e+00
2.224606704711914062e+01
4.279863739013671875e+01
1.630332489013671875e+02
2.970592498779296875e+01
1.347171630859375000e+02
1.285251159667968750e+02
1.783408203125000000e+02
4.585156917572021484e+00
1.855693054199218750e+01
1.439710235595703125e+02
1.861069793701171875e+02
1.306532859802246094e+01
3.904632186889648438e+01
0.000000000000000000e+00
0.000000000000000000e+00
0.000000000000000000e+00
0.000000000000000000e+00
