4.470170211791992188e+01
1.656113433837890625e+02
3.143048095703125000e+01
1.270838088989257812e+02
1.352726287841796875e+02
1.575402069091796875e+02
3.414160537719726562e+01
1.278512268066406250e+02
8.687586975097656250e+01
1.667985229492187500e+02
3.075467491149902344e+01
1.345443725585937500e+02
9.050855255126953125e+01
1.721440734863281250e+02
2.433046913146972656e+01
1.244631500244140625e+02
1.396118774414062500e+02
1.666104736328125000e+02
2.815383911132812500e+01
1.184508666992187500e+02
1.351136169433593750e+02
1.676203918457031250e+02
3.399188613891601562e+01
1.156517257690429688e+02
4.561331176757812500e+01
1.658988342285156250e+02
2.782773971557617188e+01
1.292083282470703125e+02
2.285543670654296875e+02
1.602885589599609375e+02
4.824300765991210938e+01
2.316955871582031250e+02
1.100141983032226562e+02
1.728573913574218750e+02
2.524139595031738281e+01
1.086875610351562500e+02
1.900075988769531250e+02
1.702500915527343750e+02
1.698849678039550781e+01
6.636393737792968750e+01
1.398368530273437500e+02
1.635127563476562500e+02
2.657586669921875000e+01
1.137539367675781250e+02
2.259757080078125000e+02
1.540975036621093750e+02
5.136045455932617188e+01
2.274487915039062500e+02
1.099916305541992188e+02
1.724568176269531250e+02
2.331077003479003906e+01
9.650664520263671875e+01
2.103263549804687500e+02
1.676000366210937500e+02
3.061609649658203125e+01
1.897716827392578125e+02
3.628876342773437500e+02
1.670991058349609375e+02
2.267098617553710938e+01
6.720783233642578125e+01
2.323949127197265625e+02
1.586061401367187500e+02
5.216727828979492188e+01
2.363280792236328125e+02
2.689952392578125000e+02
1.713101043701171875e+02
8.193497657775878906e+00
3.700282669067382812e+01
2.094629974365234375e+02
1.565339508056640625e+02
3.276284027099609375e+01
1.893884582519531250e+02
9.098599243164062500e+01
1.837456665039062500e+02
2.248917198181152344e+01
1.161410064697265625e+02
2.062749786376953125e+02
1.666325683593750000e+02
3.210998535156250000e+01
1.914440155029296875e+02
4.746947479248046875e+01
1.645679626464843750e+02
3.699037170410156250e+01
1.320460510253906250e+02
4.328525924682617188e+01
1.570674896240234375e+02
3.288523101806640625e+01
1.313820190429687500e+02
2.038980712890625000e+02
1.632250366210937500e+02
3.600230789184570312e+01
1.759461669921875000e+02
8.182411193847656250e+01
1.797926177978515625e+02
8.969552993774414062e+00
1.810349273681640625e+01
1.920191192626953125e+02
1.726652069091796875e+02
1.147879314422607422e+01
6.284370803833007812e+01
3.981104125976562500e+02
1.802323150634765625e+02
1.658098602294921875e+01
7.140976715087890625e+01
8.612299346923828125e+01
1.744276733398437500e+02
3.066840744018554688e+01
1.331044464111328125e+02
0.000000000000000000e+00
0.000000000000000000e+00
0.000000000000000000e+00
0.000000000000000000e+00
