1.607653045654296875e+02
1.680149536132812500e+02
2.211723518371582031e+01
9.924610900878906250e+01
2.904444580078125000e+02
1.625501251220703125e+02
5.141213989257812500e+01
2.374022521972656250e+02
1.909262084960937500e+02
1.595555877685546875e+02
1.988991737365722656e+01
1.112521362304687500e+02
5.717544555664062500e-01
1.899362487792968750e+02
3.386597061157226562e+01
8.854549407958984375e+01
2.278263549804687500e+02
1.736022186279296875e+02
2.038225173950195312e+01
8.838478851318359375e+01
2.073003387451171875e+02
1.705235290527343750e+02
2.250506401062011719e+01
1.005912017822265625e+02
2.043601684570312500e+02
1.719415130615234375e+02
2.451594352722167969e+01
1.078560714721679688e+02
2.985748901367187500e+02
1.621399841308593750e+02
4.805121994018554688e+01
2.387127075195312500e+02
2.876175537109375000e+02
1.858456878662109375e+02
5.656301498413085938e+01
2.098355407714843750e+02
3.296556472778320312e-01
1.890521240234375000e+02
2.893351173400878906e+01
9.011119079589843750e+01
1.201106948852539062e+02
1.740206604003906250e+02
7.635558605194091797e+00
3.252241134643554688e+01
1.503396606445312500e+02
1.741274719238281250e+02
8.752585411071777344e+00
4.483743286132812500e+01
3.284455566406250000e+02
1.507094879150390625e+02
8.340753936767578125e+01
2.590509338378906250e+02
3.509255065917968750e+02
1.889514465332031250e+02
5.265012741088867188e+01
1.803251342773437500e+02
2.319015350341796875e+02
1.699347076416015625e+02
1.834234046936035156e+01
9.061718750000000000e+01
-4.494686126708984375e-01
1.877340698242187500e+02
3.893244934082031250e+01
9.555012512207031250e+01
1.380748443603515625e+02
1.777302093505859375e+02
8.318171501159667969e+00
3.252840042114257812e+01
1.949972229003906250e+02
1.626847991943359375e+02
3.995159912109375000e+01
1.158464736938476562e+02
3.943335266113281250e+02
1.500021667480468750e+02
2.172901153564453125e+01
2.257478179931640625e+02
3.940910644531250000e+02
1.412636718750000000e+02
2.183779525756835938e+01
2.165957336425781250e+02
3.390991516113281250e+02
1.652512512207031250e+02
4.048301696777343750e+01
2.256374511718750000e+02
2.963385009765625000e+02
1.854491271972656250e+02
5.297388458251953125e+01
2.111015777587890625e+02
9.739513397216796875e-01
1.915162048339843750e+02
4.027823257446289062e+01
1.057014160156250000e+02
1.906177215576171875e+02
1.624200744628906250e+02
1.915182304382324219e+01
8.068223571777343750e+01
2.535140380859375000e+02
1.694333953857421875e+02
8.631591796875000000e+00
3.536801147460937500e+01
0.000000000000000000e+00
0.000000000000000000e+00
0.000000000000000000e+00
0.000000000000000000e+00
