9.232770538330078125e+01
1.545762023925781250e+02
3.541362380981445312e+01
1.502323913574218750e+02
9.656185913085937500e+01
1.560310363769531250e+02
3.382439422607421875e+01
1.471518554687500000e+02
2.142821121215820312e+01
1.633781738281250000e+02
3.444113922119140625e+01
1.600602722167968750e+02
4.982584381103515625e+01
1.663457794189453125e+02
3.619472885131835938e+01
1.266953964233398438e+02
2.071014022827148438e+01
1.660863342285156250e+02
3.500112152099609375e+01
1.444181213378906250e+02
2.020561065673828125e+02
1.626181030273437500e+02
3.453694534301757812e+01
1.959516601562500000e+02
2.327903900146484375e+02
1.497196350097656250e+02
5.269606781005859375e+01
2.527038116455078125e+02
2.017955322265625000e+02
1.563136291503906250e+02
3.505250549316406250e+01
1.924989776611328125e+02
9.646941375732421875e+01
1.487833404541015625e+02
3.545626449584960938e+01
1.451106567382812500e+02
2.361379547119140625e+02
1.591412658691406250e+02
5.103084564208984375e+01
2.133775482177734375e+02
7.873667144775390625e+01
1.808741607666015625e+02
1.466716480255126953e+01
4.272603607177734375e+01
2.717410583496093750e+02
1.707794952392578125e+02
9.363430023193359375e+00
3.765760040283203125e+01
7.889376068115234375e+01
1.785524597167968750e+02
1.422440624237060547e+01
4.052821350097656250e+01
2.303235015869140625e+02
1.549119720458984375e+02
4.528023529052734375e+01
2.418998718261718750e+02
1.589978485107421875e+02
1.838384704589843750e+02
9.236722946166992188e+00
4.201361846923828125e+01
9.207474517822265625e+01
1.485585937500000000e+02
3.538685226440429688e+01
1.465994720458984375e+02
4.860630035400390625e+01
1.533724670410156250e+02
3.803321838378906250e+01
1.370714721679687500e+02
5.247285842895507812e+01
1.729411010742187500e+02
3.066387176513671875e+01
1.164200897216796875e+02
2.323928680419921875e+02
1.493230895996093750e+02
4.026660537719726562e+01
2.342973175048828125e+02
3.627926940917968750e+02
1.681272583007812500e+02
2.225374603271484375e+01
6.355845642089843750e+01
1.430102996826171875e+02
1.841116485595703125e+02
1.281026172637939453e+01
4.192917633056640625e+01
1.232998809814453125e+02
1.769708709716796875e+02
5.244682312011718750e+00
2.004585075378417969e+01
0.000000000000000000e+00
0.000000000000000000e+00
0.000000000000000000e+00
0.000000000000000000e+00
