2.182524108886718750e+02
1.687279663085937500e+02
3.766225814819335938e+01
1.272598419189453125e+02
1.253227157592773438e+02
1.702503356933593750e+02
1.843049430847167969e+01
7.088965606689453125e+01
1.866805114746093750e+02
1.639910583496093750e+02
3.132005882263183594e+01
1.446832122802734375e+02
1.265872497558593750e+02
1.762390289306640625e+02
1.866952896118164062e+01
6.588753509521484375e+01
1.084389648437500000e+02
1.745055694580078125e+02
1.135744285583496094e+01
4.325748825073242188e+01
1.867154693603515625e+02
1.608464660644531250e+02
3.112952804565429688e+01
1.625143280029296875e+02
2.216928100585937500e+02
1.686249084472656250e+02
4.018754196166992188e+01
1.244933090209960938e+02
1.453637695312500000e+02
1.674459533691406250e+02
4.282221221923828125e+01
1.952708587646484375e+02
2.576492309570312500e+02
1.713902282714843750e+02
1.068720912933349609e+01
4.385591506958007812e+01
9.436597442626953125e+01
1.856699981689453125e+02
1.110903644561767578e+01
3.438547515869140625e+01
2.216390838623046875e+02
1.772286682128906250e+02
2.959222793579101562e+01
1.109439392089843750e+02
1.881274261474609375e+02
1.729649047851562500e+02
2.621449851989746094e+01
1.222406845092773438e+02
2.572250061035156250e+02
1.683925933837890625e+02
9.298638343811035156e+00
4.370314407348632812e+01
1.271335067749023438e+02
1.763775634765625000e+02
1.401774597167968750e+01
5.683781814575195312e+01
1.213142471313476562e+02
1.776457214355468750e+02
5.582847118377685547e+00
2.070812225341796875e+01
2.396099700927734375e+02
1.682866668701171875e+02
1.834948730468750000e+01
1.033753738403320312e+02
2.598547363281250000e+02
1.743361663818359375e+02
9.088075637817382812e+00
3.919818878173828125e+01
1.269581298828125000e+02
1.791847229003906250e+02
1.499761772155761719e+01
6.060841751098632812e+01
1.449308319091796875e+02
1.787525177001953125e+02
4.505310821533203125e+01
1.964820251464843750e+02
0.000000000000000000e+00
0.000000000000000000e+00
0.000000000000000000e+00
0.000000000000000000e+00
