9.912686157226562500e+01
1.690043334960937500e+02
3.202550125122070312e+01
1.261374969482421875e+02
3.885883483886718750e+02
1.521054687500000000e+02
2.634725189208984375e+01
1.689161987304687500e+02
3.886797790527343750e+02
1.546925964355468750e+02
2.580931854248046875e+01
1.771842346191406250e+02
1.029871902465820312e+02
1.725669250488281250e+02
2.570533370971679688e+01
1.197112731933593750e+02
1.370579071044921875e+02
1.721995849609375000e+02
2.358016014099121094e+01
9.139326477050781250e+01
1.309167327880859375e+02
1.693292999267578125e+02
2.294077873229980469e+01
1.022709274291992188e+02
3.825225830078125000e+02
1.481956939697265625e+02
3.235153198242187500e+01
1.758986511230468750e+02
2.729677429199218750e+02
1.678426818847656250e+02
8.116553306579589844e+00
4.163017272949218750e+01
9.391105651855468750e+01
1.724444274902343750e+02
3.417606353759765625e+01
1.240551223754882812e+02
3.831984558105468750e+02
1.547385559082031250e+02
3.126979827880859375e+01
1.769658660888671875e+02
1.345591125488281250e+02
1.817566223144531250e+02
2.377583885192871094e+01
9.212535095214843750e+01
1.295244903564453125e+02
1.812308654785156250e+02
2.537308502197265625e+01
9.030058288574218750e+01
3.267138061523437500e+02
1.694695434570312500e+02
1.028951835632324219e+01
4.126271057128906250e+01
0.000000000000000000e+00
0.000000000000000000e+00
0.000000000000000000e+00
0.000000000000000000e+00
