1.535052185058593750e+02
1.679147949218750000e+02
3.358836746215820312e+01
1.276327362060546875e+02
1.557398529052734375e+02
1.668119812011718750e+02
2.762231254577636719e+01
1.289554290771484375e+02
1.148816986083984375e+02
1.676125640869140625e+02
3.934554290771484375e+01
1.633703308105468750e+02
1.922946166992187500e+02
1.684509429931640625e+02
2.121677398681640625e+01
1.013877563476562500e+02
1.805217590332031250e+02
1.767368164062500000e+02
1.878103446960449219e+01
8.556581878662109375e+01
1.133286437988281250e+02
1.772127380371093750e+02
4.088122558593750000e+01
1.620745849609375000e+02
1.788560638427734375e+02
1.731222534179687500e+02
2.080241012573242188e+01
1.093843307495117188e+02
2.587604675292968750e+02
1.773984832763671875e+02
7.596477508544921875e+00
3.394043731689453125e+01
3.631401977539062500e+02
1.691983032226562500e+02
2.391136741638183594e+01
6.214807510375976562e+01
0.000000000000000000e+00
0.000000000000000000e+00
0.000000000000000000e+00
0.000000000000000000e+00
