1.323533020019531250e+02
1.545045928955078125e+02
3.605023956298828125e+01
1.331809692382812500e+02
3.366218566894531250e+01
1.691329650878906250e+02
3.970009613037109375e+01
1.331419830322265625e+02
1.328364562988281250e+02
1.676470794677734375e+02
3.514998245239257812e+01
1.164383163452148438e+02
7.854004669189453125e+01
1.661701049804687500e+02
3.055002212524414062e+01
1.388763580322265625e+02
2.311158142089843750e+02
1.536611328125000000e+02
5.545844650268554688e+01
2.454883422851562500e+02
2.097893676757812500e+02
1.636770172119140625e+02
3.135385704040527344e+01
1.982651672363281250e+02
1.078207931518554688e+02
1.756772460937500000e+02
2.469577407836914062e+01
1.060278701782226562e+02
2.301232910156250000e+02
1.621172027587890625e+02
4.670950698852539062e+01
2.292533264160156250e+02
3.339769363403320312e+01
1.760060424804687500e+02
4.113737487792968750e+01
1.306058807373046875e+02
1.376469573974609375e+02
1.719426422119140625e+02
2.975517845153808594e+01
1.090744628906250000e+02
8.271408843994140625e+01
1.645362548828125000e+02
3.072827529907226562e+01
1.380562896728515625e+02
2.068197174072265625e+02
1.674113464355468750e+02
3.172356414794921875e+01
1.907834472656250000e+02
8.086811065673828125e+01
1.706515960693359375e+02
2.593117141723632812e+01
1.300546569824218750e+02
2.093054351806640625e+02
1.606313171386718750e+02
3.322370147705078125e+01
1.819720916748046875e+02
1.930865020751953125e+02
1.681741485595703125e+02
1.546880722045898438e+01
6.821622467041015625e+01
3.625044860839843750e+02
1.679372863769531250e+02
2.387217521667480469e+01
6.383646774291992188e+01
1.558690032958984375e+02
1.738918914794921875e+02
9.913917541503906250e+00
6.071660614013671875e+01
2.358635406494140625e+02
1.583129272460937500e+02
5.323630142211914062e+01
2.172428741455078125e+02
2.691629028320312500e+02
1.706593933105468750e+02
8.772329330444335938e+00
3.633964538574218750e+01
8.715632629394531250e+01
1.658275604248046875e+02
2.199983596801757812e+01
1.344165649414062500e+02
1.077248001098632812e+02
1.737303314208984375e+02
2.182487869262695312e+01
9.120559692382812500e+01
2.044326934814453125e+02
1.644211273193359375e+02
3.535210418701171875e+01
1.748586730957031250e+02
8.102305603027343750e+01
1.877909088134765625e+02
2.623548889160156250e+01
1.084606399536132812e+02
2.282927398681640625e+02
1.538392944335937500e+02
4.779140472412109375e+01
2.293167877197265625e+02
3.983726806640625000e+02
1.486222534179687500e+02
1.625770187377929688e+01
1.027735366821289062e+02
8.234104156494140625e+01
1.799163055419921875e+02
8.904219627380371094e+00
1.744172859191894531e+01
2.066071166992187500e+02
1.863934631347656250e+02
3.191162300109863281e+01
1.771025848388671875e+02
3.974534301757812500e+02
1.808608245849609375e+02
1.724805068969726562e+01
7.038278961181640625e+01
1.032502899169921875e+02
1.676822204589843750e+02
3.549488067626953125e+01
1.206726455688476562e+02
0.000000000000000000e+00
0.000000000000000000e+00
0.000000000000000000e+00
0.000000000000000000e+00
