1.102311477661132812e+02
1.561429443359375000e+02
3.206768417358398438e+01
1.406895446777343750e+02
3.478290939331054688e+01
1.722090759277343750e+02
4.250150299072265625e+01
1.426233978271484375e+02
1.089971694946289062e+02
1.494903564453125000e+02
3.360400390625000000e+01
1.446987457275390625e+02
3.615603637695312500e+01
1.670534973144531250e+02
3.972512435913085938e+01
1.421036224365234375e+02
1.119327774047851562e+02
1.555436096191406250e+02
3.422605895996093750e+01
1.426951599121093750e+02
1.098398666381835938e+02
1.484734802246093750e+02
3.884870910644531250e+01
1.464997406005859375e+02
2.038850097656250000e+02
1.665205383300781250e+02
3.541993713378906250e+01
1.881165771484375000e+02
6.695114135742187500e+01
1.693889770507812500e+02
2.182212448120117188e+01
1.181416091918945312e+02
2.325592193603515625e+02
1.650862121582031250e+02
5.436471939086914062e+01
2.230832977294921875e+02
7.026610565185546875e+01
1.659700775146484375e+02
2.209321212768554688e+01
1.223179931640625000e+02
1.103445053100585938e+00
1.782386474609375000e+02
3.309132003784179688e+01
1.333834228515625000e+02
2.042070922851562500e+02
1.618916778564453125e+02
3.474627685546875000e+01
1.830222167968750000e+02
2.357596588134765625e+02
1.654160156250000000e+02
5.262516403198242188e+01
2.007991790771484375e+02
1.588907623291015625e+02
1.813639068603515625e+02
8.037507057189941406e+00
4.542586517333984375e+01
1.502424468994140625e+02
1.827489624023437500e+02
8.860058784484863281e+00
4.281657409667968750e+01
5.444593429565429688e-01
1.700946044921875000e+02
2.880006980895996094e+01
1.469617462158203125e+02
1.027050018310546875e+00
1.557643737792968750e+02
2.683187484741210938e+01
1.600104827880859375e+02
3.631190185546875000e+02
1.676026153564453125e+02
2.327881240844726562e+01
6.144448852539062500e+01
2.059238433837890625e+02
1.624321441650390625e+02
3.936010360717773438e+01
1.979532165527343750e+02
1.125047531127929688e+02
1.597177734375000000e+02
2.592044639587402344e+01
1.366726226806640625e+02
2.865619659423828125e-01
1.659510192871093750e+02
3.600629043579101562e+01
1.399889526367187500e+02
2.305394592285156250e+02
1.707565002441406250e+02
4.617710876464843750e+01
2.126526489257812500e+02
6.736502075195312500e+01
1.621206054687500000e+02
3.105158424377441406e+01
1.301902465820312500e+02
1.425020294189453125e+02
1.815092773437500000e+02
1.003754997253417969e+01
4.629659271240234375e+01
0.000000000000000000e+00
0.000000000000000000e+00
0.000000000000000000e+00
0.000000000000000000e+00
