2.025121459960937500e+02
1.761340942382812500e+02
2.752434349060058594e+01
1.123080902099609375e+02
1.713451995849609375e+02
1.641485290527343750e+02
2.865756607055664062e+01
1.406514129638671875e+02
2.485416870117187500e+02
1.721018066406250000e+02
1.267601680755615234e+01
4.173966217041015625e+01
1.338350982666015625e+02
1.670611724853515625e+02
4.496950149536132812e+01
1.662810668945312500e+02
1.722319335937500000e+02
1.650362243652343750e+02
2.647123718261718750e+01
1.371519927978515625e+02
1.985374298095703125e+02
1.717771606445312500e+02
3.496582794189453125e+01
1.192925262451171875e+02
2.484688873291015625e+02
1.701236267089843750e+02
1.175186729431152344e+01
4.200547409057617188e+01
1.316144714355468750e+02
1.636470947265625000e+02
4.591311264038085938e+01
1.942265014648437500e+02
1.223366699218750000e+02
1.767396697998046875e+02
1.394992256164550781e+01
5.727462005615234375e+01
1.092352218627929688e+02
1.739710998535156250e+02
1.023649024963378906e+01
4.323735046386718750e+01
2.191421051025390625e+02
1.678724212646484375e+02
1.985552024841308594e+01
9.884265136718750000e+01
1.706110076904296875e+02
1.679998779296875000e+02
2.983959388732910156e+01
1.471805572509765625e+02
1.214386444091796875e+02
1.702956848144531250e+02
1.781626129150390625e+01
6.808608245849609375e+01
2.378935394287109375e+02
1.709104919433593750e+02
8.095242500305175781e+00
3.585049438476562500e+01
1.230451660156250000e+02
1.796073150634765625e+02
1.247030544281005859e+01
5.877336502075195312e+01
3.630131835937500000e+02
1.681187896728515625e+02
2.319889259338378906e+01
6.320653915405273438e+01
2.204591979980468750e+02
1.711299285888671875e+02
2.035276031494140625e+01
6.114059829711914062e+01
1.031062545776367188e+02
1.758333129882812500e+02
9.108840942382812500e+00
4.234425354003906250e+01
0.000000000000000000e+00
0.000000000000000000e+00
0.000000000000000000e+00
0.000000000000000000e+00
