2.976356506347656250e+02
1.693869628906250000e+02
2.587261581420898438e+01
1.197731628417968750e+02
1.092768859863281250e+02
1.798767089843750000e+02
2.551280975341796875e+01
9.345317077636718750e+01
5.244090270996093750e+01
2.020630035400390625e+02
2.626907730102539062e+01
5.444813156127929688e+01
2.393518981933593750e+02
1.578635559082031250e+02
8.276557159423828125e+01
2.464249877929687500e+02
1.091097030639648438e+02
1.768133850097656250e+02
2.385077285766601562e+01
8.922624969482421875e+01
2.264398498535156250e+02
1.591546478271484375e+02
3.636335754394531250e+01
2.085800476074218750e+02
4.845132827758789062e+01
2.060858154296875000e+02
2.842748260498046875e+01
5.093619537353515625e+01
2.942235412597656250e+02
1.673558959960937500e+02
3.234179687500000000e+01
1.224547653198242188e+02
3.650326538085937500e+02
1.691105041503906250e+02
2.162349891662597656e+01
6.350971984863281250e+01
1.766662292480468750e+02
1.624120330810546875e+02
1.646488571166992188e+01
7.193188476562500000e+01
2.255999450683593750e+02
1.752527770996093750e+02
3.851556396484375000e+01
2.023789672851562500e+02
2.416732788085937500e+02
1.721590576171875000e+02
7.860810089111328125e+01
2.385365753173828125e+02
2.535351867675781250e+02
1.608399047851562500e+02
4.642852783203125000e+01
2.357904815673828125e+02
2.282489013671875000e+02
1.526629638671875000e+02
3.592143249511718750e+01
1.972887268066406250e+02
8.865612030029296875e+01
1.751534118652343750e+02
9.732223510742187500e+00
4.470933532714843750e+01
2.548387756347656250e+02
1.701820220947265625e+02
4.502448654174804688e+01
1.914551696777343750e+02
7.931561279296875000e+01
1.836422119140625000e+02
1.217949390411376953e+01
3.862528991699218750e+01
8.057397460937500000e+01
1.775219116210937500e+02
1.077953433990478516e+01
4.130708312988281250e+01
6.932097625732421875e+01
1.728682861328125000e+02
9.902661323547363281e+00
4.380540847778320312e+01
2.943606872558593750e+02
1.575941467285156250e+02
3.200585556030273438e+01
1.285714263916015625e+02
0.000000000000000000e+00
0.000000000000000000e+00
0.000000000000000000e+00
0.000000000000000000e+00
