1.605684356689453125e+02
1.630045776367187500e+02
2.437806892395019531e+01
1.402218780517578125e+02
1.566535034179687500e+02
1.653146057128906250e+02
3.035700988769531250e+01
1.358997192382812500e+02
1.849964141845703125e+02
1.737454986572265625e+02
2.356323051452636719e+01
1.054643630981445312e+02
1.150661392211914062e+02
1.641373443603515625e+02
3.939235305786132812e+01
1.729373779296875000e+02
1.860458831787109375e+02
1.708471069335937500e+02
2.415408325195312500e+01
1.020190887451171875e+02
1.127724533081054688e+02
1.710095825195312500e+02
4.215681076049804688e+01
1.747118377685546875e+02
2.478119354248046875e+02
1.692630920410156250e+02
9.093183517456054688e+00
4.052548980712890625e+01
1.455949554443359375e+02
1.722813262939453125e+02
1.953805160522460938e+01
1.236823196411132812e+02
3.631362304687500000e+02
1.676640014648437500e+02
2.322449874877929688e+01
6.434182739257812500e+01
1.027503204345703125e+02
1.761761779785156250e+02
1.002648639678955078e+01
4.101798248291015625e+01
2.175151062011718750e+02
1.711564025878906250e+02
7.682806968688964844e+00
3.140889739990234375e+01
0.000000000000000000e+00
0.000000000000000000e+00
0.000000000000000000e+00
0.000000000000000000e+00
