2.659961242675781250e+02
1.623782653808593750e+02
3.947967910766601562e+01
1.496519927978515625e+02
2.653076171875000000e+02
1.709263305664062500e+02
4.143439865112304688e+01
1.434120635986328125e+02
1.411449432373046875e+02
1.735355072021484375e+02
1.617941665649414062e+01
7.259751129150390625e+01
1.687412261962890625e+02
1.672266082763671875e+02
3.588442611694335938e+01
1.693088378906250000e+02
2.673512878417968750e+02
1.655672454833984375e+02
4.353424453735351562e+01
1.410161132812500000e+02
1.411284179687500000e+02
1.706281585693359375e+02
1.595880222320556641e+01
7.234982299804687500e+01
3.634287109375000000e+02
1.691279602050781250e+02
2.301155281066894531e+01
6.943351745605468750e+01
1.978522796630859375e+02
1.723866882324218750e+02
4.450028610229492188e+01
1.830740966796875000e+02
1.094035949707031250e+02
1.733931274414062500e+02
1.039147281646728516e+01
4.408221435546875000e+01
2.660130004882812500e+02
1.735140838623046875e+02
4.582427597045898438e+01
1.397138977050781250e+02
3.982373657226562500e+02
1.662121429443359375e+02
1.902847480773925781e+01
1.268594894409179688e+02
1.959477081298828125e+02
1.679686279296875000e+02
4.756917572021484375e+01
2.206322021484375000e+02
1.695300750732421875e+02
1.748980102539062500e+02
3.563729095458984375e+01
1.655811157226562500e+02
2.393823547363281250e+02
1.700912170410156250e+02
9.271240234375000000e+00
4.933320617675781250e+01
8.750312805175781250e+01
1.809456939697265625e+02
1.154250907897949219e+01
4.163362884521484375e+01
1.571137390136718750e+02
1.823937225341796875e+02
1.017495059967041016e+01
4.587438964843750000e+01
2.002936401367187500e+02
1.668621520996093750e+02
3.983361053466796875e+01
1.669229278564453125e+02
1.983860321044921875e+02
1.980057983398437500e+02
4.498731231689453125e+01
1.933601837158203125e+02
1.291923370361328125e+02
1.786710815429687500e+02
5.550639152526855469e+00
2.110234260559082031e+01
8.855146789550781250e+01
1.767742156982421875e+02
1.050866031646728516e+01
4.433172607421875000e+01
1.221221084594726562e+02
1.763540649414062500e+02
5.920634746551513672e+00
2.443720054626464844e+01
2.398834991455078125e+02
1.673688507080078125e+02
9.226747512817382812e+00
4.620663452148437500e+01
3.638908691406250000e+02
1.721878051757812500e+02
2.359950256347656250e+01
7.542597198486328125e+01
3.972470703125000000e+02
1.597857055664062500e+02
1.799463653564453125e+01
1.166199264526367188e+02
1.018255996704101562e+02
1.742592620849609375e+02
8.640394210815429688e+00
4.254122924804687500e+01
0.000000000000000000e+00
0.000000000000000000e+00
0.000000000000000000e+00
0.000000000000000000e+00
