3.606294250488281250e+02
1.590304565429687500e+02
5.169927215576171875e+01
1.712026977539062500e+02
9.974317169189453125e+01
1.687027282714843750e+02
3.193744850158691406e+01
1.246412506103515625e+02
1.295697784423828125e+02
1.693878173828125000e+02
2.542007446289062500e+01
1.035117568969726562e+02
1.030369873046875000e+02
1.693803100585937500e+02
2.570638275146484375e+01
1.234728546142578125e+02
3.582446594238281250e+02
1.664285278320312500e+02
4.872996902465820312e+01
1.569320373535156250e+02
3.637808532714843750e+02
1.572217712402343750e+02
4.701902389526367188e+01
1.600872497558593750e+02
1.291123046875000000e+02
1.769342956542968750e+02
2.542116546630859375e+01
9.813889312744140625e+01
2.720378112792968750e+02
1.664693298339843750e+02
8.306745529174804688e+00
4.402002716064453125e+01
3.183722839355468750e+02
1.709304351806640625e+02
1.010001182556152344e+01
4.496141815185546875e+01
1.388416137695312500e+02
1.721151123046875000e+02
2.243532562255859375e+01
9.038716888427734375e+01
3.183782653808593750e+02
1.676306610107421875e+02
9.662356376647949219e+00
4.587097930908203125e+01
9.359300994873046875e+01
1.719410247802734375e+02
3.475577163696289062e+01
1.222420349121093750e+02
3.597829589843750000e+02
1.637814636230468750e+02
4.377029037475585938e+01
1.463961334228515625e+02
1.514230804443359375e+02
1.804149932861328125e+02
1.113080978393554688e+01
4.641654586791992188e+01
1.046488189697265625e+02
1.789279937744140625e+02
2.290359687805175781e+01
8.063589477539062500e+01
3.602672119140625000e+02
1.846848144531250000e+02
5.468621444702148438e+01
1.480762329101562500e+02
0.000000000000000000e+00
0.000000000000000000e+00
0.000000000000000000e+00
0.000000000000000000e+00
