1.069761657714843750e+02
1.696754302978515625e+02
2.336908340454101562e+01
1.028330459594726562e+02
1.065303955078125000e+02
1.745950775146484375e+02
2.272378349304199219e+01
1.027296981811523438e+02
2.927250061035156250e+02
1.645161437988281250e+02
2.576707839965820312e+01
1.271895828247070312e+02
1.356617584228515625e+02
1.652052612304687500e+02
2.196578979492187500e+01
1.226717681884765625e+02
2.912037048339843750e+02
1.645951843261718750e+02
2.921451187133789062e+01
1.268581390380859375e+02
5.810809707641601562e+01
2.054438171386718750e+02
2.742389678955078125e+01
5.022257232666015625e+01
2.267352752685546875e+02
1.534719848632812500e+02
3.168574714660644531e+01
2.241398315429687500e+02
2.456863708496093750e+02
1.551322479248046875e+02
4.251111602783203125e+01
2.493648986816406250e+02
2.213773956298828125e+02
1.579746398925781250e+02
3.322910308837890625e+01
2.135911865234375000e+02
2.263526000976562500e+02
1.612783508300781250e+02
3.429106140136718750e+01
2.317949218750000000e+02
1.377159271240234375e+02
1.309942016601562500e+02
9.279978179931640625e+01
2.901580200195312500e+02
1.560984802246093750e+02
1.384685821533203125e+02
8.201740264892578125e+01
2.683076477050781250e+02
8.799183654785156250e+01
1.750499420166015625e+02
1.045080375671386719e+01
4.443243408203125000e+01
2.844845581054687500e+02
1.611342163085937500e+02
3.352749252319335938e+01
1.333981933593750000e+02
3.634832153320312500e+02
1.687062530517578125e+02
2.274144172668457031e+01
5.962656784057617188e+01
6.134661865234375000e+01
1.946500396728515625e+02
2.300243949890136719e+01
5.298609161376953125e+01
1.394852905273437500e+02
1.669937744140625000e+02
1.945501136779785156e+01
1.071469192504882812e+02
2.272167816162109375e+02
1.513019866943359375e+02
3.237947845458984375e+01
2.005920104980468750e+02
2.914932556152343750e+02
1.557787475585937500e+02
2.996175956726074219e+01
1.330449218750000000e+02
2.205162658691406250e+02
1.643164978027343750e+02
3.398874664306640625e+01
2.238456573486328125e+02
2.887333374023437500e+02
1.739217529296875000e+02
2.329756546020507812e+01
1.074881057739257812e+02
2.447736511230468750e+02
1.843523254394531250e+02
4.542706680297851562e+01
2.182956390380859375e+02
1.311753997802734375e+02
1.661288909912109375e+02
3.189410972595214844e+01
1.214630432128906250e+02
1.296316680908203125e+02
1.794359893798828125e+02
5.089179039001464844e+00
1.630281829833984375e+01
1.290257110595703125e+02
1.851116943359375000e+02
2.302460861206054688e+01
8.452547454833984375e+01
2.945003662109375000e+02
1.655070190429687500e+02
2.286242294311523438e+01
1.115501785278320312e+02
1.012765197753906250e+02
1.644575958251953125e+02
3.552015304565429688e+01
1.131853027343750000e+02
8.078627014160156250e+01
1.779029998779296875e+02
1.083457088470458984e+01
3.951678085327148438e+01
3.982821960449218750e+02
1.469661865234375000e+02
1.638968658447265625e+01
1.061679840087890625e+02
0.000000000000000000e+00
0.000000000000000000e+00
0.000000000000000000e+00
0.000000000000000000e+00
