1.241167602539062500e+02
1.728210906982421875e+02
2.425759506225585938e+01
9.530947113037109375e+01
3.078995056152343750e+02
1.610609436035156250e+02
3.190494728088378906e+01
1.341227111816406250e+02
3.314444274902343750e+02
1.701943664550781250e+02
2.682195281982421875e+01
1.207243957519531250e+02
3.084776306152343750e+02
1.633326110839843750e+02
2.737016677856445312e+01
1.281597900390625000e+02
3.281861572265625000e+02
1.648799591064453125e+02
3.281391143798828125e+01
1.290790100097656250e+02
9.494933319091796875e+01
1.744579772949218750e+02
2.738536643981933594e+01
1.034657440185546875e+02
3.074008178710937500e+02
1.574534301757812500e+02
3.250463485717773438e+01
1.290312042236328125e+02
1.578679046630859375e+02
1.795080871582031250e+02
8.768691062927246094e+00
4.466918182373046875e+01
9.055531311035156250e+01
1.696290130615234375e+02
3.519601821899414062e+01
1.122585449218750000e+02
1.580944213867187500e+02
1.779936828613281250e+02
8.984078407287597656e+00
4.165074539184570312e+01
2.723272399902343750e+02
1.702667236328125000e+02
8.014622688293457031e+00
3.886791992187500000e+01
1.241098327636718750e+02
1.811967468261718750e+02
2.262127685546875000e+01
8.948789978027343750e+01
8.935115051269531250e+01
1.676101379394531250e+02
3.642784881591796875e+01
1.100370712280273438e+02
3.656809082031250000e+02
1.699497680664062500e+02
2.155906105041503906e+01
5.868782043457031250e+01
2.998530883789062500e+02
1.665859985351562500e+02
1.124205780029296875e+01
4.765556335449218750e+01
2.998515930175781250e+02
1.690912170410156250e+02
1.133786392211914062e+01
4.855292510986328125e+01
3.085578613281250000e+02
1.653261566162109375e+02
2.760512733459472656e+01
1.093934707641601562e+02
3.030411376953125000e+02
1.590595855712890625e+02
3.209553909301757812e+01
1.400361328125000000e+02
9.027848052978515625e+01
1.842633819580078125e+02
2.637013435363769531e+01
6.864263153076171875e+01
2.369180297851562500e+02
1.676387176513671875e+02
1.007642841339111328e+01
4.536873245239257812e+01
2.365273132324218750e+02
1.716749267578125000e+02
1.011840152740478516e+01
4.535156631469726562e+01
0.000000000000000000e+00
0.000000000000000000e+00
0.000000000000000000e+00
0.000000000000000000e+00
