1.711758117675781250e+02
1.695699157714843750e+02
2.645487594604492188e+01
9.387712097167968750e+01
1.418368530273437500e+02
1.753858032226562500e+02
1.056777381896972656e+01
4.126397705078125000e+01
2.164837646484375000e+02
1.747525482177734375e+02
2.853124618530273438e+01
1.032996749877929688e+02
3.726558837890625000e+02
1.532797241210937500e+02
4.309702682495117188e+01
2.542017211914062500e+02
3.173389892578125000e+02
1.584520111083984375e+02
4.775075531005859375e+01
2.493002624511718750e+02
2.114347991943359375e+02
1.652414245605468750e+02
3.839006423950195312e+01
1.128705902099609375e+02
2.113418426513671875e+02
1.717735900878906250e+02
3.781738281250000000e+01
1.086850891113281250e+02
1.535967407226562500e+02
1.761023864746093750e+02
8.309855461120605469e+00
3.351536941528320312e+01
1.966878814697265625e+02
1.654073791503906250e+02
2.065691184997558594e+01
9.797286224365234375e+01
3.413016967773437500e+02
1.590607604980468750e+02
3.933964920043945312e+01
2.431113281250000000e+02
3.139695129394531250e+02
1.788694763183593750e+02
5.372736740112304688e+01
2.239050903320312500e+02
1.534450836181640625e+02
1.734490356445312500e+02
8.416822433471679688e+00
3.555443572998046875e+01
1.995804748535156250e+02
1.647529907226562500e+02
2.224083900451660156e+01
1.021812896728515625e+02
2.178536376953125000e+02
1.746922607421875000e+02
2.658918762207031250e+01
9.236106872558593750e+01
3.705833740234375000e+02
1.535211029052734375e+02
4.432462692260742188e+01
2.768990783691406250e+02
3.441168823242187500e+02
1.471513061523437500e+02
3.850271606445312500e+01
2.409373931884765625e+02
3.101383972167968750e+02
1.572917022705078125e+02
4.708662796020507812e+01
2.515180969238281250e+02
3.751360168457031250e+02
1.502456359863281250e+02
4.036210250854492188e+01
2.347081298828125000e+02
2.372912597656250000e+02
1.707358551025390625e+02
1.570431804656982422e+01
9.306204986572265625e+01
1.196044235229492188e+02
1.748148956298828125e+02
8.157184600830078125e+00
3.142600631713867188e+01
7.931314086914062500e+01
1.816917724609375000e+02
1.238199615478515625e+01
4.068367385864257812e+01
7.971916961669921875e+01
1.788604431152343750e+02
1.209724521636962891e+01
3.970820236206054688e+01
3.084995727539062500e+02
1.741625061035156250e+02
5.020316314697265625e+01
2.339143066406250000e+02
1.259201660156250000e+02
1.746797332763671875e+02
7.903628826141357422e+00
3.205300521850585938e+01
0.000000000000000000e+00
0.000000000000000000e+00
0.000000000000000000e+00
0.000000000000000000e+00
