6.853167724609375000e+01
1.685627441406250000e+02
3.674947738647460938e+01
1.238743362426757812e+02
1.065252914428710938e+02
1.690088195800781250e+02
2.472597885131835938e+01
1.219833221435546875e+02
1.493381805419921875e+02
1.531886901855468750e+02
3.152473258972167969e+01
1.322036743164062500e+02
1.516941223144531250e+02
1.558871917724609375e+02
2.596155738830566406e+01
1.281304321289062500e+02
1.015287551879882812e+02
1.677205505371093750e+02
3.319175338745117188e+01
1.223450927734375000e+02
1.533801727294921875e+02
1.716818389892578125e+02
2.514943504333496094e+01
1.095586853027343750e+02
2.245355682373046875e+02
1.513567199707031250e+02
5.174288940429687500e+01
2.288419952392578125e+02
1.835362243652343750e+02
1.725307464599609375e+02
1.200712966918945312e+01
6.133132553100585938e+01
1.495200042724609375e+02
1.624542388916015625e+02
3.136956977844238281e+01
1.258618087768554688e+02
2.237479705810546875e+02
1.664561462402343750e+02
5.251552200317382812e+01
2.188618927001953125e+02
1.294578552246093750e+02
1.715180358886718750e+02
2.271005249023437500e+01
9.355947875976562500e+01
2.113655395507812500e+02
1.666005249023437500e+02
3.267103958129882812e+01
1.944678497314453125e+02
3.635216979980468750e+02
1.684916229248046875e+02
2.338541793823242188e+01
6.334363937377929688e+01
2.422707824707031250e+02
1.680335083007812500e+02
4.119677734375000000e+01
1.928504638671875000e+02
7.375495910644531250e+01
1.827221984863281250e+02
2.832464218139648438e+01
9.397849273681640625e+01
2.258728485107421875e+02
1.439706726074218750e+02
4.747253799438476562e+01
2.141187896728515625e+02
6.822406005859375000e+01
1.669934997558593750e+02
3.734477996826171875e+01
1.104617843627929688e+02
0.000000000000000000e+00
0.000000000000000000e+00
0.000000000000000000e+00
0.000000000000000000e+00
