2.435988616943359375e+02
1.673968505859375000e+02
2.952194786071777344e+01
1.371280517578125000e+02
1.308541717529296875e+02
1.771128692626953125e+02
1.799592781066894531e+01
6.487499237060546875e+01
1.978766632080078125e+02
1.599639892578125000e+02
3.008206176757812500e+01
1.535022735595703125e+02
1.979764862060546875e+02
1.557253112792968750e+02
2.969766616821289062e+01
1.770306854248046875e+02
2.440367584228515625e+02
1.748123016357421875e+02
2.777115058898925781e+01
1.336108093261718750e+02
1.294938354492187500e+02
1.719606933593750000e+02
1.817997741699218750e+01
6.888388061523437500e+01
2.393552398681640625e+02
1.687812652587890625e+02
3.057066154479980469e+01
1.346489257812500000e+02
1.097567291259765625e+02
1.750327606201171875e+02
1.023038196563720703e+01
4.239119338989257812e+01
2.470599365234375000e+02
1.718488159179687500e+02
2.440196609497070312e+01
1.266043930053710938e+02
2.452810058593750000e+02
1.843858642578125000e+02
2.546409606933593750e+01
1.185047531127929688e+02
1.326157073974609375e+02
1.787611083984375000e+02
1.351321220397949219e+01
6.141096496582031250e+01
1.555655517578125000e+02
1.559859924316406250e+02
8.305757141113281250e+01
2.307674560546875000e+02
1.590179290771484375e+02
1.578253936767578125e+02
5.691247558593750000e+01
2.357344055175781250e+02
1.317177276611328125e+02
1.771732482910156250e+02
1.393878746032714844e+01
5.712461090087890625e+01
9.212466430664062500e+01
1.836887512207031250e+02
1.138954067230224609e+01
3.798204040527343750e+01
2.420574035644531250e+02
1.765045318603515625e+02
2.536583137512207031e+01
1.177157897949218750e+02
2.298363342285156250e+02
1.700168762207031250e+02
1.022756195068359375e+01
4.946899414062500000e+01
1.224547424316406250e+02
1.775788726806640625e+02
5.619453907012939453e+00
2.241646194458007812e+01
2.389375000000000000e+02
1.760947113037109375e+02
3.140823554992675781e+01
1.314690551757812500e+02
2.406033630371093750e+02
1.703218078613281250e+02
6.569766044616699219e+00
3.790101623535156250e+01
1.596912841796875000e+02
1.585156555175781250e+02
5.052408599853515625e+01
2.141519012451171875e+02
1.448005523681640625e+02
1.807731323242187500e+02
1.063410854339599609e+01
4.952939224243164062e+01
0.000000000000000000e+00
0.000000000000000000e+00
0.000000000000000000e+00
0.000000000000000000e+00
