2.027328186035156250e+02
1.741768035888671875e+02
2.593800544738769531e+01
1.155254135131835938e+02
1.707623596191406250e+02
1.628255615234375000e+02
2.892389106750488281e+01
1.432721862792968750e+02
1.313056182861328125e+02
1.615391082763671875e+02
4.492666625976562500e+01
1.977192077636718750e+02
1.338230895996093750e+02
1.642370605468750000e+02
4.400902175903320312e+01
1.727734069824218750e+02
1.724351196289062500e+02
1.623889617919921875e+02
2.585971450805664062e+01
1.428486938476562500e+02
2.487555694580078125e+02
1.698707275390625000e+02
1.167783069610595703e+01
4.233988952636718750e+01
2.489449005126953125e+02
1.720070495605468750e+02
1.212336826324462891e+01
4.184790420532226562e+01
1.225751266479492188e+02
1.773396606445312500e+02
1.371830558776855469e+01
5.644044494628906250e+01
1.982383575439453125e+02
1.706943054199218750e+02
3.471918487548828125e+01
1.208441848754882812e+02
2.182490539550781250e+02
1.664995880126953125e+02
2.068167686462402344e+01
1.030747909545898438e+02
1.098658752441406250e+02
1.749703521728515625e+02
9.635185241699218750e+00
4.233540725708007812e+01
2.378088989257812500e+02
1.710160064697265625e+02
8.430514335632324219e+00
3.540660858154296875e+01
1.700359497070312500e+02
1.664575653076171875e+02
3.031304740905761719e+01
1.501593322753906250e+02
1.032990570068359375e+02
1.764885864257812500e+02
8.959108352661132812e+00
4.159169769287109375e+01
1.233070831298828125e+02
1.803901672363281250e+02
1.235138511657714844e+01
5.717344284057617188e+01
3.632919311523437500e+02
1.672761840820312500e+02
2.287074851989746094e+01
6.527429199218750000e+01
0.000000000000000000e+00
0.000000000000000000e+00
0.000000000000000000e+00
0.000000000000000000e+00
