2.454884643554687500e+02
1.635907592773437500e+02
2.498791885375976562e+01
1.118888397216796875e+02
2.175318450927734375e+02
1.709537353515625000e+02
2.707675361633300781e+01
9.460459899902343750e+01
2.017183837890625000e+02
1.690399780273437500e+02
2.028075218200683594e+01
9.024900817871093750e+01
3.558698120117187500e+02
1.585803527832031250e+02
5.108452987670898438e+01
2.487623901367187500e+02
1.377546997070312500e+02
1.772220611572265625e+02
9.525027275085449219e+00
3.851118087768554688e+01
2.464918212890625000e+02
1.722707519531250000e+02
2.261718750000000000e+01
1.067038116455078125e+02
3.629178161621093750e+02
1.469979858398437500e+02
5.211016082763671875e+01
2.715408325195312500e+02
2.440721282958984375e+02
1.702000427246093750e+02
2.223147010803222656e+01
9.783752441406250000e+01
1.541557617187500000e+02
1.756075592041015625e+02
8.697726249694824219e+00
3.594962692260742188e+01
3.539815979003906250e+02
1.618111724853515625e+02
5.487986755371093750e+01
2.574704895019531250e+02
1.540693817138671875e+02
1.720713043212890625e+02
7.873359680175781250e+00
3.697201156616210938e+01
2.426228637695312500e+02
1.584937133789062500e+02
3.235022735595703125e+01
1.208152160644531250e+02
3.635307006835937500e+02
1.505325012207031250e+02
5.186977005004882812e+01
2.802210083007812500e+02
1.196542587280273438e+02
1.732228698730468750e+02
9.026873588562011719e+00
3.310002517700195312e+01
1.417500457763671875e+02
1.762055358886718750e+02
8.352906227111816406e+00
3.770997619628906250e+01
2.018522796630859375e+02
1.692893981933593750e+02
1.877623748779296875e+01
7.144909667968750000e+01
1.254924163818359375e+02
1.752944335937500000e+02
8.213318824768066406e+00
3.032781219482421875e+01
7.943450164794921875e+01
1.857305145263671875e+02
1.313934803009033203e+01
3.585536575317382812e+01
2.107176818847656250e+02
1.637713928222656250e+02
4.008720397949218750e+01
1.056717071533203125e+02
1.747538757324218750e+02
1.808746948242187500e+02
1.029706001281738281e+01
2.987751579284667969e+01
0.000000000000000000e+00
0.000000000000000000e+00
0.000000000000000000e+00
0.000000000000000000e+00
