1.443892974853515625e+02
1.672716064453125000e+02
2.195515823364257812e+01
1.195216217041015625e+02
1.660433349609375000e+02
1.763895874023437500e+02
1.852053451538085938e+01
8.655793762207031250e+01
1.160725402832031250e+02
1.675963439941406250e+02
3.460031509399414062e+01
1.504133758544921875e+02
1.153945770263671875e+02
1.660955963134765625e+02
3.445299911499023438e+01
1.419865722656250000e+02
2.697932434082031250e+02
1.688777160644531250e+02
8.637540817260742188e+00
4.124863815307617188e+01
1.461402282714843750e+02
1.704498443603515625e+02
2.065977859497070312e+01
1.012598495483398438e+02
2.156965789794921875e+02
1.739805755615234375e+02
9.110533714294433594e+00
3.001096916198730469e+01
3.641005859375000000e+02
1.670536346435546875e+02
2.243904876708984375e+01
6.134181594848632812e+01
1.665766296386718750e+02
1.766203613281250000e+02
1.999961853027343750e+01
8.543453216552734375e+01
1.643410949707031250e+02
1.831640472412109375e+02
1.898512840270996094e+01
8.703691864013671875e+01
2.013373413085937500e+02
1.678429107666015625e+02
9.367871284484863281e+00
3.703799057006835938e+01
2.354706268310546875e+02
1.721215362548828125e+02
1.132364368438720703e+01
4.528595733642578125e+01
1.092839508056640625e+02
1.669699707031250000e+02
3.425583267211914062e+01
1.347547760009765625e+02
0.000000000000000000e+00
0.000000000000000000e+00
0.000000000000000000e+00
0.000000000000000000e+00
