1.682348937988281250e+02
1.727836914062500000e+02
2.578594970703125000e+01
8.971061706542968750e+01
2.358393554687500000e+02
1.762156982421875000e+02
1.924484634399414062e+01
8.405305480957031250e+01
3.372102050781250000e+02
1.615383300781250000e+02
4.074242401123046875e+01
2.320793304443359375e+02
1.436540222167968750e+02
1.765061035156250000e+02
1.040378379821777344e+01
4.087871932983398438e+01
3.098287048339843750e+02
1.595452423095703125e+02
4.271751022338867188e+01
2.423446960449218750e+02
3.403187561035156250e+02
1.459679260253906250e+02
3.848836898803710938e+01
2.429842987060546875e+02
3.709660644531250000e+02
1.587621154785156250e+02
4.446555328369140625e+01
2.138731536865234375e+02
1.936361083984375000e+02
1.643367004394531250e+02
2.168278884887695312e+01
1.042182540893554688e+02
3.713939208984375000e+02
1.728315582275390625e+02
4.411587905883789062e+01
2.087801818847656250e+02
2.004895782470703125e+02
1.683969573974609375e+02
3.904531860351562500e+01
1.151190261840820312e+02
2.080772094726562500e+02
1.683850097656250000e+02
3.628997039794921875e+01
1.159063262939453125e+02
2.127655487060546875e+02
1.710387573242187500e+02
2.593165397644042969e+01
1.105803070068359375e+02
1.990041046142578125e+02
1.583784484863281250e+02
3.791623687744140625e+01
1.256374969482421875e+02
2.069778289794921875e+02
1.761127166748046875e+02
2.872097206115722656e+01
1.004297180175781250e+02
3.190316772460937500e+02
1.653356628417968750e+02
5.030095291137695312e+01
2.306963653564453125e+02
1.198654327392578125e+02
1.736738433837890625e+02
8.353622436523437500e+00
3.248471069335937500e+01
1.543096923828125000e+02
1.735607604980468750e+02
7.435319423675537109e+00
3.390830230712890625e+01
1.536038208007812500e+02
1.765964508056640625e+02
7.985586166381835938e+00
3.451047515869140625e+01
3.093364257812500000e+02
1.826108856201171875e+02
4.383237457275390625e+01
2.161718444824218750e+02
3.699285583496093750e+02
1.580338439941406250e+02
4.675920486450195312e+01
1.846659088134765625e+02
2.072430267333984375e+02
1.636992797851562500e+02
3.834706878662109375e+01
1.145426330566406250e+02
2.189186096191406250e+02
1.727515258789062500e+02
6.304388046264648438e+00
1.652712249755859375e+01
3.109004516601562500e+02
1.475709228515625000e+02
3.924490356445312500e+01
2.386584472656250000e+02
1.431695709228515625e+02
1.814711608886718750e+02
1.172570991516113281e+01
3.911994934082031250e+01
2.531803436279296875e+02
1.695592193603515625e+02
8.637983322143554688e+00
3.501352691650390625e+01
0.000000000000000000e+00
0.000000000000000000e+00
0.000000000000000000e+00
0.000000000000000000e+00
