2.667686767578125000e+02
1.621550140380859375e+02
3.889323806762695312e+01
1.479921875000000000e+02
1.414547424316406250e+02
1.739414978027343750e+02
1.704973220825195312e+01
7.108665466308593750e+01
2.657883300781250000e+02
1.716494903564453125e+02
4.084240722656250000e+01
1.416995544433593750e+02
2.673659057617187500e+02
1.663482360839843750e+02
4.350644302368164062e+01
1.389133148193359375e+02
1.413519287109375000e+02
1.713734893798828125e+02
1.664033126831054688e+01
7.074092864990234375e+01
1.676517944335937500e+02
1.647406616210937500e+02
3.702969741821289062e+01
1.750885925292968750e+02
3.979626770019531250e+02
1.614852600097656250e+02
1.883491325378417969e+01
1.362640991210937500e+02
1.963954925537109375e+02
1.722755737304687500e+02
4.871875762939453125e+01
2.115142822265625000e+02
1.093851089477539062e+02
1.733819274902343750e+02
1.052004146575927734e+01
4.382117462158203125e+01
1.980742797851562500e+02
1.707720794677734375e+02
4.512669372558593750e+01
1.875295715332031250e+02
2.660696716308593750e+02
1.757152099609375000e+02
4.616171646118164062e+01
1.348144073486328125e+02
8.687503814697265625e+01
1.807561187744140625e+02
1.212144088745117188e+01
4.186186981201171875e+01
1.689802551269531250e+02
1.726423797607421875e+02
3.565604400634765625e+01
1.697025451660156250e+02
2.390557098388671875e+02
1.695843505859375000e+02
9.661016464233398438e+00
4.918529510498046875e+01
8.805048370361328125e+01
1.770208435058593750e+02
1.097456645965576172e+01
4.376987457275390625e+01
3.631407470703125000e+02
1.690593414306640625e+02
2.325515747070312500e+01
6.711910247802734375e+01
1.220591964721679688e+02
1.764188537597656250e+02
5.830037593841552734e+00
2.449391937255859375e+01
1.295922851562500000e+02
1.783229980468750000e+02
5.553451538085937500e+00
2.176067733764648438e+01
3.919048767089843750e+02
1.466409301757812500e+02
2.435241699218750000e+01
1.659513397216796875e+02
1.568864135742187500e+02
1.812191162109375000e+02
1.040209960937500000e+01
4.737648010253906250e+01
1.979643402099609375e+02
2.053475646972656250e+02
4.643555450439453125e+01
1.761187744140625000e+02
3.967858276367187500e+02
1.654527587890625000e+02
1.832724761962890625e+01
1.080742340087890625e+02
1.017137298583984375e+02
1.744889373779296875e+02
8.553804397583007812e+00
4.228969573974609375e+01
2.397482452392578125e+02
1.678606872558593750e+02
9.298486709594726562e+00
4.551387023925781250e+01
2.012345428466796875e+02
1.688836517333984375e+02
3.874939727783203125e+01
1.639138488769531250e+02
2.049708862304687500e+02
1.758535919189453125e+02
4.115127944946289062e+01
1.768489074707031250e+02
0.000000000000000000e+00
0.000000000000000000e+00
0.000000000000000000e+00
0.000000000000000000e+00
