2.294832763671875000e+02
1.513282775878906250e+02
4.093384170532226562e+01
2.289043121337890625e+02
2.269732513427734375e+02
1.507416992187500000e+02
4.597331619262695312e+01
2.498885498046875000e+02
3.259944915771484375e+01
1.525631561279296875e+02
3.626437377929687500e+01
1.666028747558593750e+02
3.806506347656250000e+02
1.578649291992187500e+02
3.461753463745117188e+01
1.750907592773437500e+02
3.160255432128906250e+02
1.689822692871093750e+02
1.000040531158447266e+01
4.077991867065429688e+01
3.864609375000000000e+02
1.573854827880859375e+02
2.981069374084472656e+01
1.767080688476562500e+02
1.583028869628906250e+02
1.812388305664062500e+02
1.082179832458496094e+01
4.622006607055664062e+01
1.050327835083007812e+02
1.747572479248046875e+02
1.062735652923583984e+01
4.226367187500000000e+01
3.140605773925781250e+02
1.690097351074218750e+02
1.032103443145751953e+01
4.113151168823242188e+01
7.944207763671875000e+01
1.805319061279296875e+02
1.207473659515380859e+01
4.298407363891601562e+01
1.887563323974609375e+02
1.625436401367187500e+02
4.403724288940429688e+01
2.056899261474609375e+02
3.619497680664062500e+02
1.699434356689453125e+02
2.359097290039062500e+01
6.371638870239257812e+01
2.570798950195312500e+02
1.692205352783203125e+02
1.623215866088867188e+01
6.345075225830078125e+01
7.962839508056640625e+01
1.781718444824218750e+02
1.155667591094970703e+01
4.090700531005859375e+01
1.854448242187500000e+02
1.691013336181640625e+02
4.112442016601562500e+01
1.905751037597656250e+02
3.069834709167480469e+01
1.613346710205078125e+02
4.017547225952148438e+01
1.612242736816406250e+02
1.208463134765625000e+02
1.767100372314453125e+02
6.038523674011230469e+00
2.148858642578125000e+01
3.871439819335937500e+02
1.504852142333984375e+02
2.890377998352050781e+01
1.735202636718750000e+02
3.799385681152343750e+02
1.502942962646484375e+02
3.574635696411132812e+01
1.750797424316406250e+02
1.761237487792968750e+02
1.793086090087890625e+02
8.358503341674804688e+00
3.164106178283691406e+01
1.492144622802734375e+02
1.822023010253906250e+02
1.046782493591308594e+01
4.509220886230468750e+01
2.597414970397949219e+01
1.560390319824218750e+02
4.023466110229492188e+01
1.576313323974609375e+02
2.316242370605468750e+02
1.511502685546875000e+02
3.842663574218750000e+01
2.006644439697265625e+02
0.000000000000000000e+00
0.000000000000000000e+00
0.000000000000000000e+00
0.000000000000000000e+00
