2.960116882324218750e+02
1.598007965087890625e+02
1.961341476440429688e+01
1.130675048828125000e+02
3.539257507324218750e+02
1.638461761474609375e+02
3.773320770263671875e+01
1.718129882812500000e+02
1.637651824951171875e+02
1.760655517578125000e+02
1.975868606567382812e+01
7.261737060546875000e+01
3.532361145019531250e+02
1.741539611816406250e+02
3.931795120239257812e+01
1.675851287841796875e+02
2.523857727050781250e+02
1.711015167236328125e+02
1.088928794860839844e+01
4.344777679443359375e+01
2.526848602294921875e+02
1.685832977294921875e+02
1.054666233062744141e+01
4.453717041015625000e+01
1.857398376464843750e+02
1.672185211181640625e+02
3.582832336425781250e+01
1.869553527832031250e+02
2.141495971679687500e+02
1.626528625488281250e+02
4.440760803222656250e+01
2.279039916992187500e+02
1.092332687377929688e+02
1.750236968994140625e+02
9.706129074096679688e+00
4.151785278320312500e+01
1.691647338867187500e+02
1.771422424316406250e+02
1.979138374328613281e+01
7.702225494384765625e+01
1.216173553466796875e+02
1.778726196289062500e+02
5.746497631072998047e+00
2.097911071777343750e+01
1.846128845214843750e+02
1.609645385742187500e+02
3.759503936767578125e+01
1.816001434326171875e+02
2.139930572509765625e+02
1.505537261962890625e+02
4.288986587524414062e+01
2.331246643066406250e+02
1.590368194580078125e+02
1.789678955078125000e+02
9.820627212524414062e+00
5.048960494995117188e+01
3.458117980957031250e+02
1.656545257568359375e+02
3.470839309692382812e+01
1.623141174316406250e+02
2.939192504882812500e+02
1.639798889160156250e+02
1.942210006713867188e+01
1.039908523559570312e+02
3.454314880371093750e+02
1.576678619384765625e+02
1.873386192321777344e+01
9.263760375976562500e+01
2.212207794189453125e+02
1.780897521972656250e+02
4.718690109252929688e+01
2.011337738037109375e+02
1.494470672607421875e+02
1.812329101562500000e+02
1.071235275268554688e+01
4.686629486083984375e+01
1.364223785400390625e+02
1.768451080322265625e+02
5.408478736877441406e+00
2.223219680786132812e+01
3.979908752441406250e+02
1.514400177001953125e+02
1.635070800781250000e+01
9.994744110107421875e+01
3.534785766601562500e+02
1.618053894042968750e+02
3.766774749755859375e+01
1.501134490966796875e+02
0.000000000000000000e+00
0.000000000000000000e+00
0.000000000000000000e+00
0.000000000000000000e+00
