1.974471282958984375e+02
1.609932250976562500e+02
2.959847450256347656e+01
1.521927947998046875e+02
1.977543945312500000e+02
1.567298278808593750e+02
2.888521957397460938e+01
1.753022918701171875e+02
1.292938537597656250e+02
1.710047760009765625e+02
1.826390457153320312e+01
6.975143432617187500e+01
1.306875915527343750e+02
1.770049896240234375e+02
1.838177108764648438e+01
6.485137939453125000e+01
2.381544342041015625e+02
1.704808044433593750e+02
3.140387153625488281e+01
1.337694549560546875e+02
2.419332580566406250e+02
1.767451171875000000e+02
2.413274765014648438e+01
1.201963958740234375e+02
2.392324371337890625e+02
1.762686614990234375e+02
3.040436935424804688e+01
1.309450073242187500e+02
2.414125061035156250e+02
1.814428100585937500e+02
2.587601470947265625e+01
1.215603866577148438e+02
1.098081207275390625e+02
1.750501708984375000e+02
1.005042552947998047e+01
4.220173645019531250e+01
2.435101318359375000e+02
1.754838256835937500e+02
2.716459846496582031e+01
1.330002899169921875e+02
1.314145965576171875e+02
1.768735961914062500e+02
1.387000751495361328e+01
5.749065780639648438e+01
2.594154663085937500e+02
1.647646331787109375e+02
1.613166427612304688e+01
6.582799530029296875e+01
2.430547027587890625e+02
1.667803802490234375e+02
2.932761764526367188e+01
1.375475769042968750e+02
1.321770019531250000e+02
1.792723541259765625e+02
1.374533748626708984e+01
6.032427597045898438e+01
1.582002258300781250e+02
1.642043457031250000e+02
5.825647735595703125e+01
2.227119903564453125e+02
1.223497543334960938e+02
1.769270935058593750e+02
5.814109325408935547e+00
2.362393760681152344e+01
9.227165985107421875e+01
1.836553192138671875e+02
1.086915493011474609e+01
3.795689010620117188e+01
2.503570556640625000e+02
1.679182739257812500e+02
2.017693138122558594e+01
1.334825592041015625e+02
1.591157989501953125e+02
1.618449096679687500e+02
5.079227066040039062e+01
2.079547576904296875e+02
1.552398376464843750e+02
1.552559204101562500e+02
8.398909759521484375e+01
2.321163940429687500e+02
2.403412628173828125e+02
1.700160217285156250e+02
6.775740146636962891e+00
3.717598342895507812e+01
2.290033721923828125e+02
1.707929687500000000e+02
1.106934833526611328e+01
4.952986907958984375e+01
2.463767547607421875e+02
1.874749450683593750e+02
2.339418983459472656e+01
1.150899276733398438e+02
1.449867858886718750e+02
1.828066711425781250e+02
1.069132232666015625e+01
4.525088882446289062e+01
3.977046203613281250e+02
1.506246185302734375e+02
1.691501426696777344e+01
1.010827255249023438e+02
3.629245605468750000e+02
1.690258789062500000e+02
2.325893020629882812e+01
6.293969345092773438e+01
0.000000000000000000e+00
0.000000000000000000e+00
0.000000000000000000e+00
0.000000000000000000e+00
