1.239486618041992188e+02
1.729031219482421875e+02
2.440711784362792969e+01
9.545954132080078125e+01
3.060579223632812500e+02
1.582024841308593750e+02
3.205879974365234375e+01
1.435588073730468750e+02
3.038121643066406250e+02
1.585068359375000000e+02
3.036504936218261719e+01
1.440247344970703125e+02
9.501155853271484375e+01
1.749012451171875000e+02
2.711420822143554688e+01
1.029332580566406250e+02
3.305307006835937500e+02
1.656379394531250000e+02
2.487040138244628906e+01
1.299953002929687500e+02
3.281166992187500000e+02
1.613966369628906250e+02
3.110370254516601562e+01
1.369139404296875000e+02
1.578884277343750000e+02
1.800312957763671875e+02
8.476182937622070312e+00
4.385848999023437500e+01
9.032729339599609375e+01
1.703058166503906250e+02
3.553071594238281250e+01
1.111829833984375000e+02
1.581138610839843750e+02
1.779096069335937500e+02
9.011354446411132812e+00
4.150639724731445312e+01
1.239212875366210938e+02
1.806420745849609375e+02
2.320036506652832031e+01
9.059651947021484375e+01
2.722952575683593750e+02
1.699369659423828125e+02
8.209256172180175781e+00
3.936478424072265625e+01
8.925596618652343750e+01
1.672073669433593750e+02
3.652077102661132812e+01
1.107888031005859375e+02
3.082327270507812500e+02
1.611508178710937500e+02
2.664298820495605469e+01
1.375787963867187500e+02
3.062872924804687500e+02
1.533198852539062500e+02
3.253568267822265625e+01
1.373094482421875000e+02
3.654806213378906250e+02
1.684499359130859375e+02
2.129059410095214844e+01
6.180800247192382812e+01
2.367215576171875000e+02
1.675583801269531250e+02
1.027149391174316406e+01
4.532656097412109375e+01
8.993292236328125000e+01
1.849917602539062500e+02
2.591415786743164062e+01
6.688441467285156250e+01
1.416186370849609375e+02
1.737438507080078125e+02
1.619918251037597656e+01
7.601541900634765625e+01
3.000484313964843750e+02
1.652795410156250000e+02
1.056446743011474609e+01
4.904839706420898438e+01
3.054141540527343750e+02
1.666430358886718750e+02
2.608219146728515625e+01
1.282310028076171875e+02
0.000000000000000000e+00
0.000000000000000000e+00
0.000000000000000000e+00
0.000000000000000000e+00
