1.861055297851562500e+02
1.717296142578125000e+02
2.745922279357910156e+01
1.139811096191406250e+02
1.143827133178710938e+02
1.648656311035156250e+02
5.048322677612304688e+01
1.729459686279296875e+02
1.127770385742187500e+02
1.631191558837890625e+02
5.320359039306640625e+01
1.901991271972656250e+02
1.641540527343750000e+02
1.668017272949218750e+02
2.724654960632324219e+01
1.347155914306640625e+02
2.055800476074218750e+02
1.683061218261718750e+02
1.784687805175781250e+01
1.007817687988281250e+02
1.648592987060546875e+02
1.667067871093750000e+02
2.473883819580078125e+01
1.314794464111328125e+02
1.830251007080078125e+02
1.699023132324218750e+02
3.450504684448242188e+01
1.187156753540039062e+02
1.593931579589843750e+02
1.625324401855468750e+02
2.922539710998535156e+01
1.469371948242187500e+02
2.493179626464843750e+02
1.728591918945312500e+02
1.067583465576171875e+01
4.046565246582031250e+01
2.490390625000000000e+02
1.695810852050781250e+02
9.742188453674316406e+00
4.184711074829101562e+01
1.091259384155273438e+02
1.751687316894531250e+02
9.474069595336914062e+00
4.152951812744140625e+01
1.039406280517578125e+02
1.756539611816406250e+02
8.834830284118652344e+00
4.161034011840820312e+01
1.205167388916015625e+02
1.769083862304687500e+02
6.028423309326171875e+00
2.279693412780761719e+01
1.626286315917968750e+02
1.704898376464843750e+02
2.387320137023925781e+01
1.284828643798828125e+02
1.273602752685546875e+02
1.788367614746093750e+02
6.776853561401367188e+00
1.666624641418457031e+01
1.890084228515625000e+02
1.776510620117187500e+02
2.315123748779296875e+01
8.600661468505859375e+01
2.524806671142578125e+02
1.751362762451171875e+02
9.518391609191894531e+00
3.732863998413085938e+01
1.258295135498046875e+02
1.638490600585937500e+02
4.437588119506835938e+01
1.686235046386718750e+02
3.628783264160156250e+02
1.675778198242187500e+02
2.371976089477539062e+01
6.633811950683593750e+01
0.000000000000000000e+00
0.000000000000000000e+00
0.000000000000000000e+00
0.000000000000000000e+00
