1.545605926513671875e+02
1.763140869140625000e+02
2.284759521484375000e+01
8.621099090576171875e+01
1.154792022705078125e+02
1.702965087890625000e+02
3.822037124633789062e+01
1.234596252441406250e+02
2.165684204101562500e+02
1.731317138671875000e+02
9.313712120056152344e+00
2.950837135314941406e+01
2.734108581542968750e+02
1.710520935058593750e+02
8.390327453613281250e+00
3.760866928100585938e+01
1.361475219726562500e+02
1.737179260253906250e+02
2.124836349487304688e+01
1.069817886352539062e+02
1.073638839721679688e+02
1.692290649414062500e+02
3.541679382324218750e+01
1.255416336059570312e+02
1.398910827636718750e+02
1.760037078857421875e+02
1.847513961791992188e+01
8.926679229736328125e+01
1.265835037231445312e+02
1.689786071777343750e+02
2.392640304565429688e+01
1.242776947021484375e+02
3.987863159179687500e+02
1.486646423339843750e+02
1.552682018280029297e+01
1.032892990112304688e+02
1.555449218750000000e+02
1.912756500244140625e+02
2.136989021301269531e+01
7.087766265869140625e+01
2.362394714355468750e+02
1.718854980468750000e+02
1.037837600708007812e+01
4.534914779663085938e+01
3.629986267089843750e+02
1.663962707519531250e+02
2.276907157897949219e+01
6.763348388671875000e+01
1.095261306762695312e+02
1.873569183349609375e+02
2.517728614807128906e+01
8.467870330810546875e+01
0.000000000000000000e+00
0.000000000000000000e+00
0.000000000000000000e+00
0.000000000000000000e+00
