1.727091064453125000e+02
1.644821624755859375e+02
2.900670623779296875e+01
1.419052734375000000e+02
2.002135467529296875e+02
1.715074615478515625e+02
3.450798797607421875e+01
1.208204040527343750e+02
2.027678833007812500e+02
1.744753570556640625e+02
2.823252296447753906e+01
1.177290039062500000e+02
2.482789611816406250e+02
1.718545532226562500e+02
1.316631507873535156e+01
4.227883529663085938e+01
1.321676940917968750e+02
1.640290832519531250e+02
4.660118865966796875e+01
1.972393951416015625e+02
1.216839904785156250e+02
1.681257934570312500e+02
1.643088531494140625e+01
7.140209960937500000e+01
1.731869354248046875e+02
1.674983062744140625e+02
2.686354446411132812e+01
1.329773559570312500e+02
2.482826843261718750e+02
1.697668609619140625e+02
1.188410854339599609e+01
4.249509048461914062e+01
2.197104492187500000e+02
1.717622985839843750e+02
2.221495628356933594e+01
9.423153686523437500e+01
1.331818389892578125e+02
1.674557189941406250e+02
4.569112777709960938e+01
1.660336151123046875e+02
1.721588592529296875e+02
1.668093261718750000e+02
3.019223594665527344e+01
1.493913116455078125e+02
1.084878463745117188e+02
1.737863922119140625e+02
1.065842723846435547e+01
4.375426101684570312e+01
1.228440856933593750e+02
1.729186553955078125e+02
1.364023399353027344e+01
6.429824066162109375e+01
2.371887054443359375e+02
1.699859619140625000e+02
9.305983543395996094e+00
3.741352462768554688e+01
2.188289642333984375e+02
1.701060028076171875e+02
2.094943046569824219e+01
1.146779098510742188e+02
1.164148254394531250e+02
1.696672363281250000e+02
1.893932151794433594e+01
6.445261383056640625e+01
2.501801757812500000e+02
1.728865509033203125e+02
1.269755744934082031e+01
4.039148330688476562e+01
1.039982986450195312e+02
1.744435272216796875e+02
1.008059978485107422e+01
4.340432357788085938e+01
0.000000000000000000e+00
0.000000000000000000e+00
0.000000000000000000e+00
0.000000000000000000e+00
