1.681845092773437500e+02
1.710398559570312500e+02
2.074603652954101562e+01
1.009305191040039062e+02
1.172102966308593750e+02
1.655260620117187500e+02
3.656314849853515625e+01
1.568557281494140625e+02
1.682383422851562500e+02
1.807951660156250000e+02
2.083589935302734375e+01
9.044260406494140625e+01
1.160444488525390625e+02
1.639588012695312500e+02
3.647867584228515625e+01
1.483428497314453125e+02
1.468917388916015625e+02
1.711344604492187500e+02
2.074650001525878906e+01
1.209605712890625000e+02
1.462525939941406250e+02
1.741551971435546875e+02
2.224276161193847656e+01
8.853503417968750000e+01
2.666565551757812500e+02
1.710943756103515625e+02
9.100080490112304688e+00
3.759261322021484375e+01
2.019493713378906250e+02
1.670735626220703125e+02
9.139136314392089844e+00
3.883286666870117188e+01
3.634283142089843750e+02
1.674868164062500000e+02
2.327737998962402344e+01
6.246090698242187500e+01
2.353602447509765625e+02
1.723684082031250000e+02
1.174491405487060547e+01
4.540961456298828125e+01
2.682069702148437500e+02
1.708262023925781250e+02
9.012464523315429688e+00
3.861067199707031250e+01
2.167604980468750000e+02
1.759976501464843750e+02
6.774807929992675781e+00
2.193983650207519531e+01
1.062179870605468750e+02
1.771864624023437500e+02
8.903596878051757812e+00
3.935534667968750000e+01
2.158221740722656250e+02
1.731926116943359375e+02
8.843259811401367188e+00
2.981877708435058594e+01
0.000000000000000000e+00
0.000000000000000000e+00
0.000000000000000000e+00
0.000000000000000000e+00
