1.278100967407226562e+02
1.664102325439453125e+02
2.733476448059082031e+01
1.095038375854492188e+02
3.493498535156250000e+02
1.547595520019531250e+02
3.368070220947265625e+01
1.594590301513671875e+02
3.508328552246093750e+02
1.543465118408203125e+02
4.019548416137695312e+01
1.600591430664062500e+02
1.032693862915039062e+02
1.675426940917968750e+02
2.542014503479003906e+01
1.199110565185546875e+02
3.485844421386718750e+02
1.621318359375000000e+02
3.535738372802734375e+01
1.595766754150390625e+02
3.726409912109375000e+02
1.578550415039062500e+02
3.810063934326171875e+01
1.540038757324218750e+02
9.885951232910156250e+01
1.670738677978515625e+02
3.243327713012695312e+01
1.203103256225585938e+02
1.272501144409179688e+02
1.757832946777343750e+02
2.663108825683593750e+01
9.976811218261718750e+01
2.706527404785156250e+02
1.699076843261718750e+02
8.139712333679199219e+00
3.902168655395507812e+01
3.138818054199218750e+02
1.649554901123046875e+02
8.798455238342285156e+00
4.912793350219726562e+01
3.500170593261718750e+02
1.642496032714843750e+02
4.262621688842773438e+01
1.558418121337890625e+02
1.047714080810546875e+02
1.739220123291015625e+02
2.334719276428222656e+01
9.459094238281250000e+01
1.520049438476562500e+02
1.749356994628906250e+02
1.144705581665039062e+01
4.356107330322265625e+01
9.337092590332031250e+01
1.705676879882812500e+02
3.529181671142578125e+01
1.181626434326171875e+02
1.225579681396484375e+02
1.687622985839843750e+02
3.607408905029296875e+01
1.055421218872070312e+02
1.567559967041015625e+02
1.753110656738281250e+02
9.254564285278320312e+00
4.528888320922851562e+01
3.718851318359375000e+02
1.663771362304687500e+02
4.019812393188476562e+01
1.518109893798828125e+02
1.518028259277343750e+02
1.810956420898437500e+02
1.084657287597656250e+01
4.444251632690429688e+01
0.000000000000000000e+00
0.000000000000000000e+00
0.000000000000000000e+00
0.000000000000000000e+00
