1.547200927734375000e+02
1.770227813720703125e+02
2.068088531494140625e+01
8.594133758544921875e+01
1.157435607910156250e+02
1.683393249511718750e+02
3.583365249633789062e+01
1.301743164062500000e+02
1.088240661621093750e+02
1.681933441162109375e+02
3.364701080322265625e+01
1.318664550781250000e+02
2.163111877441406250e+02
1.721136016845703125e+02
1.001337528228759766e+01
2.972386360168457031e+01
1.370064239501953125e+02
1.735493927001953125e+02
1.954711151123046875e+01
1.074000473022460938e+02
1.287275695800781250e+02
1.640144805908203125e+02
2.091626739501953125e+01
1.367358703613281250e+02
2.731354980468750000e+02
1.711715698242187500e+02
8.721076965332031250e+00
3.744708633422851562e+01
3.628548583984375000e+02
1.669436340332031250e+02
2.349452590942382812e+01
6.654661560058593750e+01
3.979183349609375000e+02
1.484085998535156250e+02
1.660175704956054688e+01
1.034201889038085938e+02
1.400831604003906250e+02
1.732097015380859375e+02
1.836130714416503906e+01
9.584307861328125000e+01
1.551035919189453125e+02
1.900895996093750000e+02
1.989652633666992188e+01
7.160322570800781250e+01
2.357722320556640625e+02
1.707052307128906250e+02
1.044789600372314453e+01
4.806400680541992188e+01
0.000000000000000000e+00
0.000000000000000000e+00
0.000000000000000000e+00
0.000000000000000000e+00
