7.407982635498046875e+01
1.661552581787109375e+02
3.358430099487304688e+01
1.237869796752929688e+02
1.537998962402343750e+02
1.587895202636718750e+02
2.642681503295898438e+01
1.206214141845703125e+02
1.491999511718750000e+02
1.550332336425781250e+02
3.395764160156250000e+01
1.248907699584960938e+02
1.557601318359375000e+02
1.743027954101562500e+02
2.501476097106933594e+01
1.052474594116210938e+02
7.552925109863281250e+01
1.654385986328125000e+02
2.942829322814941406e+01
1.232100677490234375e+02
1.101868133544921875e+02
1.699789886474609375e+02
2.485362434387207031e+01
1.207132034301757812e+02
2.245149993896484375e+02
1.470614318847656250e+02
4.802642059326171875e+01
2.395258636474609375e+02
1.032910003662109375e+02
1.679326782226562500e+02
3.401870346069335938e+01
1.239223251342773438e+02
2.238852996826171875e+02
1.629295806884765625e+02
5.012942123413085938e+01
2.250002136230468750e+02
1.349605255126953125e+02
1.777549896240234375e+02
2.514706039428710938e+01
9.828610992431640625e+01
7.315153503417968750e+01
1.636206817626953125e+02
3.498468399047851562e+01
1.175448837280273438e+02
1.364855346679687500e+02
1.746146850585937500e+02
2.370559883117675781e+01
9.033126068115234375e+01
1.824695434570312500e+02
1.691311492919921875e+02
1.202991485595703125e+01
5.464899444580078125e+01
2.123242950439453125e+02
1.622050933837890625e+02
3.436264419555664062e+01
2.054446105957031250e+02
1.823002777099609375e+02
1.711774139404296875e+02
1.243194770812988281e+01
6.221646118164062500e+01
1.318569030761718750e+02
1.580400390625000000e+02
3.930610656738281250e+01
1.226625061035156250e+02
1.491399230957031250e+02
1.669138183593750000e+02
3.409770202636718750e+01
1.177127151489257812e+02
1.779701995849609375e+02
1.673549346923828125e+02
1.722566604614257812e+01
6.245589447021484375e+01
0.000000000000000000e+00
0.000000000000000000e+00
0.000000000000000000e+00
0.000000000000000000e+00
