1.744941101074218750e+02
1.564399414062500000e+02
2.278393173217773438e+01
1.149490737915039062e+02
3.018352661132812500e+02
1.659065093994140625e+02
2.660453224182128906e+01
1.315180664062500000e+02
3.008472290039062500e+02
1.649870300292968750e+02
2.923675537109375000e+01
1.299148559570312500e+02
4.668820190429687500e+01
2.053579559326171875e+02
2.950391387939453125e+01
4.962619781494140625e+01
2.306101989746093750e+02
1.538721923828125000e+02
3.488895416259765625e+01
2.204691925048828125e+02
2.402355804443359375e+02
1.588661804199218750e+02
8.186978912353515625e+01
2.446140594482421875e+02
2.582228698730468750e+02
1.695521240234375000e+02
4.456327438354492188e+01
2.189158172607421875e+02
2.293615875244140625e+02
1.730430297851562500e+02
3.766147994995117188e+01
2.040188751220703125e+02
2.597604675292968750e+02
1.604776611328125000e+02
4.284730148315429688e+01
2.124470367431640625e+02
3.654936218261718750e+02
1.692947845458984375e+02
2.119678115844726562e+01
6.301419067382812500e+01
1.485806121826171875e+02
1.740595855712890625e+02
1.810699081420898438e+01
8.120153045654296875e+01
2.333401184082031250e+02
1.577145996093750000e+02
3.272775650024414062e+01
1.891271972656250000e+02
8.859442901611328125e+01
1.741971435546875000e+02
9.809754371643066406e+00
4.689419937133789062e+01
2.986696166992187500e+02
1.540154266357421875e+02
3.119262504577636719e+01
1.355490417480468750e+02
2.498225250244140625e+02
1.531120147705078125e+02
8.169942474365234375e+01
2.560736999511718750e+02
8.040342712402343750e+01
1.763259735107421875e+02
1.101036834716796875e+01
4.407302474975585938e+01
9.354418182373046875e+01
1.465153503417968750e+02
8.395628356933593750e+01
2.575794677734375000e+02
1.481674041748046875e+02
1.715259704589843750e+02
1.732158851623535156e+01
6.542913055419921875e+01
3.981936645507812500e+02
1.480576629638671875e+02
1.666941642761230469e+01
1.047757797241210938e+02
1.682569427490234375e+02
1.540341186523437500e+02
3.349327850341796875e+01
1.182463455200195312e+02
7.931599426269531250e+01
1.812351837158203125e+02
1.217407226562500000e+01
4.168504714965820312e+01
2.448032836914062500e+02
1.654476623535156250e+02
7.439202880859375000e+01
2.512786712646484375e+02
4.702999496459960938e+01
1.988672332763671875e+02
2.639626502990722656e+01
4.720586013793945312e+01
0.000000000000000000e+00
0.000000000000000000e+00
0.000000000000000000e+00
0.000000000000000000e+00
