1.050601043701171875e+02
1.690342407226562500e+02
3.703972625732421875e+01
1.310942535400390625e+02
1.542541503906250000e+02
1.795202484130859375e+02
1.642590522766113281e+01
7.967977905273437500e+01
1.316924896240234375e+02
1.678350372314453125e+02
2.003167152404785156e+01
1.239440917968750000e+02
1.323747558593750000e+02
1.725428771972656250e+02
2.051546859741210938e+01
9.479798126220703125e+01
3.626846313476562500e+02
1.669516296386718750e+02
2.289721488952636719e+01
6.611204528808593750e+01
3.340299072265625000e+02
1.648093719482421875e+02
8.667857170104980469e+00
4.991588973999023438e+01
1.393961334228515625e+02
1.735861511230468750e+02
1.864936256408691406e+01
9.249131774902343750e+01
1.161401672363281250e+02
1.720760955810546875e+02
3.629723358154296875e+01
1.197153549194335938e+02
2.730061950683593750e+02
1.706163787841796875e+02
8.458873748779296875e+00
3.816270065307617188e+01
1.359505157470703125e+02
1.773513031005859375e+02
1.939425086975097656e+01
9.905939483642578125e+01
3.974051818847656250e+02
1.801804046630859375e+02
1.719745063781738281e+01
7.124784088134765625e+01
2.355671997070312500e+02
1.713988800048828125e+02
1.079234790802001953e+01
4.750802230834960938e+01
3.334627685546875000e+02
1.726684265136718750e+02
9.035430908203125000e+00
4.151719665527343750e+01
0.000000000000000000e+00
0.000000000000000000e+00
0.000000000000000000e+00
0.000000000000000000e+00
