1.305032958984375000e+02
1.685386047363281250e+02
2.290414047241210938e+01
9.662141418457031250e+01
1.624449768066406250e+02
1.643844909667968750e+02
2.398814582824707031e+01
1.224781036376953125e+02
3.294073486328125000e+02
1.564069213867187500e+02
3.808547210693359375e+01
1.579505157470703125e+02
1.868778991699218750e+02
1.662548675537109375e+02
2.479484748840332031e+01
9.711196136474609375e+01
1.622789154052734375e+02
1.662533569335937500e+02
2.280600929260253906e+01
1.100623168945312500e+02
9.019514465332031250e+01
1.862196350097656250e+02
2.339470100402832031e+01
6.497962951660156250e+01
2.468111877441406250e+02
1.586554565429687500e+02
4.428144073486328125e+01
2.349214019775390625e+02
2.880903320312500000e+02
1.778027954101562500e+02
4.946811294555664062e+01
2.047288970947265625e+02
2.486663360595703125e+02
1.571001892089843750e+02
4.136380767822265625e+01
2.213959197998046875e+02
2.882253112792968750e+02
1.762744598388671875e+02
5.107305908203125000e+01
2.331648864746093750e+02
1.654775085449218750e+02
1.662693023681640625e+02
2.229370498657226562e+01
1.203386764526367188e+02
1.192907333374023438e+02
1.747326660156250000e+02
8.039175033569335938e+00
2.977444267272949219e+01
2.513379211425781250e+02
1.572932586669921875e+02
4.702885818481445312e+01
2.405965270996093750e+02
3.285108947753906250e+02
1.638027648925781250e+02
3.931624221801757812e+01
1.567302093505859375e+02
3.652734985351562500e+02
1.679947204589843750e+02
2.059744262695312500e+01
6.287309646606445312e+01
1.351900939941406250e+02
1.682497100830078125e+02
1.983330154418945312e+01
9.858764648437500000e+01
5.152854919433593750e-01
1.351704559326171875e+02
5.371936035156250000e+01
2.888748474121093750e+02
1.549629669189453125e+02
1.590624694824218750e+02
3.437785720825195312e+01
1.253099365234375000e+02
2.528100585937500000e+02
1.503722534179687500e+02
4.295423889160156250e+01
2.351124420166015625e+02
3.302990112304687500e+02
1.615736846923828125e+02
4.657486343383789062e+01
1.487532653808593750e+02
1.310950317382812500e+02
1.828113403320312500e+02
2.155576705932617188e+01
8.661882019042968750e+01
1.561043853759765625e+02
1.668031005859375000e+02
3.319786834716796875e+01
1.176973419189453125e+02
2.900839843750000000e+02
1.815466308593750000e+02
4.645642471313476562e+01
1.691830596923828125e+02
1.140490798950195312e+02
1.748927917480468750e+02
7.862045288085937500e+00
2.932098007202148438e+01
3.984610900878906250e+02
1.485780334472656250e+02
1.612668609619140625e+01
1.029745864868164062e+02
1.138724060058593750e+02
1.780475921630859375e+02
5.470833778381347656e+00
2.274311447143554688e+01
1.212970962524414062e+02
1.770799255371093750e+02
5.772338867187500000e+00
2.363690567016601562e+01
0.000000000000000000e+00
0.000000000000000000e+00
0.000000000000000000e+00
0.000000000000000000e+00
