2.287910919189453125e+02
1.512014923095703125e+02
4.263602066040039062e+01
2.294077453613281250e+02
3.116457519531250000e+02
1.688758544921875000e+02
1.167959308624267578e+01
4.243936157226562500e+01
2.670364074707031250e+02
1.696245422363281250e+02
2.210624694824218750e+01
9.078239440917968750e+01
1.049109268188476562e+02
1.737558288574218750e+02
1.151299381256103516e+01
4.393527221679687500e+01
2.256983337402343750e+02
1.494283142089843750e+02
4.677743530273437500e+01
2.525223999023437500e+02
1.572119140625000000e+01
1.625544128417968750e+02
4.790173339843750000e+01
1.612266387939453125e+02
7.939408874511718750e+01
1.785788269042968750e+02
1.203966808319091797e+01
4.538467407226562500e+01
7.926360321044921875e+01
1.779566802978515625e+02
1.210847473144531250e+01
4.109236526489257812e+01
1.913903999328613281e+01
1.550895996093750000e+02
4.158452987670898438e+01
1.633539123535156250e+02
3.774943542480468750e+02
1.578351745605468750e+02
3.379814147949218750e+01
1.733109130859375000e+02
1.845199737548828125e+02
1.677261047363281250e+02
4.146030044555664062e+01
1.899533843994140625e+02
3.758156433105468750e+02
1.492361755371093750e+02
3.465549087524414062e+01
1.734468078613281250e+02
1.781925506591796875e+02
1.713282775878906250e+02
1.684165763854980469e+01
8.277685546875000000e+01
3.114698486328125000e+02
1.737732696533203125e+02
1.179363918304443359e+01
3.892099380493164062e+01
4.012976684570312500e+02
1.783560180664062500e+02
1.513391590118408203e+01
1.659695434570312500e+02
4.014340820312500000e+02
1.507855529785156250e+02
1.357135486602783203e+01
1.973823242187500000e+02
3.908447265625000000e+02
1.561157226562500000e+02
2.385694885253906250e+01
1.839781494140625000e+02
1.579035949707031250e+02
1.789197082519531250e+02
9.693179130554199219e+00
4.982825851440429688e+01
1.888913574218750000e+02
1.629695129394531250e+02
4.348020935058593750e+01
2.024163360595703125e+02
1.073292160034179688e+02
1.743368682861328125e+02
1.059349060058593750e+01
4.368525314331054688e+01
1.210972213745117188e+02
1.784992065429687500e+02
5.240881443023681641e+00
2.004476928710937500e+01
6.820057678222656250e+01
1.724904327392578125e+02
1.076969528198242188e+01
4.723125076293945312e+01
3.917396545410156250e+02
1.688655700683593750e+02
2.456992721557617188e+01
1.857038116455078125e+02
0.000000000000000000e+00
0.000000000000000000e+00
0.000000000000000000e+00
0.000000000000000000e+00
