1.188690261840820312e+02
1.646262207031250000e+02
3.157954216003417969e+01
1.257789077758789062e+02
5.890783309936523438e+00
1.652620849609375000e+02
3.870306777954101562e+01
1.430532684326171875e+02
5.570333099365234375e+01
1.660182189941406250e+02
3.226866149902343750e+01
1.418864593505859375e+02
1.217970199584960938e+02
1.661061859130859375e+02
2.763349723815917969e+01
1.253230361938476562e+02
6.468498229980468750e+00
1.749333648681640625e+02
3.777347564697265625e+01
1.328697509765625000e+02
8.099189758300781250e+01
1.681229705810546875e+02
3.533050537109375000e+01
1.199748306274414062e+02
1.576427764892578125e+02
1.790390777587890625e+02
1.012226772308349609e+01
5.072771453857421875e+01
2.311697692871093750e+02
1.591633300781250000e+02
5.450128936767578125e+01
2.339096527099609375e+02
2.293331604003906250e+02
1.638344573974609375e+02
4.742419052124023438e+01
2.252450866699218750e+02
2.077663574218750000e+02
1.654780883789062500e+02
3.695262527465820312e+01
1.944576263427734375e+02
1.188087997436523438e+02
1.540735473632812500e+02
3.392317581176757812e+01
1.352600860595703125e+02
8.286107635498046875e+01
1.717613983154296875e+02
3.084111976623535156e+01
1.129936828613281250e+02
2.048486938476562500e+02
1.682358551025390625e+02
3.539140701293945312e+01
1.886032409667968750e+02
5.553588867187500000e+01
1.677679443359375000e+02
3.285549545288085938e+01
1.465588226318359375e+02
6.094384002685546875e+01
1.730087738037109375e+02
2.374360466003417969e+01
1.248294906616210938e+02
7.463185119628906250e+01
1.639591674804687500e+02
3.751342391967773438e+01
1.318752136230468750e+02
2.315363922119140625e+02
1.681110687255859375e+02
5.833731460571289062e+01
1.992109069824218750e+02
2.071176300048828125e+02
1.569370117187500000e+02
3.748031997680664062e+01
1.903259582519531250e+02
3.629926147460937500e+02
1.678913574218750000e+02
2.267756271362304688e+01
6.481089782714843750e+01
2.288044281005859375e+02
1.616874694824218750e+02
4.555576705932617188e+01
2.133281707763671875e+02
1.488389739990234375e+02
1.811880187988281250e+02
9.557612419128417969e+00
4.501730346679687500e+01
2.038147125244140625e+02
1.598292846679687500e+02
3.711320114135742188e+01
1.845126800537109375e+02
8.175984954833984375e+01
1.682191009521484375e+02
2.288680839538574219e+01
1.217188186645507812e+02
0.000000000000000000e+00
0.000000000000000000e+00
0.000000000000000000e+00
0.000000000000000000e+00
