9.965634155273437500e+01
1.684024505615234375e+02
3.185127258300781250e+01
1.256886520385742188e+02
1.033556442260742188e+02
1.700032806396484375e+02
2.554237937927246094e+01
1.229731216430664062e+02
1.296257324218750000e+02
1.674445190429687500e+02
2.486706352233886719e+01
1.064962005615234375e+02
3.721435852050781250e+02
1.522960052490234375e+02
3.911697006225585938e+01
1.692052001953125000e+02
3.692200927734375000e+02
1.562893676757812500e+02
4.362409973144531250e+01
1.751480865478515625e+02
3.212793579101562500e+02
1.657059326171875000e+02
7.997436046600341797e+00
4.782592391967773438e+01
1.288795776367187500e+02
1.800256958007812500e+02
2.623518371582031250e+01
9.297590637207031250e+01
2.723623657226562500e+02
1.663301544189453125e+02
8.229696273803710938e+00
4.419913101196289062e+01
1.392953643798828125e+02
1.720080413818359375e+02
2.278928184509277344e+01
9.002126312255859375e+01
3.212973937988281250e+02
1.699901123046875000e+02
8.610207557678222656e+00
4.633980560302734375e+01
9.349475097656250000e+01
1.726203613281250000e+02
3.507926940917968750e+01
1.220442504882812500e+02
1.053751831054687500e+02
1.788473510742187500e+02
2.261966514587402344e+01
8.107884216308593750e+01
1.744154510498046875e+02
1.793997192382812500e+02
8.511628150939941406e+00
3.223894882202148438e+01
1.345522003173828125e+02
1.840708770751953125e+02
2.387623786926269531e+01
8.892620086669921875e+01
1.579354095458984375e+02
1.749440612792968750e+02
8.272527694702148438e+00
4.345658874511718750e+01
0.000000000000000000e+00
0.000000000000000000e+00
0.000000000000000000e+00
0.000000000000000000e+00
