2.403344116210937500e+02
1.672930297851562500e+02
2.180322456359863281e+01
1.359083099365234375e+02
1.956306915283203125e+02
1.624886779785156250e+02
2.986526298522949219e+01
1.509665679931640625e+02
1.964188690185546875e+02
1.597569885253906250e+02
2.787631416320800781e+01
1.659276275634765625e+02
1.093993377685546875e+02
1.739379577636718750e+02
1.077556800842285156e+01
4.442453002929687500e+01
2.358018493652343750e+02
1.682314453125000000e+02
3.060814666748046875e+01
1.321093139648437500e+02
1.293222808837890625e+02
1.720129852294921875e+02
1.819225502014160156e+01
6.622956085205078125e+01
1.302744293212890625e+02
1.777578430175781250e+02
1.889549636840820312e+01
6.310426712036132812e+01
1.305340118408203125e+02
1.775722503662109375e+02
1.422742462158203125e+01
6.437532806396484375e+01
2.382256469726562500e+02
1.836574401855468750e+02
2.110086250305175781e+01
1.164077758789062500e+02
1.298381652832031250e+02
1.826710815429687500e+02
1.478191089630126953e+01
4.402392196655273438e+01
1.566535949707031250e+02
1.717825012207031250e+02
5.119585418701171875e+01
2.078222045898437500e+02
3.627294311523437500e+02
1.684333648681640625e+02
2.404205894470214844e+01
6.454962921142578125e+01
1.914212646484375000e+02
1.615531616210937500e+02
3.076408576965332031e+01
1.670368194580078125e+02
1.560428466796875000e+02
1.578453979492187500e+02
4.914477539062500000e+01
2.165387420654296875e+02
2.259281311035156250e+02
1.700836486816406250e+02
1.035780715942382812e+01
3.739478302001953125e+01
1.221630249023437500e+02
1.760720062255859375e+02
5.553048133850097656e+00
2.479468345642089844e+01
9.360408020019531250e+01
1.773142242431640625e+02
1.100183868408203125e+01
4.071377944946289062e+01
1.917309112548828125e+02
1.626013641357421875e+02
3.041974067687988281e+01
1.486537780761718750e+02
9.224231719970703125e+01
1.830474853515625000e+02
1.184321117401123047e+01
3.798487854003906250e+01
0.000000000000000000e+00
0.000000000000000000e+00
0.000000000000000000e+00
0.000000000000000000e+00
