2.171225433349609375e+02
1.715025939941406250e+02
3.574576950073242188e+01
1.251457748413085938e+02
1.833058624267578125e+02
1.658731079101562500e+02
3.254092407226562500e+01
1.421863555908203125e+02
1.239310913085937500e+02
1.692172851562500000e+02
1.829407501220703125e+01
7.054536437988281250e+01
1.084777450561523438e+02
1.747852478027343750e+02
1.106237411499023438e+01
4.307592773437500000e+01
1.250590667724609375e+02
1.782701873779296875e+02
1.973415756225585938e+01
6.192037200927734375e+01
2.191231231689453125e+02
1.780390319824218750e+02
2.852862930297851562e+01
1.138864364624023438e+02
1.828671569824218750e+02
1.615330657958984375e+02
3.351419830322265625e+01
1.602998657226562500e+02
2.579206237792968750e+02
1.727517700195312500e+02
9.535035133361816406e+00
4.174178314208984375e+01
1.441309204101562500e+02
1.624515838623046875e+02
4.202964782714843750e+01
2.058093566894531250e+02
1.267821197509765625e+02
1.739287414550781250e+02
1.381027126312255859e+01
6.298124313354492188e+01
9.438157653808593750e+01
1.844950866699218750e+02
1.170254707336425781e+01
3.762111663818359375e+01
1.262395477294921875e+02
1.813806610107421875e+02
1.555553817749023438e+01
5.581293487548828125e+01
2.567523193359375000e+02
1.684977416992187500e+02
9.706586837768554688e+00
4.387080383300781250e+01
2.171240081787109375e+02
1.804480285644531250e+02
3.591997146606445312e+01
1.213471679687500000e+02
1.432148895263671875e+02
1.869483337402343750e+02
4.576043701171875000e+01
1.775903930664062500e+02
2.349238891601562500e+02
1.679771270751953125e+02
1.811399459838867188e+01
1.022565994262695312e+02
2.248576660156250000e+02
1.629585571289062500e+02
3.304624557495117188e+01
1.327452239990234375e+02
1.872076873779296875e+02
1.787854003906250000e+02
2.568140602111816406e+01
1.094377288818359375e+02
0.000000000000000000e+00
0.000000000000000000e+00
0.000000000000000000e+00
0.000000000000000000e+00
