2.200431060791015625e+02
1.706972351074218750e+02
2.187450218200683594e+01
8.508587646484375000e+01
2.718364562988281250e+02
1.717023010253906250e+02
2.236809158325195312e+01
9.820654296875000000e+01
1.572627258300781250e+02
1.741969757080078125e+02
8.425096511840820312e+00
3.992148590087890625e+01
2.428381652832031250e+02
1.649371643066406250e+02
1.978102302551269531e+01
9.846369934082031250e+01
2.720914001464843750e+02
1.760524291992187500e+02
2.179419326782226562e+01
1.000811843872070312e+02
2.590512084960937500e+02
1.662641906738281250e+02
1.757839584350585938e+01
9.654444122314453125e+01
1.350228118896484375e+02
1.772077026367187500e+02
7.349836826324462891e+00
3.599690246582031250e+01
7.932191467285156250e+01
1.812415466308593750e+02
1.243042087554931641e+01
4.235151290893554688e+01
1.187292327880859375e+02
1.777129211425781250e+02
9.688348770141601562e+00
3.114962387084960938e+01
1.188357543945312500e+02
1.735474853515625000e+02
1.041916847229003906e+01
3.385229110717773438e+01
3.640845031738281250e+02
1.688433227539062500e+02
2.326395988464355469e+01
6.371129989624023438e+01
1.512996215820312500e+02
1.833103942871093750e+02
4.698488235473632812e+00
2.254795455932617188e+01
1.273337631225585938e+02
1.776854553222656250e+02
7.545706272125244141e+00
3.115842437744140625e+01
7.920676422119140625e+01
1.786590118408203125e+02
1.234522914886474609e+01
4.025244903564453125e+01
1.426788635253906250e+02
1.788343658447265625e+02
8.590616226196289062e+00
3.484717941284179688e+01
2.214370880126953125e+02
1.692710876464843750e+02
1.884910392761230469e+01
7.209281921386718750e+01
1.751197967529296875e+02
1.805802459716796875e+02
8.622143745422363281e+00
3.126516914367675781e+01
0.000000000000000000e+00
0.000000000000000000e+00
0.000000000000000000e+00
0.000000000000000000e+00
