1.528802185058593750e+02
1.685360565185546875e+02
2.610109329223632812e+01
1.270901794433593750e+02
1.189707336425781250e+02
1.665739135742187500e+02
3.956027603149414062e+01
1.660663909912109375e+02
1.504041442871093750e+02
1.685954284667968750e+02
3.248982238769531250e+01
1.278290252685546875e+02
1.762508850097656250e+02
1.794182891845703125e+02
2.098711013793945312e+01
9.487771606445312500e+01
1.768520202636718750e+02
1.765338134765625000e+02
2.145433044433593750e+01
8.954667663574218750e+01
2.077028961181640625e+02
1.687767639160156250e+02
9.370491981506347656e+00
3.591698837280273438e+01
1.913901062011718750e+02
1.721892547607421875e+02
1.707220077514648438e+01
9.057740020751953125e+01
3.633764953613281250e+02
1.674919738769531250e+02
2.324622726440429688e+01
6.303758621215820312e+01
2.609162597656250000e+02
1.747962493896484375e+02
7.930616855621337891e+00
3.700069046020507812e+01
2.609862670898437500e+02
1.699800109863281250e+02
8.196465492248535156e+00
4.103650283813476562e+01
1.177685775756835938e+02
1.695348205566406250e+02
3.844883728027343750e+01
1.303026123046875000e+02
1.030392379760742188e+02
1.757445068359375000e+02
1.151423072814941406e+01
4.393442153930664062e+01
0.000000000000000000e+00
0.000000000000000000e+00
0.000000000000000000e+00
0.000000000000000000e+00
