2.942225952148437500e+02
1.690168457031250000e+02
3.997459411621093750e+01
1.508228454589843750e+02
3.575813293457031250e+02
1.639035034179687500e+02
2.564658355712890625e+01
1.279393310546875000e+02
3.563666381835937500e+02
1.630622558593750000e+02
2.965519523620605469e+01
1.276174163818359375e+02
2.078189697265625000e+02
1.609583587646484375e+02
4.509481811523437500e+01
2.351964416503906250e+02
2.951895446777343750e+02
1.640828247070312500e+02
3.492974472045898438e+01
1.478190002441406250e+02
1.696095123291015625e+02
1.712336730957031250e+02
3.877659988403320312e+01
1.816322784423828125e+02
1.459863891601562500e+02
1.722885131835937500e+02
1.904146003723144531e+01
6.550624084472656250e+01
3.555471191406250000e+02
1.547527160644531250e+02
3.204280090332031250e+01
1.334515838623046875e+02
1.091642837524414062e+02
1.739731140136718750e+02
1.015370559692382812e+01
4.300142288208007812e+01
1.462455444335937500e+02
1.809963836669921875e+02
1.936081314086914062e+01
6.086536407470703125e+01
2.108102416992187500e+02
1.622008666992187500e+02
4.141128540039062500e+01
2.090961151123046875e+02
2.479207763671875000e+02
1.668868865966796875e+02
7.321968555450439453e+00
4.399055099487304688e+01
3.516736450195312500e+02
1.630322875976562500e+02
3.020215988159179688e+01
1.277386322021484375e+02
1.746570281982421875e+02
1.666988372802734375e+02
3.943238449096679688e+01
1.926069641113281250e+02
1.215155258178710938e+02
1.760065002441406250e+02
5.847899913787841797e+00
2.342109680175781250e+01
8.573014831542968750e+01
1.777157287597656250e+02
1.031050777435302734e+01
4.040631103515625000e+01
1.684503479003906250e+02
1.624382324218750000e+02
3.965226745605468750e+01
1.812046966552734375e+02
1.371371765136718750e+02
1.756134185791015625e+02
4.907826423645019531e+00
2.260978889465332031e+01
3.548015747070312500e+02
1.642397918701171875e+02
2.505393218994140625e+01
1.268429565429687500e+02
2.068910827636718750e+02
1.729161682128906250e+02
4.456322860717773438e+01
2.370691986083984375e+02
3.980198669433593750e+02
1.771989288330078125e+02
1.665174102783203125e+01
7.483312225341796875e+01
3.592119140625000000e+02
1.646539001464843750e+02
2.452764320373535156e+01
1.091496276855468750e+02
1.292351074218750000e+02
1.775308227539062500e+02
4.996473789215087891e+00
2.053633117675781250e+01
0.000000000000000000e+00
0.000000000000000000e+00
0.000000000000000000e+00
0.000000000000000000e+00
