7.164347839355468750e+01
1.663386535644531250e+02
3.572524261474609375e+01
1.267839355468750000e+02
1.530662536621093750e+02
1.577891235351562500e+02
2.646932983398437500e+01
1.234175109863281250e+02
1.491093444824218750e+02
1.544678649902343750e+02
3.311946105957031250e+01
1.274578094482421875e+02
1.092133407592773438e+02
1.659846496582031250e+02
2.438090896606445312e+01
1.295045776367187500e+02
1.548159179687500000e+02
1.733658447265625000e+02
2.528162956237792969e+01
1.068852996826171875e+02
1.032421951293945312e+02
1.661537322998046875e+02
3.283454513549804688e+01
1.274425125122070312e+02
2.241326293945312500e+02
1.471873931884765625e+02
5.140710067749023438e+01
2.382077941894531250e+02
1.346138458251953125e+02
1.778335418701171875e+02
2.572004890441894531e+01
9.840123748779296875e+01
2.225429229736328125e+02
1.642279357910156250e+02
5.480822753906250000e+01
2.216796264648437500e+02
1.364962005615234375e+02
1.771536712646484375e+02
2.379495048522949219e+01
8.259816741943359375e+01
7.125709533691406250e+01
1.645823516845703125e+02
3.647342681884765625e+01
1.155466690063476562e+02
7.412210845947265625e+01
1.715877685546875000e+02
2.956857490539550781e+01
1.130803070068359375e+02
1.487964477539062500e+02
1.647344970703125000e+02
3.338819885253906250e+01
1.217893295288085938e+02
1.825853271484375000e+02
1.707910461425781250e+02
1.225968837738037109e+01
6.373167419433593750e+01
3.634391479492187500e+02
1.686693878173828125e+02
2.289983749389648438e+01
6.488265228271484375e+01
1.824628448486328125e+02
1.723292694091796875e+02
1.213698768615722656e+01
4.972084808349609375e+01
2.116440887451171875e+02
1.660602569580078125e+02
3.418380355834960938e+01
1.968480529785156250e+02
1.317593688964843750e+02
1.566602172851562500e+02
3.948035430908203125e+01
1.264229583740234375e+02
2.418243713378906250e+02
1.599512634277343750e+02
4.525580978393554688e+01
2.108603057861328125e+02
1.308793640136718750e+02
1.679741058349609375e+02
3.931639099121093750e+01
1.172009506225585938e+02
0.000000000000000000e+00
0.000000000000000000e+00
0.000000000000000000e+00
0.000000000000000000e+00
