2.095031166076660156e+01
1.669535369873046875e+02
3.478094100952148438e+01
1.393380737304687500e+02
6.545484924316406250e+01
1.695118713378906250e+02
3.885682296752929688e+01
1.359496612548828125e+02
1.262515945434570312e+02
1.510408782958984375e+02
3.059668922424316406e+01
1.363326721191406250e+02
1.571942749023437500e+02
1.769416046142578125e+02
1.067541980743408203e+01
5.683885574340820312e+01
2.300077362060546875e+02
1.603195648193359375e+02
5.755361557006835938e+01
2.312702941894531250e+02
9.340758514404296875e+01
1.752825317382812500e+02
2.303755569458007812e+01
1.076527938842773438e+02
6.665692138671875000e+01
1.713066406250000000e+02
3.640512466430664062e+01
1.397069396972656250e+02
1.277237396240234375e+02
1.612181396484375000e+02
2.590772247314453125e+01
1.153761138916015625e+02
2.184298515319824219e+01
1.717727050781250000e+02
3.363136672973632812e+01
1.386730041503906250e+02
2.291073455810546875e+02
1.653971252441406250e+02
4.848722076416015625e+01
2.218991088867187500e+02
2.086730804443359375e+02
1.643549652099609375e+02
3.514680099487304688e+01
1.952834167480468750e+02
2.310758209228515625e+02
1.614558410644531250e+02
5.978373336791992188e+01
2.132958526611328125e+02
1.293645629882812500e+02
1.682322998046875000e+02
2.439120483398437500e+01
1.161073989868164062e+02
9.358556365966796875e+01
1.733972320556640625e+02
2.163537406921386719e+01
9.644046020507812500e+01
5.842338562011718750e+01
1.686010894775390625e+02
4.033450698852539062e+01
1.374646606445312500e+02
1.578981933593750000e+02
1.836384887695312500e+02
1.079383087158203125e+01
5.319575881958007812e+01
1.984838867187500000e+02
1.712839050292968750e+02
1.227889347076416016e+01
6.325259017944335938e+01
2.050237121582031250e+02
1.695496673583984375e+02
3.453995132446289062e+01
1.856852111816406250e+02
1.243252258300781250e+02
1.600842742919921875e+02
3.272570419311523438e+01
1.304230651855468750e+02
1.960819702148437500e+02
1.710754699707031250e+02
1.617061424255371094e+01
6.354075622558593750e+01
2.080707855224609375e+02
1.571374206542968750e+02
3.656717681884765625e+01
1.890244598388671875e+02
3.628146667480468750e+02
1.671270751953125000e+02
2.338517761230468750e+01
6.590583801269531250e+01
1.277640533447265625e+02
1.508360748291015625e+02
3.500028228759765625e+01
1.359531555175781250e+02
1.989345092773437500e+02
1.667449951171875000e+02
1.245952033996582031e+01
6.257418441772460938e+01
1.141320571899414062e+02
1.776142120361328125e+02
5.415350914001464844e+00
2.297772407531738281e+01
1.218215789794921875e+02
1.786323852539062500e+02
4.711605072021484375e+00
1.845822906494140625e+01
2.278766632080078125e+02
1.578802185058593750e+02
4.801665878295898438e+01
2.208058624267578125e+02
2.026768646240234375e+02
1.618925781250000000e+02
3.857190322875976562e+01
1.792584991455078125e+02
0.000000000000000000e+00
0.000000000000000000e+00
0.000000000000000000e+00
0.000000000000000000e+00
