1.365980987548828125e+02
1.673631591796875000e+02
2.458651542663574219e+01
9.712622833251953125e+01
1.706422271728515625e+02
1.700698242187500000e+02
2.254265213012695312e+01
1.113600234985351562e+02
3.406807250976562500e+02
1.592174377441406250e+02
3.692255020141601562e+01
1.533594970703125000e+02
1.728838195800781250e+02
1.642473144531250000e+02
2.209447669982910156e+01
1.149734954833984375e+02
2.552411804199218750e+02
1.702644805908203125e+02
4.127708816528320312e+01
2.172499694824218750e+02
3.412995910644531250e+02
1.605356292724609375e+02
3.656441879272460938e+01
1.645654602050781250e+02
1.914172515869140625e+02
1.698367919921875000e+02
1.964671707153320312e+01
9.018363189697265625e+01
2.892618103027343750e+02
1.580603942871093750e+02
8.006331634521484375e+01
2.661200561523437500e+02
7.613190460205078125e+01
1.980403594970703125e+02
2.574834251403808594e+01
6.788452148437500000e+01
7.873358154296875000e+01
1.854715576171875000e+02
2.199539566040039062e+01
6.743534851074218750e+01
2.009317932128906250e+02
1.732145690917968750e+02
1.744738578796386719e+01
8.717459106445312500e+01
3.663295593261718750e+02
1.687769622802734375e+02
1.798843574523925781e+01
6.762532806396484375e+01
2.845301513671875000e+02
1.476209869384765625e+02
8.305696868896484375e+01
2.734889831542968750e+02
2.367711639404296875e+02
1.674667510986328125e+02
1.228152561187744141e+01
6.113410186767578125e+01
3.017799072265625000e+02
2.139359436035156250e+02
5.152635192871093750e+01
1.623054351806640625e+02
2.577334289550781250e+02
1.602913818359375000e+02
3.701256942749023438e+01
2.157739257812500000e+02
1.200591735839843750e+02
1.749029083251953125e+02
8.356825828552246094e+00
2.974904632568359375e+01
1.212341308593750000e+00
2.079542999267578125e+02
2.606629753112792969e+01
1.751899108886718750e+02
2.560967102050781250e+02
1.939311218261718750e+02
3.940732955932617188e+01
1.938230590820312500e+02
3.979926757812500000e+02
1.785005798339843750e+02
1.653017616271972656e+01
7.420617675781250000e+01
2.361986694335937500e+02
1.722527313232421875e+02
1.260917091369628906e+01
5.833774566650390625e+01
2.507525939941406250e+02
1.746987915039062500e+02
4.022601318359375000e+01
2.093302001953125000e+02
3.980310974121093750e+02
1.517025756835937500e+02
1.653969955444335938e+01
9.935892486572265625e+01
0.000000000000000000e+00
0.000000000000000000e+00
0.000000000000000000e+00
0.000000000000000000e+00
