1.855729675292968750e+02
1.666763610839843750e+02
2.238083839416503906e+01
9.713396453857421875e+01
1.402577667236328125e+02
1.757980804443359375e+02
1.072960662841796875e+01
4.074197006225585938e+01
2.339769592285156250e+02
1.673303680419921875e+02
2.664433670043945312e+01
1.056566467285156250e+02
2.268745269775390625e+02
1.615938720703125000e+02
3.645539093017578125e+01
1.176298904418945312e+02
1.528699188232421875e+02
1.757905120849609375e+02
9.653872489929199219e+00
3.410326766967773438e+01
3.341910400390625000e+02
1.668578186035156250e+02
5.088672637939453125e+01
2.277053070068359375e+02
3.530092773437500000e+02
1.641177673339843750e+02
5.115449142456054688e+01
2.332982025146484375e+02
2.325822296142578125e+02
1.738607635498046875e+02
2.678633308410644531e+01
1.035986633300781250e+02
2.048412933349609375e+02
1.616594085693359375e+02
2.518441963195800781e+01
1.091202468872070312e+02
1.183113861083984375e+02
1.737631225585937500e+02
8.729631423950195312e+00
3.236731338500976562e+01
1.521837310791015625e+02
1.746530456542968750e+02
9.571258544921875000e+00
3.309720993041992188e+01
1.259759674072265625e+02
1.752405090332031250e+02
8.085076332092285156e+00
3.038282585144042969e+01
3.569307556152343750e+02
1.569317321777343750e+02
4.613654327392578125e+01
2.217614135742187500e+02
3.368701782226562500e+02
1.641046447753906250e+02
4.369084548950195312e+01
2.060677642822265625e+02
2.263559265136718750e+02
1.687032470703125000e+02
3.728877258300781250e+01
1.136812286376953125e+02
8.019207000732421875e+01
1.830730590820312500e+02
1.198714351654052734e+01
3.975905990600585938e+01
3.697163391113281250e+02
1.505604095458984375e+02
3.990512466430664062e+01
2.585993957519531250e+02
8.782616424560546875e+01
1.765882263183593750e+02
1.182282638549804688e+01
4.345939254760742188e+01
3.330540466308593750e+02
1.697323608398437500e+02
5.490714645385742188e+01
2.423157501220703125e+02
0.000000000000000000e+00
0.000000000000000000e+00
0.000000000000000000e+00
0.000000000000000000e+00
