2.651203918457031250e+02
1.723017578125000000e+02
3.976991653442382812e+01
1.413631439208984375e+02
2.658099670410156250e+02
1.623302917480468750e+02
3.754991531372070312e+01
1.503786163330078125e+02
1.399656677246093750e+02
1.751931762695312500e+02
1.758975982666015625e+01
6.989494323730468750e+01
1.659176330566406250e+02
1.639809112548828125e+02
3.570161056518554688e+01
1.720372314453125000e+02
1.092667694091796875e+02
1.739709472656250000e+02
1.044219589233398438e+01
4.361920547485351562e+01
1.400184173583984375e+02
1.719089202880859375e+02
1.721347808837890625e+01
6.976045989990234375e+01
3.632564697265625000e+02
1.681838531494140625e+02
2.278186416625976562e+01
6.866001129150390625e+01
1.292215270996093750e+02
1.781280364990234375e+02
5.745389938354492188e+00
2.186574172973632812e+01
1.995552825927734375e+02
1.609707031250000000e+02
3.960720062255859375e+01
1.768025360107421875e+02
8.879560852050781250e+01
1.774283142089843750e+02
1.072960090637207031e+01
4.322851181030273438e+01
8.817138671875000000e+01
1.813847656250000000e+02
1.147087669372558594e+01
4.071551895141601562e+01
1.673468017578125000e+02
1.726624450683593750e+02
3.591139602661132812e+01
1.703272857666015625e+02
1.956339416503906250e+02
1.717444610595703125e+02
4.710599517822265625e+01
1.838271789550781250e+02
1.218697357177734375e+02
1.767514190673828125e+02
5.859137058258056641e+00
2.356769371032714844e+01
1.949217987060546875e+02
1.776064758300781250e+02
4.801744461059570312e+01
2.015637664794921875e+02
2.667224731445312500e+02
1.743087158203125000e+02
4.440587615966796875e+01
1.377352752685546875e+02
2.398855895996093750e+02
1.682861633300781250e+02
8.937388420104980469e+00
4.409384536743164062e+01
2.395067443847656250e+02
1.706460723876953125e+02
8.929667472839355469e+00
4.737845611572265625e+01
3.976933288574218750e+02
1.801870880126953125e+02
1.849891471862792969e+01
1.076078262329101562e+02
1.945873565673828125e+02
1.888002014160156250e+02
4.984897232055664062e+01
2.122808380126953125e+02
2.693555297851562500e+02
1.638107299804687500e+02
4.045833206176757812e+01
1.439851226806640625e+02
1.015023574829101562e+02
1.749474334716796875e+02
8.818110466003417969e+00
4.208608627319335938e+01
4.003366088867187500e+02
1.901580200195312500e+02
1.589310550689697266e+01
1.139316558837890625e+02
1.567916412353515625e+02
1.903710784912109375e+02
1.099565505981445312e+01
4.216452026367187500e+01
1.567313690185546875e+02
1.830343170166015625e+02
1.124617195129394531e+01
4.555109786987304688e+01
0.000000000000000000e+00
0.000000000000000000e+00
0.000000000000000000e+00
0.000000000000000000e+00
