2.992161560058593750e+02
1.692822265625000000e+02
2.561263656616210938e+01
1.213465881347656250e+02
1.721714782714843750e+02
1.617913360595703125e+02
2.410849571228027344e+01
1.073821182250976562e+02
5.176404953002929688e+01
2.052065734863281250e+02
2.685324668884277344e+01
5.024478149414062500e+01
4.767867660522460938e+01
2.072614593505859375e+02
2.965649986267089844e+01
4.939838027954101562e+01
2.276951141357421875e+02
1.556154022216796875e+02
3.577255630493164062e+01
2.173428039550781250e+02
2.377725524902343750e+02
1.589514617919921875e+02
8.605250549316406250e+01
2.416991882324218750e+02
1.088980331420898438e+02
1.840105133056640625e+02
2.017778015136718750e+01
8.987055206298828125e+01
2.965913391113281250e+02
1.674205169677734375e+02
3.064732933044433594e+01
1.226445312500000000e+02
2.267444763183593750e+02
1.736117858886718750e+02
3.723854827880859375e+01
2.058074493408203125e+02
2.302431488037109375e+02
1.530771636962890625e+02
3.363402938842773438e+01
1.965971984863281250e+02
2.566882324218750000e+02
1.673671569824218750e+02
4.265061187744140625e+01
1.957550201416015625e+02
7.968108367919921875e+01
1.825902252197265625e+02
1.175363254547119141e+01
4.059948730468750000e+01
3.647576904296875000e+02
1.686231842041015625e+02
2.172340965270996094e+01
6.371047210693359375e+01
1.091204299926757812e+02
1.805671234130859375e+02
1.880826187133789062e+01
7.707113647460937500e+01
8.881611633300781250e+01
1.751111450195312500e+02
9.068127632141113281e+00
4.526462554931640625e+01
1.671419677734375000e+02
1.562845001220703125e+02
3.567374801635742188e+01
1.170698776245117188e+02
8.052082824707031250e+01
1.773742523193359375e+02
1.091115474700927734e+01
4.216732406616210938e+01
2.546967163085937500e+02
1.664568176269531250e+02
4.392358779907226562e+01
2.226416015625000000e+02
2.956606140136718750e+02
1.566512145996093750e+02
3.128201484680175781e+01
1.302980346679687500e+02
3.990091552734375000e+02
1.470294342041015625e+02
1.579981994628906250e+01
1.042516555786132812e+02
2.409524078369140625e+02
1.770661468505859375e+02
7.989467620849609375e+01
2.301289978027343750e+02
2.572425537109375000e+02
1.627428894042968750e+02
4.015974426269531250e+01
1.747028656005859375e+02
0.000000000000000000e+00
0.000000000000000000e+00
0.000000000000000000e+00
0.000000000000000000e+00
