6.698199462890625000e+01
1.692061309814453125e+02
3.884709167480468750e+01
1.352026977539062500e+02
2.289469337463378906e+01
1.666181640625000000e+02
3.428753280639648438e+01
1.386945800781250000e+02
1.263746032714843750e+02
1.525522766113281250e+02
3.091253280639648438e+01
1.357816925048828125e+02
9.545897674560546875e+01
1.791797180175781250e+02
2.143771553039550781e+01
1.061365814208984375e+02
2.305412597656250000e+02
1.625322570800781250e+02
5.678014373779296875e+01
2.274626464843750000e+02
1.570807647705078125e+02
1.768217315673828125e+02
1.004830360412597656e+01
5.428232192993164062e+01
6.794142913818359375e+01
1.702054748535156250e+02
3.723828125000000000e+01
1.418999176025390625e+02
1.299019622802734375e+02
1.692762756347656250e+02
2.476970100402832031e+01
1.149179763793945312e+02
2.094853973388671875e+02
1.649894104003906250e+02
3.338738250732421875e+01
1.935995635986328125e+02
2.321104736328125000e+02
1.574967651367187500e+02
5.781547546386718750e+01
2.208623046875000000e+02
2.303428802490234375e+02
1.687585754394531250e+02
4.655896377563476562e+01
2.163215332031250000e+02
1.978147888183593750e+02
1.707739562988281250e+02
1.228495693206787109e+01
6.568577575683593750e+01
2.087588806152343750e+02
1.605474548339843750e+02
3.507030487060546875e+01
1.831933746337890625e+02
1.281437988281250000e+02
1.642489013671875000e+02
2.538196563720703125e+01
1.097429580688476562e+02
1.244858093261718750e+02
1.623733520507812500e+02
3.341427993774414062e+01
1.265767898559570312e+02
2.415738677978515625e+01
1.712274780273437500e+02
3.391293334960937500e+01
1.395331268310546875e+02
2.058584594726562500e+02
1.693624420166015625e+02
3.309457397460937500e+01
1.857651062011718750e+02
1.954121551513671875e+02
1.708529510498046875e+02
1.587177181243896484e+01
6.407112884521484375e+01
1.278724365234375000e+02
1.524508361816406250e+02
3.492775726318359375e+01
1.347939147949218750e+02
2.036600036621093750e+02
1.619480285644531250e+02
3.679953765869140625e+01
1.797778167724609375e+02
3.627956237792968750e+02
1.663352661132812500e+02
2.328540039062500000e+01
6.530328369140625000e+01
1.346671905517578125e+02
1.706153259277343750e+02
2.190453338623046875e+01
1.147259063720703125e+02
1.217384414672851562e+02
1.785320281982421875e+02
4.916109085083007812e+00
1.873001480102539062e+01
1.139339904785156250e+02
1.782780303955078125e+02
5.563399314880371094e+00
2.186611747741699219e+01
2.286857452392578125e+02
1.584253845214843750e+02
4.706414794921875000e+01
2.190657958984375000e+02
3.984032287597656250e+02
1.523861541748046875e+02
1.613755035400390625e+01
9.679269409179687500e+01
1.980858612060546875e+02
1.694032287597656250e+02
1.246436500549316406e+01
5.705397796630859375e+01
0.000000000000000000e+00
0.000000000000000000e+00
0.000000000000000000e+00
0.000000000000000000e+00
