8.016412353515625000e+01
1.523298645019531250e+02
3.600103759765625000e+01
1.562460784912109375e+02
2.267819023132324219e+01
1.668412170410156250e+02
3.819201278686523438e+01
1.357193450927734375e+02
7.756643676757812500e+01
1.523912200927734375e+02
3.449853134155273438e+01
1.563934936523437500e+02
2.466583251953125000e-01
1.667673187255859375e+02
3.574646377563476562e+01
1.638438720703125000e+02
1.966008300781250000e+02
1.595220642089843750e+02
3.513236618041992188e+01
2.024117431640625000e+02
1.583977050781250000e+02
1.815826873779296875e+02
1.058388137817382812e+01
4.670244598388671875e+01
7.842494964599609375e+01
1.433386077880859375e+02
4.026254653930664062e+01
1.581419067382812500e+02
1.148340225219726562e+00
1.640344848632812500e+02
2.780298042297363281e+01
1.702594146728515625e+02
2.292261047363281250e+02
1.503843994140625000e+02
4.756371307373046875e+01
2.505551147460937500e+02
2.274528503417968750e+02
1.588072814941406250e+02
1.469936370849609375e+01
8.553458404541015625e+01
2.173950004577636719e+01
1.775114746093750000e+02
3.946084976196289062e+01
1.299168701171875000e+02
1.957660064697265625e+02
1.541992492675781250e+02
3.449106979370117188e+01
1.982073211669921875e+02
2.323212890625000000e+02
1.602761383056640625e+02
5.361321258544921875e+01
2.317073669433593750e+02
6.386528015136718750e-01
1.903634338378906250e+02
3.488014984130859375e+01
1.397093505859375000e+02
2.298853149414062500e+02
1.462683410644531250e+02
4.451795578002929688e+01
2.408307647705078125e+02
1.219007644653320312e+02
1.784516754150390625e+02
4.127011775970458984e+00
1.858848953247070312e+01
2.684172439575195312e+01
1.768276367187500000e+02
2.755256462097167969e+01
1.152307205200195312e+02
3.631621704101562500e+02
1.674601135253906250e+02
2.297561454772949219e+01
6.327907943725585938e+01
2.370596008300781250e+02
1.679456634521484375e+02
4.994550704956054688e+01
1.952892150878906250e+02
1.491819000244140625e+02
1.830648956298828125e+02
1.034442329406738281e+01
4.475372695922851562e+01
3.285295715332031250e+02
1.686858367919921875e+02
9.768889427185058594e+00
4.025025177001953125e+01
7.406793212890625000e+01
1.479120788574218750e+02
4.012240219116210938e+01
1.481496734619140625e+02
2.690705566406250000e+02
1.711327819824218750e+02
8.999318122863769531e+00
3.742932510375976562e+01
1.140348510742187500e+02
1.768751525878906250e+02
4.699578762054443359e+00
2.151983833312988281e+01
1.042080841064453125e+02
1.743764801025390625e+02
9.385281562805175781e+00
4.079293823242187500e+01
0.000000000000000000e+00
0.000000000000000000e+00
0.000000000000000000e+00
0.000000000000000000e+00
