1.239865112304687500e+02
1.721430969238281250e+02
2.488653945922851562e+01
9.712121582031250000e+01
3.362803039550781250e+02
1.546221008300781250e+02
3.631568145751953125e+01
1.571834716796875000e+02
3.140274658203125000e+02
1.605252685546875000e+02
3.260761642456054688e+01
1.494788360595703125e+02
3.271108398437500000e+02
1.526060180664062500e+02
4.345401382446289062e+01
1.608922729492187500e+02
1.572793884277343750e+02
1.802136993408203125e+02
8.901266098022460938e+00
4.408041000366210938e+01
9.149382781982421875e+01
1.711568298339843750e+02
3.611488342285156250e+01
1.117129592895507812e+02
9.597206878662109375e+01
1.781415557861328125e+02
2.734882164001464844e+01
9.922119903564453125e+01
1.243255996704101562e+02
1.807735748291015625e+02
2.358738517761230469e+01
9.111324310302734375e+01
3.009751281738281250e+02
1.623232116699218750e+02
1.148393630981445312e+01
5.349872207641601562e+01
1.019707183837890625e+02
1.736744689941406250e+02
2.453338813781738281e+01
1.071800537109375000e+02
2.720978393554687500e+02
1.693804779052734375e+02
7.925593376159667969e+00
3.955500411987304688e+01
3.656328125000000000e+02
1.710311431884765625e+02
2.084506225585937500e+01
5.873272323608398438e+01
1.575787963867187500e+02
1.782944183349609375e+02
9.297063827514648438e+00
4.134280014038085938e+01
3.160320129394531250e+02
1.686890869140625000e+02
2.456542778015136719e+01
1.302057647705078125e+02
0.000000000000000000e+00
0.000000000000000000e+00
0.000000000000000000e+00
0.000000000000000000e+00
