1.753098754882812500e+02
1.702319946289062500e+02
2.551513671875000000e+01
9.041360473632812500e+01
1.412892303466796875e+02
1.760770721435546875e+02
9.451591491699218750e+00
4.064587020874023438e+01
3.290177917480468750e+02
1.609893035888671875e+02
5.760191345214843750e+01
2.422498474121093750e+02
3.238022460937500000e+02
1.616971740722656250e+02
4.946113586425781250e+01
2.398879394531250000e+02
2.208556060791015625e+02
1.729716186523437500e+02
2.725058746337890625e+01
1.061900558471679688e+02
2.006181488037109375e+02
1.652060394287109375e+02
2.274619483947753906e+01
1.012956619262695312e+02
3.890597534179687500e+02
1.561294708251953125e+02
2.658360671997070312e+01
2.505500793457031250e+02
2.216317291259765625e+02
1.743791198730468750e+02
2.546063423156738281e+01
9.095907592773437500e+01
1.524832611083984375e+02
1.762977905273437500e+02
8.741276741027832031e+00
3.325849914550781250e+01
2.419421386718750000e+02
1.692527008056640625e+02
1.546984291076660156e+01
9.564757537841796875e+01
2.137438354492187500e+02
1.636960906982421875e+02
3.909920883178710938e+01
1.145036010742187500e+02
3.212580566406250000e+02
1.741358032226562500e+02
5.322460937500000000e+01
2.333622894287109375e+02
1.522765197753906250e+02
1.741414489746093750e+02
8.884266853332519531e+00
3.394388198852539062e+01
3.789006958007812500e+02
1.561226806640625000e+02
3.652241134643554688e+01
2.512443084716796875e+02
3.900692138671875000e+02
1.733322296142578125e+02
2.549936485290527344e+01
2.391620788574218750e+02
3.548923645019531250e+02
1.605538940429687500e+02
3.814451599121093750e+01
2.397835083007812500e+02
7.959630584716796875e+01
1.822836914062500000e+02
1.246091079711914062e+01
4.076810455322265625e+01
3.299838256835937500e+02
1.833318786621093750e+02
5.565164184570312500e+01
2.143839874267578125e+02
2.147424468994140625e+02
1.718171691894531250e+02
3.753373336791992188e+01
1.077313079833984375e+02
1.257355041503906250e+02
1.759414215087890625e+02
8.006220817565917969e+00
2.992659187316894531e+01
3.894352416992187500e+02
1.290637664794921875e+02
2.521719169616699219e+01
2.744909362792968750e+02
1.199326095581054688e+02
1.756480560302734375e+02
7.742188453674316406e+00
3.008966064453125000e+01
3.548793640136718750e+02
1.499160308837890625e+02
3.798957443237304688e+01
2.330098571777343750e+02
1.255094604492187500e+02
1.790312805175781250e+02
7.815304279327392578e+00
2.723673820495605469e+01
0.000000000000000000e+00
0.000000000000000000e+00
0.000000000000000000e+00
0.000000000000000000e+00
