1.539688110351562500e+02
1.772203063964843750e+02
2.084598731994628906e+01
8.548269653320312500e+01
1.095256423950195312e+02
1.671210632324218750e+02
3.261014938354492188e+01
1.330640258789062500e+02
1.291458282470703125e+02
1.662714538574218750e+02
2.068086051940917969e+01
1.315717163085937500e+02
1.144540023803710938e+02
1.708037872314453125e+02
3.608573532104492188e+01
1.242315063476562500e+02
1.368810882568359375e+02
1.759852752685546875e+02
1.795310592651367188e+01
1.027725601196289062e+02
2.161710662841796875e+02
1.719600219726562500e+02
1.022356605529785156e+01
2.990088653564453125e+01
1.393570556640625000e+02
1.736332855224609375e+02
1.751524353027343750e+01
9.456567382812500000e+01
2.731383056640625000e+02
1.705612182617187500e+02
8.637816429138183594e+00
3.789997100830078125e+01
3.626659240722656250e+02
1.673182220458984375e+02
2.368219566345214844e+01
6.412039947509765625e+01
3.979843139648437500e+02
1.487838134765625000e+02
1.647435760498046875e+01
1.029718780517578125e+02
1.545036010742187500e+02
1.907548980712890625e+02
2.024407196044921875e+01
7.028359222412109375e+01
1.015229415893554688e+02
1.762218627929687500e+02
1.212396240234375000e+01
4.289107894897460938e+01
2.014848175048828125e+02
1.680078125000000000e+02
8.285823822021484375e+00
3.554085540771484375e+01
0.000000000000000000e+00
0.000000000000000000e+00
0.000000000000000000e+00
0.000000000000000000e+00
