1.460452423095703125e+02
1.659562683105468750e+02
2.177312088012695312e+01
1.254466400146484375e+02
1.153112487792968750e+02
1.650024108886718750e+02
3.666387557983398438e+01
1.552834472656250000e+02
1.138465423583984375e+02
1.644506835937500000e+02
3.740514373779296875e+01
1.462235565185546875e+02
1.673699951171875000e+02
1.729822082519531250e+02
1.991268730163574219e+01
9.524656677246093750e+01
1.666108703613281250e+02
1.724007263183593750e+02
1.751038932800292969e+01
9.787562561035156250e+01
2.686567382812500000e+02
1.702479400634765625e+02
9.084859848022460938e+00
3.945880126953125000e+01
1.467256622314453125e+02
1.719503479003906250e+02
2.050167083740234375e+01
9.736629486083984375e+01
2.015567626953125000e+02
1.669992980957031250e+02
9.116178512573242188e+00
3.880606842041015625e+01
1.669307403564453125e+02
1.820941467285156250e+02
2.040650177001953125e+01
8.675718688964843750e+01
2.356779479980468750e+02
1.717999572753906250e+02
1.102842617034912109e+01
4.612507629394531250e+01
1.638152008056640625e+02
1.753682250976562500e+02
1.936223602294921875e+01
1.019794464111328125e+02
2.166918487548828125e+02
1.753561553955078125e+02
7.109148502349853516e+00
2.297421264648437500e+01
3.635476989746093750e+02
1.683665008544921875e+02
2.351985740661621094e+01
5.928811264038085938e+01
2.019144744873046875e+02
1.670417480468750000e+02
8.474083900451660156e+00
3.162400245666503906e+01
2.157675628662109375e+02
1.735873413085937500e+02
9.007782936096191406e+00
2.870946884155273438e+01
2.366111602783203125e+02
1.692182312011718750e+02
1.062019252777099609e+01
4.180163574218750000e+01
2.669799499511718750e+02
1.714078369140625000e+02
8.735944747924804688e+00
3.437345886230468750e+01
0.000000000000000000e+00
0.000000000000000000e+00
0.000000000000000000e+00
0.000000000000000000e+00
