1.073079910278320312e+02
1.671776428222656250e+02
3.458927536010742188e+01
1.331562805175781250e+02
1.551763916015625000e+02
1.794178466796875000e+02
1.593129158020019531e+01
8.005994415283203125e+01
1.309850311279296875e+02
1.671464233398437500e+02
2.058676719665527344e+01
1.260966796875000000e+02
1.149010620117187500e+02
1.715129089355468750e+02
3.703094863891601562e+01
1.209300460815429688e+02
3.632937927246093750e+02
1.683748626708984375e+02
2.268901443481445312e+01
6.194036865234375000e+01
1.361639251708984375e+02
1.749020080566406250e+02
1.882175064086914062e+01
1.042138748168945312e+02
1.399738159179687500e+02
1.742624359130859375e+02
1.755493354797363281e+01
9.113132476806640625e+01
2.728898620605468750e+02
1.709944458007812500e+02
8.708271026611328125e+00
3.756380844116210938e+01
1.071707229614257812e+02
1.879706726074218750e+02
2.377966308593750000e+01
8.328352355957031250e+01
1.324977264404296875e+02
1.708328399658203125e+02
1.900242042541503906e+01
9.811813354492187500e+01
0.000000000000000000e+00
0.000000000000000000e+00
0.000000000000000000e+00
0.000000000000000000e+00
