1.022651519775390625e+02
1.689969787597656250e+02
3.716892623901367188e+01
1.264366455078125000e+02
1.410514678955078125e+02
1.723519134521484375e+02
2.048252487182617188e+01
9.477911376953125000e+01
1.329659881591796875e+02
1.711954650878906250e+02
1.954787063598632812e+01
9.975978851318359375e+01
2.173098754882812500e+02
1.725354919433593750e+02
8.728373527526855469e+00
3.025965881347656250e+01
1.324352111816406250e+02
1.736099700927734375e+02
1.943262290954589844e+01
1.066838455200195312e+02
1.356040802001953125e+02
1.764743957519531250e+02
2.146268081665039062e+01
1.002959976196289062e+02
1.542196655273437500e+02
1.762438964843750000e+02
1.493818283081054688e+01
8.069239044189453125e+01
3.635734863281250000e+02
1.691737213134765625e+02
2.302981758117675781e+01
6.519147491455078125e+01
2.357338104248046875e+02
1.696913604736328125e+02
1.048964881896972656e+01
5.055221176147460938e+01
2.731506042480468750e+02
1.697302093505859375e+02
8.348014831542968750e+00
3.936928939819335938e+01
2.367564392089843750e+02
1.698644104003906250e+02
9.966690063476562500e+00
3.964593124389648438e+01
2.010674591064453125e+02
1.681678466796875000e+02
8.319058418273925781e+00
3.523890304565429688e+01
1.070226058959960938e+02
1.763165588378906250e+02
2.788102531433105469e+01
1.117493057250976562e+02
2.251118927001953125e+02
1.729313049316406250e+02
8.078826904296875000e+00
3.128057289123535156e+01
0.000000000000000000e+00
0.000000000000000000e+00
0.000000000000000000e+00
0.000000000000000000e+00
