2.165517807006835938e+00
1.682597961425781250e+02
4.030410003662109375e+01
1.623074493408203125e+02
8.278881835937500000e+01
1.551783752441406250e+02
4.061204528808593750e+01
1.493276519775390625e+02
3.725678634643554688e+01
1.686725463867187500e+02
2.420031547546386719e+01
1.266461334228515625e+02
1.990397033691406250e+02
1.582809753417968750e+02
3.552291870117187500e+01
2.022021026611328125e+02
3.545998764038085938e+01
1.638013763427734375e+02
2.887133216857910156e+01
1.342245483398437500e+02
8.144716644287109375e+01
1.451133117675781250e+02
4.132381820678710938e+01
1.541208190917968750e+02
1.583290100097656250e+02
1.816924743652343750e+02
1.076924991607666016e+01
4.753462982177734375e+01
3.492484283447265625e+01
1.714810028076171875e+02
2.367950057983398438e+01
1.192903060913085938e+02
2.126401901245117188e+00
1.870177307128906250e+02
4.294676589965820312e+01
1.421948699951171875e+02
1.977352294921875000e+02
1.534732971191406250e+02
3.673391723632812500e+01
1.997997894287109375e+02
3.210912704467773438e+00
1.668582153320312500e+02
3.837606430053710938e+01
1.410337829589843750e+02
3.155668258666992188e+01
1.612251892089843750e+02
2.943389892578125000e+01
1.404545593261718750e+02
2.300808105468750000e+02
1.460161437988281250e+02
4.425741958618164062e+01
2.397882690429687500e+02
1.589117584228515625e+02
1.879055938720703125e+02
1.077817821502685547e+01
4.560107421875000000e+01
3.632669372558593750e+02
1.671274261474609375e+02
2.179449272155761719e+01
6.244121170043945312e+01
2.323356018066406250e+02
1.509842071533203125e+02
5.380140304565429688e+01
2.497204284667968750e+02
3.329528198242187500e+02
1.665742492675781250e+02
8.892139434814453125e+00
4.296844863891601562e+01
2.286242218017578125e+02
1.545168304443359375e+02
4.804556655883789062e+01
2.428151550292968750e+02
1.218098831176757812e+02
1.784731140136718750e+02
4.806586265563964844e+00
1.851383590698242188e+01
2.364114837646484375e+02
1.602113189697265625e+02
5.010689926147460938e+01
2.096229553222656250e+02
2.694761657714843750e+02
1.695765533447265625e+02
9.487730979919433594e+00
3.968349075317382812e+01
1.492694244384765625e+02
1.822841186523437500e+02
1.008414649963378906e+01
4.568885040283203125e+01
1.371312103271484375e+02
1.772522583007812500e+02
5.163907051086425781e+00
2.462554168701171875e+01
1.444674072265625000e+02
1.837588958740234375e+02
1.228788375854492188e+01
4.351607513427734375e+01
0.000000000000000000e+00
0.000000000000000000e+00
0.000000000000000000e+00
0.000000000000000000e+00
