2.109618377685546875e+02
1.595983581542968750e+02
4.051995849609375000e+01
2.391456756591796875e+02
1.756689147949218750e+02
1.647874450683593750e+02
3.861144256591796875e+01
1.933076171875000000e+02
3.107156982421875000e+02
1.681512298583984375e+02
3.638288497924804688e+01
1.578582458496093750e+02
1.537059478759765625e+02
1.760386962890625000e+02
1.728774452209472656e+01
7.279502868652343750e+01
3.114704895019531250e+02
1.607522583007812500e+02
3.369916534423828125e+01
1.499680175781250000e+02
1.087844009399414062e+02
1.741110229492187500e+02
1.127863502502441406e+01
4.303223037719726562e+01
1.213944473266601562e+02
1.767212524414062500e+02
5.716714382171630859e+00
2.243267822265625000e+01
2.135901184082031250e+02
1.618936157226562500e+02
3.918201065063476562e+01
2.096684722900390625e+02
8.434388732910156250e+01
1.755999603271484375e+02
1.204757213592529297e+01
4.502543258666992188e+01
1.712724609375000000e+02
1.683148498535156250e+02
3.846751022338867188e+01
1.856127471923828125e+02
1.750935363769531250e+02
1.580971374511718750e+02
3.945686340332031250e+01
1.891806030273437500e+02
3.632347106933593750e+02
1.679945526123046875e+02
2.276329803466796875e+01
6.321770858764648438e+01
2.110620727539062500e+02
1.790527648925781250e+02
3.971318054199218750e+01
2.234683380126953125e+02
2.389383087158203125e+02
1.673603210449218750e+02
1.563162422180175781e+01
6.664488983154296875e+01
3.367341918945312500e+02
1.686171569824218750e+02
2.454762268066406250e+01
9.853672790527343750e+01
1.475133972167968750e+02
1.795234069824218750e+02
1.978558731079101562e+01
6.430955505371093750e+01
1.282504882812500000e+02
1.783481140136718750e+02
5.366676330566406250e+00
1.977728080749511719e+01
3.364367675781250000e+02
1.739602508544921875e+02
2.487147140502929688e+01
1.115742263793945312e+02
8.368180084228515625e+01
1.798588256835937500e+02
1.317644882202148438e+01
4.329265975952148438e+01
2.893900146484375000e+02
1.693423767089843750e+02
7.103140354156494141e+00
4.131533432006835938e+01
2.490278320312500000e+02
1.681917572021484375e+02
8.080532073974609375e+00
3.981530380249023438e+01
3.048078002929687500e+02
1.605606994628906250e+02
1.253881549835205078e+01
8.715885162353515625e+01
1.374294433593750000e+02
1.766550750732421875e+02
4.995331287384033203e+00
2.207974243164062500e+01
1.750520782470703125e+02
1.750956573486328125e+02
7.936472415924072266e+00
3.820177078247070312e+01
1.538018798828125000e+02
1.693256683349609375e+02
1.681817626953125000e+01
7.444735717773437500e+01
3.284789428710937500e+02
1.637724304199218750e+02
3.761935806274414062e+01
1.332537384033203125e+02
0.000000000000000000e+00
0.000000000000000000e+00
0.000000000000000000e+00
0.000000000000000000e+00
