1.222982330322265625e+02
1.651106872558593750e+02
4.975439453125000000e+01
1.908692779541015625e+02
1.676140136718750000e+02
1.677768859863281250e+02
2.971680641174316406e+01
1.366162872314453125e+02
1.695457153320312500e+02
1.693857727050781250e+02
2.384956359863281250e+01
1.305337524414062500e+02
2.499709472656250000e+02
1.734951171875000000e+02
9.998440742492675781e+00
4.007542800903320312e+01
2.036405487060546875e+02
1.693950958251953125e+02
2.029980087280273438e+01
1.149398574829101562e+02
1.958534698486328125e+02
1.753100738525390625e+02
2.173810577392578125e+01
1.094183044433593750e+02
1.232252655029296875e+02
1.614696807861328125e+02
4.745377349853515625e+01
1.817135009765625000e+02
1.247452850341796875e+02
1.753476257324218750e+02
1.061879825592041016e+01
4.226072692871093750e+01
2.498412017822265625e+02
1.705986328125000000e+02
9.738658905029296875e+00
4.103443908691406250e+01
1.101031341552734375e+02
1.747722320556640625e+02
9.465285301208496094e+00
4.197435379028320312e+01
2.101351776123046875e+02
1.685191955566406250e+02
1.871535301208496094e+01
1.047272720336914062e+02
1.036521835327148438e+02
1.755194854736328125e+02
9.377240180969238281e+00
4.153953933715820312e+01
1.668237304687500000e+02
1.664711608886718750e+02
3.076885414123535156e+01
1.504957733154296875e+02
0.000000000000000000e+00
0.000000000000000000e+00
0.000000000000000000e+00
0.000000000000000000e+00
