1.064921264648437500e+02
1.664471588134765625e+02
3.544104385375976562e+01
1.336593322753906250e+02
1.543572692871093750e+02
1.785442657470703125e+02
1.708334922790527344e+01
8.072672271728515625e+01
1.315087432861328125e+02
1.654176635742187500e+02
2.018390655517578125e+01
1.284635162353515625e+02
1.152736968994140625e+02
1.716694335937500000e+02
3.624960708618164062e+01
1.208359985351562500e+02
2.730063171386718750e+02
1.708540344238281250e+02
8.706871032714843750e+00
3.765663146972656250e+01
3.636537170410156250e+02
1.679259643554687500e+02
2.222764015197753906e+01
6.235276794433593750e+01
1.392700347900390625e+02
1.743299407958984375e+02
1.790590095520019531e+01
9.097190093994140625e+01
1.361857299804687500e+02
1.741317138671875000e+02
1.854382896423339844e+01
1.056504821777343750e+02
1.327213287353515625e+02
1.709720916748046875e+02
1.957880973815917969e+01
9.805831146240234375e+01
2.356788940429687500e+02
1.716485595703125000e+02
1.081287384033203125e+01
4.616667175292968750e+01
1.067086029052734375e+02
1.879202423095703125e+02
2.474600410461425781e+01
8.372025299072265625e+01
0.000000000000000000e+00
0.000000000000000000e+00
0.000000000000000000e+00
0.000000000000000000e+00
