1.847702484130859375e+02
1.743004913330078125e+02
2.423894500732421875e+01
1.046870727539062500e+02
1.575814208984375000e+02
1.645029602050781250e+02
3.022866821289062500e+01
1.377776031494140625e+02
1.610569000244140625e+02
1.621884460449218750e+02
2.424271774291992188e+01
1.418373870849609375e+02
1.143249664306640625e+02
1.644740905761718750e+02
3.991683959960937500e+01
1.731376037597656250e+02
1.119142456054687500e+02
1.684854736328125000e+02
4.291955184936523438e+01
1.804021453857421875e+02
1.855918273925781250e+02
1.710373687744140625e+02
2.329967498779296875e+01
1.022988052368164062e+02
1.460438690185546875e+02
1.697843627929687500e+02
1.945209884643554688e+01
1.281692199707031250e+02
3.629606628417968750e+02
1.673173522949218750e+02
2.363899803161621094e+01
6.468739318847656250e+01
2.474330749511718750e+02
1.696961669921875000e+02
9.246618270874023438e+00
4.027935028076171875e+01
2.572124633789062500e+02
1.757023315429687500e+02
7.522704124450683594e+00
3.560646057128906250e+01
2.168224945068359375e+02
1.713614654541015625e+02
7.866709709167480469e+00
3.205333709716796875e+01
2.566874084472656250e+02
1.711228637695312500e+02
6.991087436676025391e+00
3.859441375732421875e+01
1.609902343750000000e+02
1.695711975097656250e+02
3.418656921386718750e+01
1.263194580078125000e+02
0.000000000000000000e+00
0.000000000000000000e+00
0.000000000000000000e+00
0.000000000000000000e+00
