1.892043304443359375e+02
1.664759216308593750e+02
2.370161056518554688e+01
9.425016784667968750e+01
2.356807861328125000e+02
1.691227416992187500e+02
2.561786460876464844e+01
1.032838287353515625e+02
1.533087768554687500e+02
1.727989807128906250e+02
8.575416564941406250e+00
3.594814682006835938e+01
2.064857330322265625e+02
1.681832427978515625e+02
2.789356613159179688e+01
9.103701019287109375e+01
1.405364990234375000e+02
1.766008911132812500e+02
9.716403007507324219e+00
3.973440933227539062e+01
2.347993469238281250e+02
1.715629425048828125e+02
2.561686706542968750e+01
1.080452651977539062e+02
3.400147094726562500e+02
1.650947570800781250e+02
4.878252029418945312e+01
2.344057006835937500e+02
3.436331176757812500e+02
1.637760009765625000e+02
6.297488784790039062e+01
2.379114990234375000e+02
1.381782073974609375e+02
1.785733947753906250e+02
1.000818824768066406e+01
3.816743850708007812e+01
3.705330810546875000e+02
1.610586547851562500e+02
4.209003829956054688e+01
2.394286956787109375e+02
1.529874877929687500e+02
1.759183654785156250e+02
9.407985687255859375e+00
3.383683013916015625e+01
1.259125671386718750e+02
1.748188171386718750e+02
8.249414443969726562e+00
3.195674324035644531e+01
3.375613708496093750e+02
1.660620422363281250e+02
5.242227935791015625e+01
2.502916107177734375e+02
2.290026855468750000e+02
1.629595184326171875e+02
3.601906967163085938e+01
1.149512405395507812e+02
3.709225463867187500e+02
1.360028076171875000e+02
4.175629425048828125e+01
2.632621459960937500e+02
1.257459335327148438e+02
1.780545043945312500e+02
8.183208465576171875e+00
2.974789619445800781e+01
1.183567504882812500e+02
1.738467864990234375e+02
8.774765968322753906e+00
3.270372772216796875e+01
3.352894287109375000e+02
1.641571197509765625e+02
7.590801239013671875e+01
2.380640563964843750e+02
7.928462219238281250e+01
1.839813537597656250e+02
1.299378871917724609e+01
3.787940979003906250e+01
8.787860107421875000e+01
1.766194152832031250e+02
1.277179050445556641e+01
4.340502929687500000e+01
3.431871032714843750e+02
1.677683715820312500e+02
6.156962585449218750e+01
2.461534576416015625e+02
0.000000000000000000e+00
0.000000000000000000e+00
0.000000000000000000e+00
0.000000000000000000e+00
