1.792289581298828125e+02
1.650252990722656250e+02
3.476114654541015625e+01
1.449500579833984375e+02
1.225863037109375000e+02
1.696179962158203125e+02
1.779088592529296875e+01
7.066394042968750000e+01
2.184205474853515625e+02
1.699632263183593750e+02
2.276143836975097656e+01
1.269270553588867188e+02
1.787264099121093750e+02
1.624735107421875000e+02
3.464913558959960938e+01
1.584077148437500000e+02
1.234294281005859375e+02
1.781081848144531250e+02
1.922766685485839844e+01
6.245222854614257812e+01
1.423376464843750000e+02
1.655701599121093750e+02
4.363931274414062500e+01
2.019161987304687500e+02
2.332915649414062500e+02
1.713876342773437500e+02
1.660547637939453125e+01
1.091083831787109375e+02
2.337332916259765625e+02
1.634495086669921875e+02
1.631953811645507812e+01
1.158189773559570312e+02
1.094130706787109375e+02
1.752736511230468750e+02
8.939861297607421875e+00
4.232488632202148438e+01
1.406941833496093750e+02
1.824388122558593750e+02
4.824235534667968750e+01
1.853561553955078125e+02
2.133007659912109375e+02
1.684647521972656250e+02
3.148991775512695312e+01
1.281196594238281250e+02
2.554616088867187500e+02
1.737220153808593750e+02
9.617018699645996094e+00
3.997609329223632812e+01
1.257337265014648438e+02
1.802394409179687500e+02
1.404676723480224609e+01
5.829552459716796875e+01
2.462884368896484375e+02
1.706636352539062500e+02
8.277259826660156250e+00
3.882306289672851562e+01
1.253134689331054688e+02
1.773710479736328125e+02
1.318965530395507812e+01
5.647586822509765625e+01
1.056531219482421875e+02
1.765137634277343750e+02
8.062757492065429688e+00
3.958390045166015625e+01
1.382682189941406250e+02
1.714495544433593750e+02
3.996622085571289062e+01
1.872256927490234375e+02
0.000000000000000000e+00
0.000000000000000000e+00
0.000000000000000000e+00
0.000000000000000000e+00
