6.182446289062500000e+01
1.697982635498046875e+02
4.062646865844726562e+01
1.244836502075195312e+02
6.076966094970703125e+01
1.706070556640625000e+02
3.701499938964843750e+01
1.206101989746093750e+02
1.506898498535156250e+02
1.683252258300781250e+02
2.409810256958007812e+01
1.156383361816406250e+02
9.990876770019531250e+01
1.694673004150390625e+02
3.278689575195312500e+01
1.265232849121093750e+02
1.473981933593750000e+02
1.528846740722656250e+02
3.080614280700683594e+01
1.351766815185546875e+02
1.509909820556640625e+02
1.536264343261718750e+02
2.379421424865722656e+01
1.344709625244140625e+02
1.276138763427734375e+02
1.705856018066406250e+02
2.107934379577636719e+01
1.003167724609375000e+02
2.241043243408203125e+02
1.496497955322265625e+02
5.135902786254882812e+01
2.322973327636718750e+02
1.029373474121093750e+02
1.742151184082031250e+02
2.564476776123046875e+01
1.185341949462890625e+02
1.287404632568359375e+02
1.763911132812500000e+02
2.149788665771484375e+01
1.013496551513671875e+02
2.243222351074218750e+02
1.706203308105468750e+02
5.009790802001953125e+01
2.098186492919921875e+02
8.745229339599609375e+01
1.754384613037109375e+02
1.073744392395019531e+01
4.415936279296875000e+01
1.766256866455078125e+02
1.786914672851562500e+02
9.767504692077636719e+00
3.375678253173828125e+01
2.112157287597656250e+02
1.671632690429687500e+02
3.344608688354492188e+01
1.930977020263671875e+02
1.021215362548828125e+02
1.894913635253906250e+02
2.547764778137207031e+01
1.063150177001953125e+02
3.633210144042968750e+02
1.677349700927734375e+02
2.315236473083496094e+01
6.292421722412109375e+01
1.480936584472656250e+02
1.623300781250000000e+02
2.997164535522460938e+01
1.261910324096679688e+02
2.247304840087890625e+02
1.456192321777343750e+02
4.930536270141601562e+01
2.115143585205078125e+02
2.552091979980468750e+02
1.682780761718750000e+02
2.178002738952636719e+01
6.483376312255859375e+01
2.102032623291015625e+02
1.504151306152343750e+02
3.444632339477539062e+01
2.001080780029296875e+02
2.460942077636718750e+02
1.714889831542968750e+02
3.651037216186523438e+01
1.840917358398437500e+02
9.319065856933593750e+01
1.703903503417968750e+02
3.358081817626953125e+01
1.256615142822265625e+02
0.000000000000000000e+00
0.000000000000000000e+00
0.000000000000000000e+00
0.000000000000000000e+00
