1.659189300537109375e+02
1.681602172851562500e+02
2.400208854675292969e+01
9.642428588867187500e+01
3.065850219726562500e+02
1.617348632812500000e+02
4.660792541503906250e+01
2.382419891357421875e+02
1.914352874755859375e+02
1.617597503662109375e+02
2.333195877075195312e+01
1.070854568481445312e+02
1.636438293457031250e+02
1.699406738281250000e+02
2.384663963317871094e+01
9.152994537353515625e+01
2.347881317138671875e+02
1.764456481933593750e+02
1.753089332580566406e+01
8.452398681640625000e+01
2.077755126953125000e+02
1.753685760498046875e+02
2.628086853027343750e+01
1.014342575073242188e+02
2.083155364990234375e+02
1.689208831787109375e+02
2.488345527648925781e+01
1.038923873901367188e+02
3.344212646484375000e+02
1.481351165771484375e+02
8.273838806152343750e+01
2.608802795410156250e+02
1.442842407226562500e+02
1.749214172363281250e+02
9.571471214294433594e+00
4.106685638427734375e+01
1.995179901123046875e+02
1.616343536376953125e+02
3.686249542236328125e+01
1.182271728515625000e+02
3.039978027343750000e+02
1.838518066406250000e+02
5.043732833862304688e+01
2.136953277587890625e+02
3.086146850585937500e+02
1.542050170898437500e+02
3.817839813232421875e+01
2.268629913330078125e+02
1.201614761352539062e+02
1.744029846191406250e+02
7.707973957061767578e+00
3.166618537902832031e+01
3.205068664550781250e+02
1.606207885742187500e+02
4.606402969360351562e+01
2.397917633056640625e+02
3.401021118164062500e+02
1.442227630615234375e+02
3.405851364135742188e+01
2.444590148925781250e+02
1.251585006713867188e+00
2.035402832031250000e+02
2.052204513549804688e+01
9.222490692138671875e+01
3.655920104980468750e+02
1.845143890380859375e+02
4.795683670043945312e+01
1.875296325683593750e+02
1.528519592285156250e+02
1.746575622558593750e+02
8.200693130493164062e+00
3.905927276611328125e+01
3.398613586425781250e+02
1.597199096679687500e+02
3.463367080688476562e+01
2.388194580078125000e+02
1.540156860351562500e+02
1.728091125488281250e+02
7.211489200592041016e+00
3.523476028442382812e+01
8.048408508300781250e+01
1.779743957519531250e+02
1.129162883758544922e+01
4.064372253417968750e+01
0.000000000000000000e+00
0.000000000000000000e+00
0.000000000000000000e+00
0.000000000000000000e+00
