4.600962066650390625e+01
1.560651855468750000e+02
4.398849487304687500e+01
1.552930603027343750e+02
2.289572753906250000e+02
1.532063293457031250e+02
4.333060073852539062e+01
2.253962554931640625e+02
3.205268859863281250e+02
1.669611663818359375e+02
9.101357460021972656e+00
4.494332122802734375e+01
2.282389678955078125e+02
1.547545318603515625e+02
4.418008422851562500e+01
2.416489562988281250e+02
1.913635711669921875e+02
1.623448181152343750e+02
3.910512924194335938e+01
1.999094696044921875e+02
3.624687957763671875e+01
1.544810485839843750e+02
5.290533828735351562e+01
1.574261627197265625e+02
1.045086669921875000e+02
1.751758575439453125e+02
9.801386833190917969e+00
4.117244720458984375e+01
4.624417495727539062e+01
1.682147521972656250e+02
4.504592132568359375e+01
1.472021484375000000e+02
1.586182861328125000e+02
1.802135162353515625e+02
9.951437950134277344e+00
4.732876586914062500e+01
3.642023010253906250e+02
1.686141662597656250e+02
2.111621475219726562e+01
6.700671386718750000e+01
7.920686340332031250e+01
1.845613555908203125e+02
1.226937484741210938e+01
3.830950546264648438e+01
1.364421844482421875e-02
1.608246765136718750e+02
2.783934402465820312e+01
1.488752593994140625e+02
1.212974014282226562e+02
1.766021881103515625e+02
6.016620635986328125e+00
2.175337600708007812e+01
4.529505538940429688e+01
1.515834197998046875e+02
4.537369537353515625e+01
1.410514831542968750e+02
-1.926898956298828125e-02
1.833732299804687500e+02
2.543212318420410156e+01
1.204565505981445312e+02
1.887420501708984375e+02
1.704656066894531250e+02
3.599187469482421875e+01
1.838841552734375000e+02
1.903137969970703125e+02
1.462662048339843750e+02
4.333373641967773438e+01
2.134077758789062500e+02
3.203635559082031250e+02
1.713494262695312500e+02
9.105267524719238281e+00
4.277207565307617188e+01
1.145094223022460938e+02
1.778025817871093750e+02
5.478996753692626953e+00
1.972852706909179688e+01
1.200542449951171875e-01
1.726734619140625000e+02
2.851273155212402344e+01
1.403060150146484375e+02
0.000000000000000000e+00
0.000000000000000000e+00
0.000000000000000000e+00
0.000000000000000000e+00
