2.705379333496093750e+02
1.654447021484375000e+02
3.964222335815429688e+01
1.414074249267578125e+02
3.890874938964843750e+02
1.580274353027343750e+02
2.525525665283203125e+01
1.426854858398437500e+02
3.914587402343750000e+02
1.586347503662109375e+02
2.373632049560546875e+01
1.423269653320312500e+02
1.089206237792968750e+02
1.744311370849609375e+02
1.108460807800292969e+01
4.316798782348632812e+01
1.423573455810546875e+02
1.741293029785156250e+02
1.666703224182128906e+01
7.056715393066406250e+01
1.416214904785156250e+02
1.710444641113281250e+02
1.662635612487792969e+01
7.125346374511718750e+01
2.686825561523437500e+02
1.765231628417968750e+02
4.333557510375976562e+01
1.322640838623046875e+02
1.670803833007812500e+02
1.688884277343750000e+02
3.767668151855468750e+01
1.785344085693359375e+02
2.676828918457031250e+02
1.584458160400390625e+02
3.849890899658203125e+01
1.520136413574218750e+02
1.664563598632812500e+02
1.649159240722656250e+02
3.809210968017578125e+01
1.761425170898437500e+02
2.386188964843750000e+02
1.671409301757812500e+02
1.065938663482666016e+01
4.645688247680664062e+01
3.629633789062500000e+02
1.701934204101562500e+02
2.307445144653320312e+01
6.679515075683593750e+01
8.574723052978515625e+01
1.809006195068359375e+02
1.283202266693115234e+01
4.153984832763671875e+01
8.649475097656250000e+01
1.773733367919921875e+02
1.167592906951904297e+01
4.305136108398437500e+01
2.380465850830078125e+02
1.690089416503906250e+02
1.051468372344970703e+01
4.891083145141601562e+01
2.057234497070312500e+02
1.789034423828125000e+02
4.584304046630859375e+01
1.721668243408203125e+02
2.052974548339843750e+02
1.777953033447265625e+02
4.619105529785156250e+01
1.985032653808593750e+02
1.970285186767578125e+02
1.687617187500000000e+02
4.616675567626953125e+01
2.164488372802734375e+02
3.891118164062500000e+02
1.527744140625000000e+02
2.573984336853027344e+01
1.373155212402343750e+02
2.662548828125000000e+02
1.761336975097656250e+02
4.145618438720703125e+01
1.350496673583984375e+02
1.213833160400390625e+02
1.761489868164062500e+02
6.115936279296875000e+00
2.482754707336425781e+01
3.828196716308593750e+02
1.571250305175781250e+02
3.157693290710449219e+01
1.451219329833984375e+02
1.574112243652343750e+02
1.807150573730468750e+02
1.044528388977050781e+01
4.746448898315429688e+01
1.292276458740234375e+02
1.779293518066406250e+02
5.777494430541992188e+00
2.232896232604980469e+01
1.988162536621093750e+02
1.637352600097656250e+02
4.300923919677734375e+01
2.035582122802734375e+02
1.017182693481445312e+02
1.751784973144531250e+02
8.589281082153320312e+00
4.171792984008789062e+01
1.431186065673828125e+02
1.764855346679687500e+02
1.364465332031250000e+01
5.607072830200195312e+01
6.512287902832031250e+01
1.727308807373046875e+02
1.115532207489013672e+01
4.839647674560546875e+01
0.000000000000000000e+00
0.000000000000000000e+00
0.000000000000000000e+00
0.000000000000000000e+00
