2.308243255615234375e+02
1.708613281250000000e+02
3.309295272827148438e+01
1.277107009887695312e+02
2.363796081542968750e+02
1.714894409179687500e+02
2.392197990417480469e+01
1.268597335815429688e+02
1.938802185058593750e+02
1.615261840820312500e+02
3.371810531616210938e+01
1.521164398193359375e+02
1.950122375488281250e+02
1.629705810546875000e+02
3.034325981140136719e+01
1.581595306396484375e+02
1.094825439453125000e+02
1.749592590332031250e+02
1.069802665710449219e+01
4.257113647460937500e+01
1.283996887207031250e+02
1.703232727050781250e+02
1.768821334838867188e+01
6.812434387207031250e+01
2.621901855468750000e+02
1.764604492187500000e+02
8.495611190795898438e+00
3.628131103515625000e+01
1.911766815185546875e+02
1.614784240722656250e+02
3.100564956665039062e+01
1.511017608642578125e+02
1.903842773437500000e+02
1.644475708007812500e+02
3.190369987487792969e+01
1.590803680419921875e+02
1.299114379882812500e+02
1.772213134765625000e+02
1.822042274475097656e+01
6.434453582763671875e+01
2.258887023925781250e+02
1.689663848876953125e+02
9.980123519897460938e+00
3.962529373168945312e+01
1.491958770751953125e+02
1.806056365966796875e+02
4.304708480834960938e+01
1.671028137207031250e+02
2.329593963623046875e+02
1.854871978759765625e+02
2.471111488342285156e+01
1.135294418334960938e+02
1.550305786132812500e+02
1.584840087890625000e+02
4.894117736816406250e+01
2.122957000732421875e+02
1.309415435791015625e+02
1.787384948730468750e+02
1.373225593566894531e+01
6.208247375488281250e+01
9.443933868408203125e+01
1.780559082031250000e+02
1.000225257873535156e+01
3.917998886108398438e+01
1.222462005615234375e+02
1.776290435791015625e+02
5.368275642395019531e+00
2.227295875549316406e+01
2.242375335693359375e+02
1.667997741699218750e+02
1.170440959930419922e+01
5.619850540161132812e+01
1.305781402587890625e+02
1.814194946289062500e+02
1.371545982360839844e+01
4.659356307983398438e+01
9.279590606689453125e+01
1.833150634765625000e+02
1.101358509063720703e+01
3.725978851318359375e+01
2.506747894287109375e+02
1.729840698242187500e+02
1.670859718322753906e+01
1.108199996948242188e+02
2.287887268066406250e+02
1.755805816650390625e+02
3.397188186645507812e+01
1.309128112792968750e+02
0.000000000000000000e+00
0.000000000000000000e+00
0.000000000000000000e+00
0.000000000000000000e+00
