1.642755432128906250e+02
1.759907226562500000e+02
1.875486946105957031e+01
8.674484252929687500e+01
1.404526367187500000e+02
1.704295196533203125e+02
2.418375778198242188e+01
1.134708862304687500e+02
2.164969177246093750e+02
1.729416046142578125e+02
9.291144371032714844e+00
3.161138916015625000e+01
2.731614074707031250e+02
1.695275268554687500e+02
8.104001045227050781e+00
3.956664276123046875e+01
1.420480804443359375e+02
1.737471313476562500e+02
2.192765045166015625e+01
9.560205078125000000e+01
1.094341201782226562e+02
1.667598571777343750e+02
3.153742027282714844e+01
1.343427734375000000e+02
1.156290740966796875e+02
1.669575805664062500e+02
3.434938812255859375e+01
1.363314971923828125e+02
3.644011230468750000e+02
1.689335174560546875e+02
2.284960174560546875e+01
5.989275741577148438e+01
1.611402740478515625e+02
1.812650451660156250e+02
1.897641754150390625e+01
9.016886901855468750e+01
2.357656707763671875e+02
1.719386596679687500e+02
1.112424468994140625e+01
4.579600524902343750e+01
1.089309921264648438e+02
1.871633605957031250e+02
2.300067138671875000e+01
8.510298156738281250e+01
1.274316558837890625e+02
1.697968139648437500e+02
1.957107734680175781e+01
1.257570037841796875e+02
2.319566497802734375e+02
1.724966430664062500e+02
1.018301677703857422e+01
4.548619461059570312e+01
0.000000000000000000e+00
0.000000000000000000e+00
0.000000000000000000e+00
0.000000000000000000e+00
