1.753467864990234375e+02
1.571654052734375000e+02
2.345329093933105469e+01
1.137682266235351562e+02
3.032966308593750000e+02
1.632023315429687500e+02
3.580119323730468750e+01
1.438403167724609375e+02
3.020907592773437500e+02
1.660562133789062500e+02
3.262873840332031250e+01
1.359198760986328125e+02
1.438697662353515625e+02
1.702728424072265625e+02
2.761236572265625000e+01
1.151157608032226562e+02
2.350121307373046875e+02
1.641799163818359375e+02
3.726267242431640625e+01
2.046873474121093750e+02
1.409494934082031250e+02
1.684509429931640625e+02
3.316685867309570312e+01
1.178381423950195312e+02
2.341060485839843750e+02
1.764224853515625000e+02
3.911670303344726562e+01
1.980637207031250000e+02
2.636885070800781250e+02
1.632862396240234375e+02
4.302106475830078125e+01
2.329368591308593750e+02
2.382994384765625000e+02
1.687944335937500000e+02
4.008496856689453125e+01
2.170425872802734375e+02
2.379483184814453125e+02
1.589038848876953125e+02
4.169834518432617188e+01
2.168865661621093750e+02
3.657406616210937500e+02
1.691759490966796875e+02
2.031351089477539062e+01
6.424697113037109375e+01
3.914109039306640625e+01
2.049855194091796875e+02
2.936755561828613281e+01
5.264258193969726562e+01
6.474884796142578125e+01
1.360812988281250000e+02
8.306735229492187500e+01
2.792626953125000000e+02
2.679662170410156250e+02
1.468665771484375000e+02
4.392573165893554688e+01
2.679285888671875000e+02
2.652217102050781250e+02
1.715139312744140625e+02
4.154606246948242188e+01
1.909952697753906250e+02
2.995784606933593750e+02
1.703508300781250000e+02
3.715104293823242188e+01
1.424071197509765625e+02
1.405669555664062500e+02
1.596058959960937500e+02
3.309188461303710938e+01
1.253323593139648438e+02
3.983404541015625000e+02
1.483728027343750000e+02
1.627194595336914062e+01
1.032646331787109375e+02
1.506286163330078125e+02
1.706178741455078125e+02
2.170232772827148438e+01
1.125299377441406250e+02
3.022596130371093750e+02
1.721455993652343750e+02
3.810981369018554688e+01
1.382220916748046875e+02
1.427729339599609375e+02
1.715512542724609375e+02
3.693323898315429688e+01
1.118365859985351562e+02
2.666664733886718750e+02
1.517769165039062500e+02
4.570495605468750000e+01
2.309838409423828125e+02
0.000000000000000000e+00
0.000000000000000000e+00
0.000000000000000000e+00
0.000000000000000000e+00
