5.525601577758789062e+01
1.584714050292968750e+02
4.283217620849609375e+01
1.570962829589843750e+02
4.171262741088867188e+00
1.676451110839843750e+02
2.927353668212890625e+01
1.383788299560546875e+02
5.508857727050781250e+01
1.690889434814453125e+02
4.238575744628906250e+01
1.458536682128906250e+02
1.929528808593750000e+02
1.591157226562500000e+02
3.891809082031250000e+01
2.046171112060546875e+02
2.287783813476562500e+02
1.489760437011718750e+02
4.541621398925781250e+01
2.360290679931640625e+02
1.582812805175781250e+02
1.820096130371093750e+02
1.163691234588623047e+01
4.532785034179687500e+01
2.285449371337890625e+02
1.564667663574218750e+02
4.680060958862304688e+01
2.382491607666015625e+02
6.089243698120117188e+01
1.594322814941406250e+02
4.031554412841796875e+01
1.542332000732421875e+02
6.494126319885253906e+00
1.825374145507812500e+02
2.549655723571777344e+01
1.187993316650390625e+02
6.776657104492187500e+00
1.764356842041015625e+02
2.602960586547851562e+01
1.197290954589843750e+02
3.253824462890625000e+02
1.654215698242187500e+02
1.067530536651611328e+01
4.519090652465820312e+01
1.212268524169921875e+02
1.778072814941406250e+02
5.539627552032470703e+00
1.962701225280761719e+01
1.933023681640625000e+02
1.478068542480468750e+02
3.997172164916992188e+01
2.114283142089843750e+02
4.291653633117675781e+00
1.744046630859375000e+02
2.917680168151855469e+01
1.342282562255859375e+02
3.628108215332031250e+02
1.670530700683593750e+02
2.285406494140625000e+01
6.713988494873046875e+01
1.046064834594726562e+02
1.746655273437500000e+02
1.035545063018798828e+01
4.204135894775390625e+01
1.290273132324218750e+02
1.781317596435546875e+02
4.926284790039062500e+00
1.881936645507812500e+01
2.417454528808593750e+02
1.719439544677734375e+02
4.357972335815429688e+01
1.861440124511718750e+02
0.000000000000000000e+00
0.000000000000000000e+00
0.000000000000000000e+00
0.000000000000000000e+00
