3.566162414550781250e+02
1.639932250976562500e+02
3.965145111083984375e+01
1.288130798339843750e+02
2.922011413574218750e+02
1.695703125000000000e+02
3.582474136352539062e+01
1.486058349609375000e+02
1.446458740234375000e+02
1.711989135742187500e+02
1.879246711730957031e+01
7.028033447265625000e+01
1.453675537109375000e+02
1.763496856689453125e+02
1.826126098632812500e+01
6.717122650146484375e+01
2.930487670898437500e+02
1.665835571289062500e+02
3.263639068603515625e+01
1.429596099853515625e+02
3.562886962890625000e+02
1.556166839599609375e+02
3.846868515014648438e+01
1.329808044433593750e+02
1.697006530761718750e+02
1.742861633300781250e+02
3.810931777954101562e+01
1.749970245361328125e+02
2.064411926269531250e+02
1.677126617431640625e+02
4.633813095092773438e+01
2.199326477050781250e+02
1.092591781616210938e+02
1.743837280273437500e+02
1.025285816192626953e+01
4.251359558105468750e+01
2.110810394287109375e+02
1.663918762207031250e+02
4.143589019775390625e+01
1.996364898681640625e+02
2.484475097656250000e+02
1.677991943359375000e+02
7.210055828094482422e+00
4.257545471191406250e+01
1.213992233276367188e+02
1.764700622558593750e+02
5.894155979156494141e+00
2.286725044250488281e+01
1.988386840820312500e+02
1.641584014892578125e+02
4.373022842407226562e+01
2.270270690917968750e+02
3.966286315917968750e+02
1.766189880371093750e+02
1.737126731872558594e+01
7.607132720947265625e+01
2.417277221679687500e+02
1.699958801269531250e+02
8.780196189880371094e+00
3.918175506591796875e+01
1.748853607177734375e+02
1.689684143066406250e+02
3.855520629882812500e+01
1.884176025390625000e+02
8.595975494384765625e+01
1.775697479248046875e+02
1.028146743774414062e+01
4.103210830688476562e+01
1.291778411865234375e+02
1.779117889404296875e+02
5.245499610900878906e+00
2.051903915405273438e+01
1.688755798339843750e+02
1.659569396972656250e+02
3.849953842163085938e+01
1.747543182373046875e+02
1.373566284179687500e+02
1.768346710205078125e+02
4.717855453491210938e+00
2.097563552856445312e+01
2.811726989746093750e+02
1.647197875976562500e+02
1.040046024322509766e+01
4.704209518432617188e+01
2.412173309326171875e+02
1.710832214355468750e+02
9.068184852600097656e+00
4.727048873901367188e+01
0.000000000000000000e+00
0.000000000000000000e+00
0.000000000000000000e+00
0.000000000000000000e+00
