2.044076385498046875e+02
1.696577453613281250e+02
2.672104072570800781e+01
8.688545227050781250e+01
3.675657958984375000e+02
1.507629089355468750e+02
4.671639251708984375e+01
2.628160400390625000e+02
2.521736450195312500e+02
1.705838623046875000e+02
2.652503776550292969e+01
1.007224807739257812e+02
1.376419830322265625e+02
1.764408874511718750e+02
8.440189361572265625e+00
3.846595382690429688e+01
3.663040466308593750e+02
1.610514373779296875e+02
4.828497695922851562e+01
2.623607482910156250e+02
2.511143798828125000e+02
1.738009643554687500e+02
2.852308273315429688e+01
1.032507934570312500e+02
2.460353240966796875e+02
1.643584747314453125e+02
3.673044204711914062e+01
1.135421752929687500e+02
1.560646514892578125e+02
1.746360321044921875e+02
9.479714393615722656e+00
3.854675292968750000e+01
1.540044097900390625e+02
1.754899902343750000e+02
7.652675151824951172e+00
3.629310989379882812e+01
2.259610748291015625e+02
1.688902893066406250e+02
2.270410346984863281e+01
9.114862060546875000e+01
1.265388488769531250e+02
1.775285949707031250e+02
7.760926246643066406e+00
3.087720108032226562e+01
3.419293212890625000e+02
1.549081573486328125e+02
7.530535125732421875e+01
2.560196228027343750e+02
1.181244049072265625e+02
1.788924102783203125e+02
8.593939781188964844e+00
2.895832443237304688e+01
1.265741958618164062e+02
1.753984680175781250e+02
7.966626167297363281e+00
3.110745239257812500e+01
7.995484924316406250e+01
1.847837371826171875e+02
1.152836894989013672e+01
3.745436859130859375e+01
0.000000000000000000e+00
0.000000000000000000e+00
0.000000000000000000e+00
0.000000000000000000e+00
