3.246911315917968750e+02
1.713351745605468750e+02
4.794227218627929688e+01
1.561967926025390625e+02
1.584885864257812500e+02
1.713936920166015625e+02
1.729188919067382812e+01
7.943335723876953125e+01
2.120916748046875000e+02
1.662113037109375000e+02
4.301533889770507812e+01
2.227369537353515625e+02
1.791898498535156250e+02
1.655480957031250000e+02
3.858971023559570312e+01
1.946002197265625000e+02
3.272868652343750000e+02
1.716905517578125000e+02
5.242084121704101562e+01
1.565660247802734375e+02
3.227655029296875000e+02
1.838545684814453125e+02
5.217657089233398438e+01
1.491391906738281250e+02
3.156166992187500000e+02
1.628557434082031250e+02
1.977199554443359375e+01
1.140954437255859375e+02
1.085694580078125000e+02
1.749422607421875000e+02
1.076230812072753906e+01
4.123252487182617188e+01
2.126044311523437500e+02
1.546003570556640625e+02
4.112269210815429688e+01
2.254133605957031250e+02
3.147782592773437500e+02
1.690930938720703125e+02
1.997289466857910156e+01
1.163230667114257812e+02
1.574408569335937500e+02
1.689525756835937500e+02
1.746694755554199219e+01
7.565501403808593750e+01
3.262197570800781250e+02
1.875519714355468750e+02
5.488852310180664062e+01
1.443132171630859375e+02
2.952115783691406250e+02
1.677807769775390625e+02
7.866508483886718750e+00
4.528383255004882812e+01
1.215075225830078125e+02
1.783040771484375000e+02
5.395858287811279297e+00
2.164244842529296875e+01
3.644100952148437500e+02
1.695646820068359375e+02
2.070288085937500000e+01
6.073789215087890625e+01
2.944431152343750000e+02
1.725427703857421875e+02
8.698971748352050781e+00
4.094347000122070312e+01
1.794395904541015625e+02
1.608620147705078125e+02
3.788980865478515625e+01
1.833390808105468750e+02
2.494571990966796875e+02
1.667926635742187500e+02
9.738921165466308594e+00
4.667887115478515625e+01
1.283875732421875000e+02
1.787520294189453125e+02
4.504674911499023438e+00
1.940929412841796875e+01
3.249347229003906250e+02
1.683172302246093750e+02
4.235662078857421875e+01
1.384228973388671875e+02
3.981134948730468750e+02
1.521740875244140625e+02
1.629066658020019531e+01
9.693598175048828125e+01
0.000000000000000000e+00
0.000000000000000000e+00
0.000000000000000000e+00
0.000000000000000000e+00
