2.549118499755859375e+02
1.722183227539062500e+02
2.654099082946777344e+01
9.687156677246093750e+01
1.366849822998046875e+02
1.772667541503906250e+02
8.210707664489746094e+00
3.656854629516601562e+01
3.661418762207031250e+02
1.185125427246093750e+02
4.846856307983398438e+01
3.281262817382812500e+02
1.560690155029296875e+02
1.738927917480468750e+02
9.693647384643554688e+00
3.904315185546875000e+01
2.096488189697265625e+02
1.710535125732421875e+02
2.327812576293945312e+01
8.577465820312500000e+01
2.557114562988281250e+02
1.749558410644531250e+02
2.550103378295898438e+01
1.012961578369140625e+02
3.447894897460937500e+02
1.461580657958984375e+02
7.139223480224609375e+01
2.695409240722656250e+02
2.340289459228515625e+02
1.666483764648437500e+02
1.793950271606445312e+01
9.794233703613281250e+01
3.640094604492187500e+02
1.456060791015625000e+02
5.138832473754882812e+01
2.930067749023437500e+02
1.541692199707031250e+02
1.764388427734375000e+02
7.724849224090576172e+00
3.497656250000000000e+01
1.184458541870117188e+02
1.734120178222656250e+02
9.523281097412109375e+00
3.342249679565429688e+01
1.265436553955078125e+02
1.749756469726562500e+02
7.790438175201416016e+00
3.163018608093261719e+01
1.270289916992187500e+02
1.778468017578125000e+02
7.571111679077148438e+00
3.019294738769531250e+01
1.185051269531250000e+02
1.781183776855468750e+02
8.958290100097656250e+00
3.010716247558593750e+01
2.492900543212890625e+02
1.669529571533203125e+02
3.709757614135742188e+01
1.071630859375000000e+02
3.469111328125000000e+02
1.637673645019531250e+02
6.662288665771484375e+01
2.552330780029296875e+02
1.441285247802734375e+02
1.762953491210937500e+02
7.117667675018310547e+00
3.685252761840820312e+01
0.000000000000000000e+00
0.000000000000000000e+00
0.000000000000000000e+00
0.000000000000000000e+00
