2.721494140625000000e+02
1.662750549316406250e+02
1.984733200073242188e+01
9.436518096923828125e+01
1.737850036621093750e+02
1.729971466064453125e+02
1.616463088989257812e+01
8.232012939453125000e+01
5.564453125000000000e+00
1.628310241699218750e+02
5.734820556640625000e+01
1.620696105957031250e+02
3.898377990722656250e+02
1.584212036132812500e+02
2.596068572998046875e+01
1.851454620361328125e+02
3.888995666503906250e+02
1.657761993408203125e+02
2.768195724487304688e+01
1.899181823730468750e+02
1.070401611328125000e+02
1.759817047119140625e+02
1.156155395507812500e+01
4.156513595581054688e+01
2.221566314697265625e+02
1.535714416503906250e+02
4.647994232177734375e+01
2.459537200927734375e+02
5.970066070556640625e+00
1.582612915039062500e+02
5.543011474609375000e+01
1.555589599609375000e+02
3.657821655273437500e+00
1.606311950683593750e+02
5.219721221923828125e+01
1.660302581787109375e+02
5.686496734619140625e+00
1.561599121093750000e+02
4.710232543945312500e+01
1.611689605712890625e+02
2.251603088378906250e+02
1.600549316406250000e+02
4.464577865600585938e+01
2.104083099365234375e+02
1.871804809570312500e+02
1.646778869628906250e+02
3.659680175781250000e+01
1.954769897460937500e+02
1.049680786132812500e+02
1.750526733398437500e+02
1.125385284423828125e+01
4.260186004638671875e+01
3.650376586914062500e+02
1.586865844726562500e+02
3.241673278808593750e+01
1.549704437255859375e+02
7.904280090332031250e+01
1.798376770019531250e+02
1.236430549621582031e+01
4.358473968505859375e+01
7.950483703613281250e+01
1.780742492675781250e+02
1.204811477661132812e+01
4.074952316284179688e+01
3.755010681152343750e+02
1.584629364013671875e+02
3.011198616027832031e+01
1.759985656738281250e+02
2.606042480468750000e+02
1.697042388916015625e+02
9.118303298950195312e+00
4.127843475341796875e+01
1.864529418945312500e+02
1.590563812255859375e+02
3.641045761108398438e+01
1.858289489746093750e+02
1.908065643310546875e+02
1.616204376220703125e+02
3.935936737060546875e+01
2.038424987792968750e+02
3.089849548339843750e+02
1.652932434082031250e+02
9.875080108642578125e+00
4.689788436889648438e+01
1.573673706054687500e+02
1.807447814941406250e+02
1.088317489624023438e+01
4.830566024780273438e+01
3.637103881835937500e+02
1.589256591796875000e+02
3.463718414306640625e+01
1.692627716064453125e+02
3.734562683105468750e+02
1.532157592773437500e+02
2.875430679321289062e+01
1.656025848388671875e+02
2.720553588867187500e+02
1.635820007324218750e+02
1.844417953491210938e+01
8.574501800537109375e+01
1.211897659301757812e+02
1.772691192626953125e+02
4.948721408843994141e+00
2.107240104675292969e+01
2.599244689941406250e+02
1.717502593994140625e+02
9.818111419677734375e+00
4.234004974365234375e+01
0.000000000000000000e+00
0.000000000000000000e+00
0.000000000000000000e+00
0.000000000000000000e+00
