1.695457763671875000e+02
1.700664520263671875e+02
2.552686882019042969e+01
1.018651809692382812e+02
1.184333496093750000e+02
1.669370727539062500e+02
3.631195068359375000e+01
1.544008636474609375e+02
1.696885528564453125e+02
1.805772094726562500e+02
2.514626502990722656e+01
9.105834960937500000e+01
1.179771347045898438e+02
1.669479370117187500e+02
3.688798522949218750e+01
1.416913452148437500e+02
1.461184539794921875e+02
1.691124572753906250e+02
2.422004127502441406e+01
1.277315216064453125e+02
1.492661132812500000e+02
1.690924072265625000e+02
2.358180236816406250e+01
1.232667846679687500e+02
2.059646911621093750e+02
1.684594573974609375e+02
8.706741333007812500e+00
3.507122802734375000e+01
1.410465240478515625e+02
1.662038574218750000e+02
3.070979499816894531e+01
1.378535461425781250e+02
3.635897521972656250e+02
1.678669586181640625e+02
2.286892890930175781e+01
6.092332839965820312e+01
2.155809631347656250e+02
1.729490051269531250e+02
9.706180572509765625e+00
2.954177093505859375e+01
1.463391265869140625e+02
1.677858886718750000e+02
3.021308326721191406e+01
1.284367218017578125e+02
0.000000000000000000e+00
0.000000000000000000e+00
0.000000000000000000e+00
0.000000000000000000e+00
