230.824 170.861 33.093 127.711 0.975
236.380 171.489 23.922 126.860 0.967
193.880 161.526 33.718 152.116 0.963
195.012 162.971 30.343 158.160 0.946
109.483 174.959 10.698 42.571 0.922
128.400 170.323 17.688 68.124 0.871
262.190 176.460 8.496 36.281 0.838
191.177 161.478 31.006 151.102 0.770
190.384 164.448 31.904 159.080 0.751
129.911 177.221 18.220 64.345 0.732
225.889 168.966 9.980 39.625 0.705
149.196 180.606 43.047 167.103 0.679
232.959 185.487 24.711 113.529 0.665
155.031 158.484 48.941 212.296 0.611
130.942 178.738 13.732 62.082 0.579
94.439 178.056 10.002 39.180 0.551
122.246 177.629 5.368 22.273 0.551
0.000 0.000 0.000 0.000 0.490
