135.329 168.378 22.324 97.736 0.999
335.733 156.703 39.465 160.464 0.990
168.180 168.271 23.129 114.804 0.978
335.100 159.665 41.831 166.573 0.974
169.228 167.527 23.631 107.470 0.953
189.934 166.789 22.705 94.803 0.927
255.562 171.266 41.562 213.732 0.892
333.615 154.675 34.541 161.458 0.828
286.075 159.195 80.951 263.774 0.824
78.329 198.366 24.645 67.914 0.780
284.673 149.146 80.501 268.513 0.754
137.094 180.281 19.985 90.863 0.725
1.627 197.534 36.248 195.839 0.699
256.626 159.690 38.524 217.367 0.642
80.654 187.750 20.211 63.200 0.633
365.154 168.371 19.279 68.786 0.622
288.380 157.501 51.233 244.576 0.588
250.366 172.598 40.392 211.184 0.534
236.937 166.984 11.902 62.673 0.516
0.000 0.000 0.000 0.000 0.486
