289.404 162.504 36.716 140.046 0.997
123.728 173.127 27.139 93.695 0.982
286.740 158.751 33.181 144.003 0.890
157.842 177.680 9.503 42.487 0.888
157.667 180.692 8.791 41.739 0.886
288.503 153.004 37.352 137.590 0.795
92.047 175.786 27.385 101.036 0.749
317.646 173.811 26.120 111.054 0.720
364.240 170.192 22.965 56.696 0.702
90.022 180.492 27.044 78.311 0.641
87.888 169.176 35.782 113.186 0.629
272.161 170.651 7.934 37.486 0.563
86.887 167.495 36.229 109.560 0.520
123.693 180.974 25.582 90.539 0.503
0.000 0.000 0.000 0.000 0.487
