170.858 170.174 26.815 93.017 0.995
142.072 175.822 10.448 41.154 0.972
214.376 174.302 27.569 104.076 0.963
316.339 155.788 48.221 253.996 0.944
209.910 171.277 37.036 109.590 0.868
196.155 168.233 20.159 93.390 0.866
209.540 167.750 38.039 108.497 0.855
153.385 175.998 8.300 33.853 0.853
373.964 160.395 41.539 236.607 0.850
215.678 172.755 26.887 97.344 0.848
153.484 173.470 8.332 35.266 0.848
310.731 155.144 46.429 255.495 0.831
313.576 170.558 53.466 240.349 0.821
340.664 154.163 40.252 251.608 0.815
343.541 140.798 38.585 254.255 0.795
120.168 174.708 8.011 31.530 0.657
376.129 154.298 39.701 224.411 0.627
309.579 168.376 48.965 244.949 0.515
0.000 0.000 0.000 0.000 0.499
