186.548 166.035 20.917 97.806 0.974
233.848 165.291 25.787 111.251 0.966
140.353 175.274 10.415 41.103 0.953
233.798 171.649 25.587 107.769 0.910
205.667 164.221 25.536 105.192 0.887
152.596 175.604 9.459 34.443 0.864
228.151 160.641 35.020 120.667 0.859
348.891 163.266 58.711 234.989 0.839
125.866 174.776 8.264 31.217 0.789
151.913 174.659 9.477 32.983 0.774
118.073 173.811 8.930 32.220 0.749
336.399 163.203 48.811 234.240 0.749
367.971 149.527 42.895 259.844 0.641
353.348 158.401 52.029 218.711 0.541
367.354 142.944 41.920 247.202 0.503
0.000 0.000 0.000 0.000 0.497
