320.606 155.795 41.848 158.653 0.993
124.510 170.190 26.541 101.703 0.993
342.806 158.217 39.106 150.300 0.933
92.751 171.232 34.978 112.146 0.894
101.139 172.152 25.579 110.552 0.878
124.740 178.213 25.951 95.454 0.867
156.916 175.460 9.639 45.518 0.855
319.010 168.200 47.225 147.903 0.797
316.981 157.507 36.174 152.773 0.793
302.125 161.579 11.110 56.650 0.775
271.429 169.942 8.035 38.541 0.682
96.655 170.263 35.006 112.836 0.631
156.932 178.637 8.704 45.694 0.606
303.946 169.908 11.138 47.374 0.532
96.076 179.819 28.620 97.111 0.530
0.000 0.000 0.000 0.000 0.487
