135.781 167.101 23.219 97.488 0.998
338.503 158.484 37.562 154.227 0.989
169.835 168.172 22.389 114.828 0.984
170.944 166.241 22.897 110.391 0.978
338.864 161.720 37.414 162.193 0.952
191.568 169.217 21.987 91.318 0.946
255.794 171.725 40.307 214.951 0.899
77.154 198.202 25.806 67.504 0.866
288.180 158.373 78.705 266.198 0.834
365.718 168.210 18.053 68.538 0.709
80.369 187.450 21.228 63.824 0.666
1.200 203.016 33.315 185.529 0.620
300.435 207.030 51.236 174.605 0.592
284.657 151.034 81.306 265.001 0.588
237.328 167.523 11.789 61.326 0.586
257.317 162.482 37.472 211.228 0.558
119.371 175.141 8.616 29.960 0.531
0.000 0.000 0.000 0.000 0.456
