192.353 167.554 20.923 96.279 0.997
237.635 168.655 25.959 104.338 0.984
214.092 166.541 26.775 97.931 0.967
237.100 172.016 25.720 107.991 0.949
138.071 178.466 9.756 38.452 0.930
346.255 161.385 57.035 244.312 0.860
335.853 164.020 76.893 239.196 0.832
230.988 161.921 36.404 116.571 0.830
141.499 177.486 8.583 38.429 0.790
343.105 161.421 58.650 258.530 0.769
153.304 172.122 8.267 37.180 0.694
118.145 174.186 8.540 32.182 0.665
153.017 175.323 8.425 35.314 0.642
340.172 168.783 50.012 229.616 0.632
126.119 174.993 8.000 31.142 0.625
210.591 155.953 36.196 116.191 0.600
79.351 184.631 12.851 37.275 0.578
88.444 176.683 12.054 43.446 0.521
337.357 173.290 54.947 235.840 0.521
0.000 0.000 0.000 0.000 0.469
