127.369 163.662 20.606 105.756 0.994
157.441 167.706 21.872 116.807 0.994
321.381 163.998 24.675 136.566 0.989
178.171 162.503 22.207 110.056 0.983
319.061 160.603 28.955 143.191 0.979
241.529 170.597 42.875 209.824 0.966
242.440 160.562 40.051 216.642 0.930
7.587 146.640 88.515 267.642 0.924
157.231 170.265 21.272 103.014 0.844
274.144 172.350 52.997 216.962 0.823
259.153 160.407 80.571 243.376 0.787
282.265 176.708 49.395 209.417 0.752
363.982 168.057 21.041 58.969 0.677
182.592 164.394 21.930 101.042 0.665
281.224 188.029 51.344 210.872 0.630
127.815 178.353 18.999 96.322 0.605
274.467 188.506 54.574 209.371 0.529
0.000 0.000 0.000 0.000 0.494
