137.872 166.358 26.515 100.105 0.998
171.036 170.581 26.010 111.227 0.983
256.256 166.693 42.116 223.752 0.977
290.981 159.614 77.610 261.187 0.962
289.001 157.280 76.796 254.854 0.949
200.126 170.820 19.045 90.048 0.945
345.135 160.872 34.279 150.309 0.943
347.356 158.772 32.703 167.247 0.925
75.128 185.904 24.062 65.923 0.924
194.010 165.768 18.560 97.448 0.893
173.359 162.983 23.106 117.399 0.893
303.928 182.568 51.640 196.020 0.792
258.876 158.976 37.854 220.238 0.783
71.242 197.918 29.894 66.737 0.755
237.104 164.846 12.314 64.748 0.748
120.553 174.226 8.486 30.919 0.734
166.103 168.762 35.693 114.734 0.728
166.680 162.013 34.600 118.712 0.685
255.364 186.210 45.275 209.281 0.663
157.161 172.155 11.528 47.894 0.596
132.660 163.379 37.945 104.081 0.589
1.638 211.384 20.488 70.728 0.588
302.199 208.384 54.334 170.843 0.546
367.962 166.422 17.722 69.735 0.544
0.000 0.000 0.000 0.000 0.478
