138.049 153.811 32.929 134.540 0.995
87.197 168.144 33.050 132.781 0.992
54.166 162.305 22.787 137.960 0.980
228.714 160.884 47.615 231.292 0.978
52.785 161.653 27.349 139.372 0.965
137.986 164.818 33.275 120.763 0.955
140.809 167.904 27.446 116.778 0.939
111.898 168.902 25.481 102.840 0.927
211.017 168.708 28.827 188.521 0.915
141.502 163.472 25.621 110.226 0.905
91.743 179.728 24.795 108.192 0.897
111.074 173.200 26.542 108.319 0.895
48.681 163.142 28.528 135.615 0.870
225.905 152.403 50.061 230.966 0.824
233.774 163.516 49.783 227.474 0.795
50.832 166.736 25.027 127.070 0.783
210.710 156.012 30.117 190.282 0.783
362.907 166.946 23.254 61.624 0.724
269.103 171.976 8.111 36.122 0.648
207.444 169.097 30.507 187.053 0.627
107.299 166.985 33.492 121.797 0.593
205.202 163.436 33.607 176.016 0.550
0.000 0.000 0.000 0.000 0.485
