275.698 164.642 36.442 143.995 0.978
378.772 162.121 37.091 136.747 0.973
143.476 173.242 16.356 72.943 0.971
109.117 174.479 10.914 42.610 0.947
169.146 169.262 34.651 180.128 0.937
274.183 172.469 38.642 140.540 0.919
85.368 181.058 13.125 41.785 0.883
142.243 170.514 16.941 72.707 0.877
168.680 167.457 35.098 171.059 0.852
197.843 168.780 42.333 216.867 0.833
239.109 168.035 9.853 43.864 0.832
100.856 174.779 9.318 42.197 0.755
86.334 178.233 11.989 41.213 0.741
198.792 154.304 40.687 222.684 0.722
121.507 176.204 6.295 24.309 0.674
238.205 170.305 10.091 46.312 0.648
384.306 163.622 33.091 136.463 0.607
362.791 171.777 22.603 62.706 0.559
129.325 178.349 5.814 21.643 0.546
0.000 0.000 0.000 0.000 0.480
