204.562 168.903 24.074 88.516 0.985
364.390 153.169 50.466 259.395 0.981
362.833 155.211 52.751 271.526 0.967
223.582 169.555 23.605 95.420 0.967
250.253 167.256 25.756 108.757 0.941
137.541 175.270 8.994 39.450 0.938
249.827 171.583 27.428 107.691 0.930
244.620 164.977 35.879 113.077 0.819
154.147 174.219 7.996 38.331 0.813
118.448 178.655 8.904 29.382 0.715
153.779 172.248 7.482 36.916 0.679
143.307 174.343 7.638 39.373 0.622
126.559 178.048 7.891 29.886 0.565
204.806 168.472 22.793 73.076 0.550
244.325 170.636 36.649 109.571 0.522
0.000 0.000 0.000 0.000 0.461
