294.742 159.927 20.163 112.279 0.995
293.385 162.569 20.091 107.875 0.993
355.359 163.431 37.888 172.848 0.988
355.965 168.734 37.255 179.840 0.966
164.642 174.944 17.762 74.109 0.915
253.236 168.536 10.410 44.626 0.878
252.881 171.270 10.553 43.124 0.862
170.243 175.547 17.838 79.618 0.818
185.824 163.386 36.292 194.783 0.792
108.980 174.817 9.897 41.747 0.733
159.028 180.167 10.364 49.145 0.694
121.632 177.923 5.813 20.878 0.688
213.827 164.657 45.596 224.085 0.633
184.866 161.997 36.987 179.373 0.618
213.715 146.254 44.187 241.215 0.572
345.986 157.111 18.767 93.452 0.561
0.000 0.000 0.000 0.000 0.460
