194.640 167.514 21.428 93.541 0.992
349.126 162.941 57.844 240.547 0.986
239.005 170.833 26.473 99.611 0.981
216.600 168.778 26.561 95.518 0.958
137.941 177.851 9.913 38.505 0.951
346.610 159.812 61.187 261.507 0.931
238.846 172.224 25.644 106.907 0.885
153.298 172.140 8.886 36.975 0.845
140.749 177.284 9.194 37.319 0.826
125.860 175.607 8.032 30.451 0.733
335.624 164.360 76.481 238.647 0.703
232.361 163.379 36.082 113.359 0.686
153.034 175.405 9.391 35.255 0.664
210.947 159.821 39.473 111.405 0.624
118.681 174.831 8.270 31.162 0.580
87.766 176.527 13.062 43.343 0.510
0.000 0.000 0.000 0.000 0.484
