160.765 168.015 22.117 99.246 0.994
290.444 162.550 51.412 237.402 0.989
190.926 159.556 19.890 111.252 0.969
0.572 189.936 33.866 88.545 0.958
227.826 173.602 20.382 88.385 0.958
207.300 170.524 22.505 100.591 0.939
204.360 171.942 24.516 107.856 0.924
298.575 162.140 48.051 238.713 0.887
287.618 185.846 56.563 209.836 0.883
0.330 189.052 28.934 90.111 0.862
120.111 174.021 7.636 32.522 0.782
150.340 174.127 8.753 44.837 0.759
328.446 150.709 83.408 259.051 0.751
350.926 188.951 52.650 180.325 0.730
231.902 169.935 18.342 90.617 0.715
-0.449 187.734 38.932 95.550 0.711
138.075 177.730 8.318 32.528 0.652
194.997 162.685 39.952 115.846 0.650
394.334 150.002 21.729 225.748 0.594
394.091 141.264 21.838 216.596 0.589
339.099 165.251 40.483 225.637 0.533
0.000 0.000 0.000 0.000 0.485
