113.362 156.472 34.005 139.289 0.996
111.494 150.250 37.761 143.214 0.990
37.773 166.668 42.442 143.284 0.977
36.047 170.273 45.398 144.319 0.976
73.339 172.821 21.254 111.267 0.975
110.565 158.121 32.814 136.089 0.955
0.124 175.316 39.288 137.696 0.952
203.605 167.349 36.644 188.300 0.948
233.197 166.910 52.473 219.821 0.946
235.863 162.691 51.076 206.511 0.903
0.036 163.987 39.086 146.415 0.885
109.418 152.410 34.624 137.907 0.866
150.255 182.288 8.703 43.617 0.824
204.135 163.041 35.619 180.874 0.812
205.895 161.607 39.170 200.839 0.744
159.355 181.182 7.901 46.221 0.741
101.149 173.086 10.916 46.101 0.736
362.868 167.455 22.887 64.573 0.734
231.794 170.167 44.264 214.162 0.630
141.382 181.066 9.906 46.591 0.605
398.013 180.227 16.867 70.623 0.569
0.000 0.000 0.000 0.000 0.425
