130.344 168.845 24.682 94.286 0.994
187.842 165.327 24.553 98.477 0.976
330.098 155.041 39.142 160.412 0.970
165.351 165.931 22.788 119.902 0.935
134.313 166.875 21.046 98.765 0.932
329.986 159.085 47.279 154.183 0.929
162.432 170.395 25.164 111.099 0.911
168.264 163.708 21.415 112.999 0.863
289.514 182.293 49.076 195.178 0.830
328.736 162.537 40.823 159.458 0.823
251.380 160.771 47.211 233.808 0.794
247.535 162.977 44.017 225.983 0.773
88.362 187.478 22.086 62.194 0.760
249.670 159.854 40.161 215.370 0.757
365.808 169.642 20.364 61.229 0.749
119.142 174.489 8.265 29.893 0.746
162.520 171.647 23.551 95.459 0.716
253.223 148.468 41.987 239.129 0.704
289.226 189.696 51.048 207.881 0.658
0.000 0.000 0.000 0.000 0.489
