176.541 164.020 37.013 146.069 0.985
122.790 169.990 16.859 69.851 0.975
177.058 164.389 35.097 155.492 0.962
219.052 173.788 24.672 118.497 0.926
140.224 164.914 46.407 201.870 0.885
123.644 178.214 18.115 62.002 0.858
212.666 169.553 34.265 125.669 0.842
170.695 162.653 39.583 145.407 0.743
139.861 179.747 48.944 190.077 0.687
108.874 175.527 9.304 41.863 0.672
171.192 163.552 38.619 159.945 0.623
136.445 169.691 43.295 190.097 0.605
124.856 176.833 13.106 57.420 0.585
125.289 180.690 14.133 57.335 0.540
105.962 176.765 7.908 39.366 0.514
254.262 168.342 8.997 44.032 0.502
0.000 0.000 0.000 0.000 0.494
