159.766 169.575 22.611 96.040 0.988
290.576 163.565 49.990 235.119 0.988
226.878 173.974 20.907 88.734 0.979
189.857 161.301 19.736 110.453 0.966
203.824 172.703 24.673 107.131 0.950
206.828 171.299 22.466 99.555 0.922
328.272 151.099 83.075 257.149 0.918
2.751 196.720 33.790 79.740 0.869
150.997 174.345 9.113 44.565 0.846
286.923 188.531 55.852 203.789 0.828
120.251 174.269 7.498 32.209 0.744
138.240 177.405 8.034 32.587 0.738
393.888 142.429 21.796 215.123 0.733
393.902 153.759 21.660 217.755 0.723
351.044 188.323 52.363 180.239 0.680
298.494 163.870 48.459 234.042 0.678
329.707 151.325 29.653 230.491 0.595
336.428 151.676 46.717 251.237 0.571
0.792 199.353 44.579 94.868 0.569
3.870 206.036 32.771 77.623 0.564
194.300 163.092 41.167 115.898 0.523
0.000 0.000 0.000 0.000 0.429
