217.123 171.503 35.746 125.146 0.995
183.306 165.873 32.541 142.186 0.985
123.931 169.217 18.294 70.545 0.982
108.478 174.785 11.062 43.076 0.919
125.059 178.270 19.734 61.920 0.910
219.123 178.039 28.529 113.886 0.880
182.867 161.533 33.514 160.300 0.869
257.921 172.752 9.535 41.742 0.833
144.131 162.452 42.030 205.809 0.752
126.782 173.929 13.810 62.981 0.659
94.382 184.495 11.703 37.621 0.654
126.240 181.381 15.556 55.813 0.632
256.752 168.498 9.707 43.871 0.579
0.000 0.000 0.000 0.000 0.486
