115.346 154.805 33.625 142.285 0.996
0.900 167.949 38.835 140.057 0.989
114.365 152.846 36.272 138.371 0.988
77.399 168.238 23.937 117.981 0.985
0.677 168.670 40.859 146.477 0.970
49.721 168.308 31.786 146.922 0.965
232.473 162.504 53.127 228.472 0.960
207.926 162.664 36.261 198.534 0.945
43.367 164.877 36.131 146.152 0.941
204.430 167.505 36.138 188.090 0.930
47.781 165.554 37.602 143.269 0.930
44.477 171.428 35.714 140.994 0.910
234.857 159.602 53.058 214.404 0.898
158.245 180.660 9.645 46.644 0.889
76.774 170.961 23.495 101.821 0.872
204.804 161.870 34.828 182.133 0.775
231.347 168.338 44.889 218.169 0.746
207.807 155.842 36.319 194.285 0.734
149.631 182.430 9.145 42.664 0.674
363.005 167.871 23.291 64.921 0.600
107.615 156.156 38.461 140.992 0.514
0.000 0.000 0.000 0.000 0.495
