130.797 169.899 24.763 91.359 0.994
134.382 167.632 20.851 96.271 0.987
330.361 156.299 47.767 161.611 0.986
189.973 166.214 23.096 96.925 0.957
330.853 152.553 39.168 165.935 0.949
331.218 161.842 47.509 161.101 0.899
290.794 174.308 48.717 210.670 0.897
252.228 166.882 45.158 221.358 0.884
171.107 160.787 20.175 116.986 0.883
330.154 158.049 40.022 169.280 0.852
162.379 172.858 24.792 106.140 0.848
165.955 167.722 22.724 116.286 0.843
249.059 169.291 42.380 213.771 0.788
365.153 169.628 20.318 63.677 0.766
254.180 157.656 40.407 222.023 0.733
290.255 186.192 51.055 213.694 0.726
293.910 178.648 43.016 176.473 0.691
88.650 187.401 21.003 63.478 0.688
251.664 162.192 37.547 212.119 0.682
1.547 147.728 45.860 264.534 0.664
162.189 171.763 23.670 94.986 0.654
118.830 174.538 8.472 29.534 0.599
0.000 0.000 0.000 0.000 0.488
