380.233 154.955 34.711 178.239 0.967
229.333 150.065 40.551 230.704 0.964
379.811 150.637 35.425 173.223 0.940
313.343 168.953 10.585 41.811 0.913
225.867 148.801 45.744 253.980 0.906
105.079 174.576 11.245 43.466 0.898
21.878 156.858 40.745 158.308 0.895
18.068 163.811 47.379 157.779 0.830
79.533 179.814 11.912 43.843 0.821
158.416 181.501 9.963 45.714 0.785
386.706 153.806 28.575 182.989 0.745
79.290 178.739 11.908 39.650 0.722
265.572 172.838 19.009 86.369 0.702
362.487 167.126 22.295 69.997 0.677
179.133 171.958 18.635 84.448 0.659
184.129 170.389 42.243 185.662 0.650
188.732 163.971 44.161 201.143 0.635
107.761 175.547 10.014 42.454 0.615
313.125 173.469 10.837 39.204 0.546
0.000 0.000 0.000 0.000 0.491
