68.141 167.902 38.221 136.681 0.995
24.405 164.630 37.490 142.821 0.979
126.828 151.845 30.289 137.003 0.977
229.102 156.660 59.965 238.632 0.976
156.381 176.199 10.886 56.640 0.970
97.369 178.066 19.852 104.092 0.962
68.663 171.295 37.205 140.000 0.936
231.599 156.454 60.308 222.715 0.882
209.285 164.750 33.425 193.237 0.880
229.469 167.478 48.478 218.243 0.879
128.844 152.707 33.327 134.269 0.861
129.816 172.537 24.936 108.660 0.834
208.475 162.587 35.241 178.704 0.826
197.302 171.737 11.963 65.770 0.755
205.658 167.507 33.457 188.893 0.753
26.207 172.320 36.429 137.491 0.743
362.883 167.119 23.209 64.232 0.737
203.451 161.494 37.257 180.445 0.731
124.332 162.771 33.513 126.206 0.707
134.766 168.016 21.792 118.972 0.706
128.131 166.977 25.661 101.554 0.701
95.642 174.846 20.447 94.288 0.627
121.921 178.728 4.893 18.657 0.529
113.763 177.870 5.579 22.161 0.522
0.000 0.000 0.000 0.000 0.433
