124.342 172.874 23.959 95.578 0.992
308.254 158.320 31.510 147.096 0.991
333.083 172.241 27.986 120.767 0.960
330.325 166.809 33.755 129.931 0.929
157.895 179.636 8.705 44.655 0.908
95.336 174.719 27.201 103.619 0.899
90.950 169.807 34.911 112.437 0.838
272.207 169.569 8.343 39.768 0.792
158.130 178.104 9.013 41.736 0.789
307.856 154.689 34.239 133.725 0.789
124.255 180.846 22.272 90.106 0.769
300.161 165.450 11.741 49.098 0.715
89.145 167.532 36.863 110.076 0.667
365.139 168.430 21.482 59.361 0.621
309.903 165.462 26.844 131.315 0.602
0.000 0.000 0.000 0.000 0.468
