219.209 173.638 19.417 78.622 0.974
239.400 164.050 22.918 101.478 0.965
271.171 170.820 22.873 99.607 0.964
157.030 174.351 8.856 39.774 0.915
260.490 168.509 16.231 91.112 0.865
270.063 177.263 23.624 98.023 0.858
134.848 177.024 7.529 36.294 0.836
79.369 181.521 12.054 42.317 0.733
118.680 177.763 9.484 30.981 0.659
119.211 173.435 9.610 34.038 0.653
220.024 168.562 18.916 73.776 0.652
151.578 183.286 4.712 22.689 0.568
364.226 168.609 22.786 66.137 0.566
143.282 178.814 8.169 35.079 0.534
239.909 164.334 16.835 77.853 0.506
0.000 0.000 0.000 0.000 0.459
