289.533 164.755 37.803 136.089 0.998
124.301 172.471 25.729 95.165 0.988
157.829 176.912 10.069 43.544 0.867
157.686 181.128 8.886 40.987 0.815
288.792 152.254 37.079 139.211 0.727
93.035 175.309 26.731 101.571 0.703
318.532 174.156 26.640 111.822 0.700
91.116 179.291 26.732 80.567 0.670
272.011 170.086 8.111 38.099 0.638
313.422 167.765 34.941 128.220 0.609
123.791 181.440 24.319 89.620 0.550
284.751 160.088 37.060 141.184 0.544
364.697 170.645 21.733 58.042 0.535
202.149 166.121 7.928 32.591 0.532
0.000 0.000 0.000 0.000 0.491
