203.242 168.798 23.537 90.636 0.986
221.338 164.738 25.649 100.785 0.983
362.562 152.972 52.271 276.439 0.968
365.197 151.611 48.599 262.654 0.955
243.772 163.670 36.074 114.436 0.954
248.731 168.325 27.462 105.185 0.950
248.786 173.257 28.357 104.601 0.925
137.692 175.508 8.956 39.408 0.886
154.174 171.293 7.672 38.355 0.790
154.334 175.072 8.244 37.106 0.748
243.909 170.470 36.571 109.787 0.698
142.975 174.919 7.709 38.837 0.626
358.396 157.383 46.917 251.938 0.612
119.431 173.277 10.030 34.451 0.609
119.011 177.682 9.969 30.899 0.594
0.000 0.000 0.000 0.000 0.489
