323.736 171.494 50.873 154.914 0.995
325.634 170.307 56.014 157.946 0.991
160.780 171.726 16.369 79.107 0.976
180.678 165.941 35.766 194.564 0.942
211.671 166.977 43.045 224.321 0.932
322.538 184.033 53.825 149.946 0.898
324.962 181.170 57.773 155.511 0.893
108.278 174.760 10.971 42.171 0.892
324.395 165.173 45.811 144.476 0.815
121.503 177.980 5.579 21.405 0.772
311.487 169.657 23.815 117.317 0.719
312.431 167.923 21.608 103.048 0.677
364.928 167.749 20.113 66.080 0.666
212.426 155.023 40.593 223.676 0.655
159.982 169.489 16.073 74.171 0.650
304.060 172.547 27.008 94.660 0.611
127.983 178.033 4.878 19.588 0.607
296.148 166.742 8.813 46.599 0.563
307.467 165.373 32.512 127.794 0.521
0.000 0.000 0.000 0.000 0.495
