185.448 171.541 27.160 115.215 0.991
113.427 166.275 50.609 169.969 0.958
164.117 166.652 27.341 134.729 0.945
110.456 164.179 55.217 187.848 0.938
205.045 166.446 18.637 103.848 0.927
182.467 170.146 34.428 118.794 0.898
159.354 162.642 29.406 145.385 0.893
164.364 165.132 25.126 133.787 0.890
248.937 169.458 9.822 41.829 0.874
249.185 172.894 10.446 39.881 0.699
162.645 167.369 23.833 133.081 0.680
109.084 174.215 9.644 42.357 0.650
103.788 174.905 8.727 42.906 0.592
0.000 0.000 0.000 0.000 0.466
