245.014 165.550 24.061 107.041 0.977
217.403 168.804 25.151 97.075 0.963
241.895 172.511 24.933 94.033 0.960
352.543 155.269 55.915 255.413 0.931
138.018 177.009 9.310 38.367 0.924
199.445 170.623 21.033 89.085 0.902
153.840 172.627 8.047 35.750 0.850
361.403 148.606 54.764 268.894 0.834
350.659 160.454 60.543 260.182 0.790
141.711 176.252 8.284 37.528 0.741
153.982 175.255 8.883 35.936 0.738
125.552 174.995 8.124 30.583 0.684
242.670 175.291 23.908 100.729 0.673
197.804 168.608 19.107 90.244 0.670
119.599 173.183 8.864 32.837 0.644
362.657 154.865 52.475 272.309 0.632
245.414 173.284 22.757 104.519 0.591
340.112 158.055 76.485 249.927 0.506
0.000 0.000 0.000 0.000 0.456
