99.440 156.002 32.107 143.500 0.992
23.943 166.678 37.150 152.958 0.985
54.010 167.278 33.642 124.716 0.972
22.900 167.015 37.107 142.473 0.971
56.495 169.802 28.091 120.105 0.959
202.220 161.132 35.727 200.043 0.954
232.028 155.003 55.423 242.208 0.905
202.706 155.514 35.031 194.432 0.895
98.924 150.091 34.691 143.926 0.883
236.314 157.595 51.454 216.563 0.839
-1.446 171.316 11.291 148.410 0.745
159.122 182.567 8.710 44.610 0.687
-1.359 146.239 10.240 178.982 0.617
363.145 168.200 23.038 63.144 0.539
78.345 183.294 14.889 39.912 0.506
0.000 0.000 0.000 0.000 0.427
