219.487 163.835 25.942 101.841 0.993
203.847 168.682 20.987 89.491 0.987
246.518 166.971 27.802 106.442 0.982
243.079 162.152 35.210 115.378 0.937
363.591 142.225 50.946 279.999 0.930
137.856 175.539 8.844 39.638 0.905
247.544 174.079 27.191 103.123 0.891
356.405 152.419 50.146 261.122 0.870
361.035 154.646 54.174 272.355 0.846
154.333 171.685 8.044 38.033 0.834
154.160 175.764 8.812 35.764 0.822
119.385 171.742 10.304 35.946 0.694
142.489 175.053 8.388 38.190 0.620
355.477 166.772 52.681 247.763 0.600
213.052 159.497 37.129 109.973 0.549
126.000 173.704 8.067 33.469 0.526
0.000 0.000 0.000 0.000 0.445
