39.203 154.748 41.543 157.865 0.994
227.748 150.334 46.290 252.249 0.932
45.249 153.406 39.687 160.799 0.905
318.552 167.702 9.978 42.497 0.898
158.176 179.971 11.583 48.561 0.894
190.901 161.675 40.012 202.479 0.892
228.523 150.194 45.036 231.299 0.881
39.522 165.589 41.809 151.603 0.825
363.577 168.666 21.694 66.749 0.760
104.656 174.542 10.582 42.191 0.753
80.203 177.538 11.691 41.757 0.691
121.454 177.699 5.496 20.784 0.576
187.984 168.348 37.216 188.621 0.569
78.963 179.243 13.159 44.801 0.569
389.984 153.244 25.969 185.762 0.541
0.000 0.000 0.000 0.000 0.458
