185.787 168.302 22.995 93.506 0.987
235.383 165.797 24.546 110.669 0.973
205.773 161.525 26.568 107.387 0.964
139.953 175.003 11.184 41.438 0.959
337.363 164.492 47.516 231.780 0.882
152.879 175.821 9.499 34.247 0.882
234.802 171.809 24.328 107.174 0.874
348.027 163.244 59.434 235.235 0.846
126.033 174.490 8.298 32.040 0.785
117.863 173.627 8.883 32.711 0.726
368.632 155.338 41.385 248.744 0.722
152.323 174.621 9.184 33.038 0.694
228.310 162.136 35.244 118.080 0.644
367.424 141.752 41.481 250.749 0.628
201.922 156.321 34.783 117.780 0.576
0.000 0.000 0.000 0.000 0.484
