295.278 155.832 36.983 147.467 0.997
124.471 173.692 24.453 94.126 0.984
94.875 173.470 27.041 105.536 0.913
324.444 169.584 27.673 123.064 0.887
157.883 181.808 8.419 41.252 0.861
323.822 166.645 31.203 125.807 0.817
295.115 151.387 35.826 141.767 0.802
124.386 179.492 23.295 92.419 0.790
90.521 170.199 35.175 111.430 0.747
272.280 169.832 8.143 38.645 0.674
158.190 177.728 9.169 42.065 0.643
363.916 169.465 21.725 61.489 0.634
92.370 182.142 26.664 74.136 0.622
88.944 168.348 36.708 108.340 0.519
0.000 0.000 0.000 0.000 0.398
