188.569 167.362 23.467 94.256 0.992
235.333 169.317 25.259 102.977 0.963
206.083 165.003 27.357 97.020 0.957
139.547 175.711 11.369 40.769 0.935
234.794 169.792 25.585 111.056 0.922
339.666 164.492 47.886 236.101 0.910
152.965 172.963 8.954 35.804 0.879
370.169 160.716 41.986 240.074 0.866
344.817 164.355 61.764 237.058 0.864
152.907 175.822 9.780 33.997 0.750
125.944 174.745 8.244 32.012 0.737
369.714 142.688 42.233 250.382 0.733
137.982 178.113 10.611 38.934 0.707
337.783 164.896 51.015 252.301 0.639
118.399 174.206 8.759 32.222 0.628
229.071 161.933 35.355 118.098 0.627
0.000 0.000 0.000 0.000 0.497
