245.660 171.851 33.242 129.555 0.994
244.898 176.538 33.191 129.869 0.961
132.072 176.283 17.358 66.400 0.949
130.831 172.099 17.493 68.392 0.931
198.200 162.453 33.803 144.059 0.896
172.756 163.035 47.416 205.991 0.890
172.529 168.927 48.920 213.654 0.859
109.305 174.274 10.296 43.606 0.854
162.815 169.903 46.727 186.860 0.836
197.851 155.205 33.528 180.524 0.807
249.066 177.632 27.124 115.199 0.651
134.469 179.885 13.171 59.902 0.620
231.778 171.336 10.997 47.744 0.561
240.451 168.987 7.386 41.785 0.522
362.722 168.860 23.938 64.880 0.521
122.047 177.839 5.816 22.590 0.510
0.000 0.000 0.000 0.000 0.451
