108.736 155.604 33.301 141.642 0.995
34.060 171.593 42.990 143.334 0.994
108.286 148.086 33.481 147.515 0.990
34.719 166.915 41.181 141.952 0.986
203.961 167.189 35.005 187.832 0.971
65.004 169.856 23.705 118.439 0.951
111.203 155.500 35.853 143.172 0.925
232.588 161.017 54.451 231.405 0.912
158.848 181.798 8.201 44.802 0.873
109.867 148.239 38.738 146.425 0.862
236.222 162.257 51.626 207.644 0.829
204.186 160.505 34.210 185.841 0.819
-0.110 173.820 29.294 142.504 0.782
150.237 182.477 8.696 43.192 0.718
-0.076 182.256 34.646 129.584 0.691
111.738 161.360 25.819 132.909 0.627
-1.574 185.887 25.685 121.466 0.594
64.320 171.112 21.741 100.555 0.568
205.879 161.697 39.565 200.773 0.566
363.065 166.842 23.228 62.850 0.555
69.450 168.896 23.077 118.724 0.535
0.000 0.000 0.000 0.000 0.469
