169.573 172.164 28.121 90.820 0.992
213.881 173.023 28.391 106.681 0.977
141.911 175.915 10.886 41.626 0.974
210.200 170.955 36.423 110.178 0.934
194.921 167.013 21.677 95.108 0.900
209.705 166.890 38.002 110.130 0.895
317.026 153.978 47.593 258.268 0.880
341.336 147.920 38.437 263.530 0.874
344.147 140.499 37.601 255.166 0.873
373.124 165.216 41.482 226.238 0.845
153.361 176.236 8.466 33.238 0.832
153.488 173.533 8.296 35.155 0.828
310.931 152.607 45.044 261.632 0.808
216.148 174.297 26.157 93.946 0.728
314.259 170.998 51.321 239.695 0.712
375.484 157.421 39.626 217.230 0.690
310.328 167.163 46.966 247.536 0.657
119.824 174.741 7.995 31.084 0.607
79.358 181.167 12.564 41.751 0.528
0.000 0.000 0.000 0.000 0.481
