115.375 170.173 34.956 120.024 0.994
155.878 157.684 27.897 121.415 0.992
89.021 171.572 25.527 119.005 0.992
153.017 154.379 33.034 126.005 0.991
241.749 104.705 133.547 315.726 0.922
274.926 111.197 105.411 299.913 0.917
119.009 173.202 28.887 114.023 0.914
232.795 159.241 39.411 150.503 0.892
84.610 170.499 34.134 119.028 0.890
362.873 165.207 22.447 70.924 0.884
241.501 159.722 40.329 149.361 0.882
240.303 169.684 43.590 148.421 0.819
272.638 120.011 107.274 260.717 0.802
244.528 119.605 134.121 259.053 0.774
142.818 173.331 16.871 77.069 0.677
214.583 161.599 33.716 145.083 0.663
272.338 163.075 20.393 106.465 0.564
234.052 161.647 38.641 161.807 0.538
120.144 177.821 6.231 20.344 0.536
0.000 0.000 0.000 0.000 0.473
