175.310 170.232 25.515 90.414 0.987
141.289 176.077 9.452 40.646 0.964
329.018 160.989 57.602 242.250 0.957
323.802 161.697 49.461 239.888 0.944
220.856 172.972 27.251 106.190 0.897
200.618 165.206 22.746 101.296 0.890
389.060 156.129 26.584 250.550 0.874
221.632 174.379 25.461 90.959 0.824
152.483 176.298 8.741 33.258 0.768
241.942 169.253 15.470 95.648 0.739
213.744 163.696 39.099 114.504 0.720
321.258 174.136 53.225 233.362 0.712
152.277 174.141 8.884 33.944 0.709
378.901 156.123 36.522 251.244 0.704
390.069 173.332 25.499 239.162 0.674
354.892 160.554 38.145 239.784 0.635
79.596 182.284 12.461 40.768 0.631
329.984 183.332 55.652 214.384 0.604
214.742 171.817 37.534 107.731 0.575
125.736 175.941 8.006 29.927 0.555
389.435 129.064 25.217 274.491 0.548
0.000 0.000 0.000 0.000 0.447
