124.117 172.821 24.258 95.309 0.990
307.900 161.061 31.905 134.123 0.981
331.444 170.194 26.822 120.724 0.950
308.478 163.333 27.370 128.160 0.922
328.186 164.880 32.814 129.079 0.917
94.949 174.458 27.385 103.466 0.905
307.401 157.453 32.505 129.031 0.878
157.868 179.508 8.769 44.669 0.873
90.555 169.629 35.196 112.259 0.831
158.094 177.994 8.984 41.651 0.795
272.327 170.267 8.015 38.868 0.786
124.110 181.197 22.621 89.488 0.737
89.351 167.610 36.428 110.037 0.734
365.681 169.950 21.559 58.688 0.701
299.853 166.586 11.242 47.656 0.690
299.852 169.091 11.338 48.553 0.592
308.558 165.326 27.605 109.393 0.554
303.041 159.060 32.096 140.036 0.507
90.278 184.263 26.370 68.643 0.502
0.000 0.000 0.000 0.000 0.462
