63.040 171.457 40.032 119.423 0.999
61.009 169.400 36.688 120.972 0.974
151.478 155.016 24.331 131.688 0.966
128.850 170.407 21.391 99.484 0.959
103.443 173.158 25.307 119.489 0.959
100.293 168.920 33.014 125.442 0.958
147.849 154.127 31.575 132.052 0.956
152.658 170.522 23.211 111.308 0.941
222.318 147.032 55.038 238.939 0.922
130.112 175.271 21.572 102.591 0.902
222.601 169.688 54.783 211.607 0.841
210.757 165.768 34.976 196.409 0.608
175.900 178.719 9.476 33.868 0.564
246.167 170.484 38.013 188.427 0.535
363.403 168.288 23.091 61.812 0.510
0.000 0.000 0.000 0.000 0.481
