243.599 167.397 29.522 137.128 0.986
130.854 177.113 17.996 64.875 0.969
197.877 159.964 30.082 153.502 0.966
197.976 155.725 29.698 177.031 0.956
244.037 174.812 27.771 133.611 0.943
129.494 171.961 18.180 68.884 0.943
239.355 168.781 30.571 134.649 0.925
109.757 175.033 10.230 42.391 0.869
247.060 171.849 24.402 126.604 0.839
245.281 184.386 25.464 118.505 0.838
132.616 178.761 13.513 61.411 0.753
155.566 155.986 83.058 230.767 0.709
159.018 157.825 56.912 235.734 0.709
131.718 177.173 13.939 57.125 0.687
92.125 183.689 11.390 37.982 0.668
242.057 176.505 25.366 117.716 0.662
229.836 170.017 10.228 49.469 0.630
122.455 177.579 5.619 22.416 0.607
238.938 176.095 31.408 131.469 0.603
0.000 0.000 0.000 0.000 0.489
