305.064 165.433 41.576 161.811 0.992
108.678 174.487 11.905 42.492 0.939
334.604 168.524 39.564 116.206 0.926
336.529 157.608 36.664 128.089 0.923
208.989 154.256 45.146 248.600 0.922
304.213 158.705 41.592 157.125 0.911
147.383 177.249 20.726 66.740 0.888
174.624 161.975 38.524 196.705 0.852
171.082 164.713 37.908 189.385 0.850
170.583 160.082 38.475 182.326 0.841
147.171 172.185 20.364 68.162 0.834
121.479 177.411 5.717 22.201 0.808
174.075 157.108 40.254 188.516 0.754
212.317 157.990 41.561 216.274 0.745
330.042 162.158 39.868 131.355 0.669
237.853 166.667 15.946 68.988 0.659
152.571 175.513 17.777 71.882 0.651
129.071 179.007 5.264 18.250 0.609
85.103 176.777 11.127 43.170 0.600
302.731 186.329 44.934 143.932 0.534
137.605 177.627 4.744 20.425 0.528
364.194 168.593 21.479 65.425 0.525
0.000 0.000 0.000 0.000 0.459
