42.128 166.890 31.953 129.728 0.996
134.531 156.709 33.993 129.907 0.994
134.142 167.357 34.069 116.184 0.976
86.085 164.590 30.064 136.046 0.975
89.000 169.375 24.151 126.603 0.973
138.264 170.036 29.165 112.037 0.952
228.535 161.345 47.799 229.707 0.949
43.778 170.568 28.148 123.054 0.927
109.157 173.461 25.578 108.615 0.914
210.510 166.731 29.969 190.526 0.900
190.326 170.204 16.769 66.886 0.870
226.706 152.638 49.603 230.946 0.865
210.052 159.038 31.322 184.733 0.796
232.341 155.086 52.225 242.974 0.770
362.709 167.530 23.291 64.297 0.752
206.667 167.451 31.589 189.033 0.731
269.008 170.521 8.183 37.777 0.722
109.004 173.014 22.442 94.154 0.714
138.562 166.047 27.285 107.461 0.711
204.432 163.534 35.044 176.030 0.634
192.254 171.347 11.253 65.552 0.630
81.977 179.299 8.882 18.900 0.530
105.136 167.934 34.178 120.572 0.511
0.000 0.000 0.000 0.000 0.484
