295.260 170.289 40.963 151.532 0.998
208.513 166.776 45.313 224.069 0.959
146.230 172.047 18.853 65.543 0.944
354.480 162.813 24.607 129.338 0.921
296.379 165.109 36.219 144.937 0.909
109.414 174.379 10.428 42.357 0.904
355.057 161.033 30.848 131.212 0.886
169.611 169.183 39.083 184.836 0.861
356.639 163.980 25.332 126.048 0.848
351.379 161.977 30.167 129.014 0.819
210.170 170.526 42.831 191.779 0.758
295.168 169.241 51.215 155.566 0.748
146.207 181.797 19.456 58.882 0.729
174.898 166.408 39.652 191.023 0.726
247.362 166.687 8.134 44.636 0.709
121.404 176.409 5.554 22.834 0.671
85.902 177.646 10.108 40.747 0.646
353.409 155.912 34.222 130.416 0.624
207.526 171.616 45.053 239.988 0.605
137.053 177.046 4.791 20.527 0.577
397.231 177.521 17.524 74.718 0.534
168.944 161.366 39.626 182.734 0.523
294.037 192.159 43.195 131.276 0.518
0.000 0.000 0.000 0.000 0.465
