33.743 173.519 37.596 140.900 0.993
105.360 160.172 30.659 134.168 0.985
203.680 163.060 34.400 195.702 0.977
60.594 174.351 25.984 113.129 0.976
32.763 165.795 40.319 143.583 0.964
103.986 151.947 32.623 139.742 0.912
233.870 156.514 52.421 239.858 0.907
203.733 156.513 33.522 192.402 0.896
107.244 164.573 26.484 127.854 0.879
-0.732 179.133 16.192 134.127 0.866
24.623 172.435 42.828 142.313 0.830
237.936 161.917 49.691 209.154 0.808
158.847 183.183 8.813 43.600 0.778
54.937 170.224 34.045 120.485 0.693
23.326 164.813 44.949 145.743 0.651
150.193 182.943 8.691 41.296 0.555
0.000 0.000 0.000 0.000 0.488
