127.810 166.410 27.335 109.504 0.993
349.350 154.760 33.681 159.459 0.992
350.833 154.347 40.195 160.059 0.972
103.269 167.543 25.420 119.911 0.970
348.584 162.132 35.357 159.577 0.930
372.641 157.855 38.101 154.004 0.917
98.860 167.074 32.433 120.310 0.898
127.250 175.783 26.631 99.768 0.823
270.653 169.908 8.140 39.022 0.801
313.882 164.955 8.798 49.128 0.768
350.017 164.250 42.626 155.842 0.723
104.771 173.922 23.347 94.591 0.709
152.005 174.936 11.447 43.561 0.599
93.371 170.568 35.292 118.163 0.598
122.558 168.762 36.074 105.542 0.588
156.756 175.311 9.255 45.289 0.560
0.000 0.000 0.000 0.000 0.476
