228.791 151.201 42.636 229.408 0.953
311.646 168.876 11.680 42.439 0.933
267.036 169.625 22.106 90.782 0.932
104.911 173.756 11.513 43.935 0.925
225.698 149.428 46.777 252.522 0.898
15.721 162.554 47.902 161.227 0.865
79.394 178.579 12.040 45.385 0.833
79.264 177.957 12.108 41.092 0.816
19.139 155.090 41.585 163.354 0.805
377.494 157.835 33.798 173.311 0.795
184.520 167.726 41.460 189.953 0.758
375.816 149.236 34.655 173.447 0.745
178.193 171.328 16.842 82.777 0.678
311.470 173.773 11.794 38.921 0.672
401.298 178.356 15.134 165.970 0.666
401.434 150.786 13.571 197.382 0.661
390.845 156.116 23.857 183.978 0.642
157.904 178.920 9.693 49.828 0.610
188.891 162.970 43.480 202.416 0.604
107.329 174.337 10.593 43.685 0.602
121.097 178.499 5.241 20.045 0.520
0.000 0.000 0.000 0.000 0.497
