99.288 168.693 31.230 126.784 0.960
392.171 152.357 23.887 166.935 0.956
103.546 169.422 24.755 125.880 0.949
391.900 153.735 23.987 181.130 0.948
137.624 171.691 22.925 92.486 0.911
130.916 166.238 22.441 108.377 0.840
325.841 172.439 10.501 42.402 0.754
273.312 169.105 7.971 40.224 0.747
94.698 172.080 32.751 124.580 0.703
134.575 179.756 23.329 95.643 0.681
326.846 168.429 10.276 43.928 0.666
129.577 180.484 25.392 91.702 0.534
160.030 174.810 8.122 41.635 0.514
0.000 0.000 0.000 0.000 0.490
