127.346 167.331 26.848 108.256 0.994
345.718 153.373 34.112 162.403 0.975
368.664 154.864 42.317 160.888 0.966
103.316 168.684 24.702 117.507 0.946
126.812 174.811 26.714 101.174 0.906
367.585 161.521 44.776 161.251 0.857
98.510 167.022 32.529 120.103 0.846
313.100 165.910 9.122 48.689 0.804
344.377 159.763 36.785 164.040 0.797
270.390 169.245 8.430 40.045 0.777
93.410 170.423 35.084 117.951 0.689
104.610 175.581 23.008 90.618 0.645
312.314 170.289 9.715 45.464 0.515
156.966 175.507 9.407 45.244 0.501
0.000 0.000 0.000 0.000 0.470
