186.530 174.150 27.745 112.075 0.989
164.840 166.557 25.408 130.881 0.958
164.153 166.659 27.918 133.548 0.955
114.474 167.094 51.238 167.889 0.947
205.750 166.140 18.586 101.853 0.940
112.746 164.065 54.491 189.046 0.933
249.417 173.365 10.645 39.837 0.851
183.319 172.112 34.701 116.219 0.842
108.952 175.033 9.501 41.593 0.813
159.437 162.833 29.506 144.128 0.728
249.133 169.755 9.967 41.978 0.671
363.169 168.464 23.480 65.680 0.618
104.419 175.276 8.444 41.695 0.611
120.664 177.165 5.908 22.552 0.602
0.000 0.000 0.000 0.000 0.493
