2.089 160.970 46.418 169.175 0.994
86.016 155.004 38.937 152.574 0.993
44.806 169.181 21.694 126.224 0.982
200.168 162.109 34.526 196.230 0.946
232.571 148.490 53.514 255.334 0.847
5.058 167.297 40.487 140.446 0.833
158.604 184.717 10.260 42.082 0.785
85.708 153.764 38.115 136.832 0.761
199.560 153.574 35.208 198.706 0.690
235.294 158.085 51.259 214.342 0.672
229.378 153.051 46.893 245.869 0.640
121.986 177.114 5.438 19.513 0.637
231.229 146.576 42.771 238.970 0.630
159.155 190.446 10.156 41.761 0.621
149.037 184.914 10.340 40.781 0.581
363.151 167.055 22.234 65.649 0.574
270.502 170.901 9.708 37.762 0.515
0.000 0.000 0.000 0.000 0.490
