99.127 169.004 32.026 126.137 0.968
388.588 152.105 26.347 168.916 0.962
388.680 154.693 25.809 177.184 0.938
102.987 172.567 25.705 119.711 0.937
137.058 172.200 23.580 91.393 0.923
130.917 169.329 22.941 102.271 0.884
382.523 148.196 32.352 175.899 0.814
272.968 167.843 8.117 41.630 0.769
93.911 172.444 34.176 124.055 0.710
383.198 154.739 31.270 176.966 0.640
134.559 181.757 23.776 92.125 0.630
129.524 181.231 25.373 90.301 0.584
326.714 169.470 10.290 41.263 0.559
0.000 0.000 0.000 0.000 0.394
