69.771 167.645 35.841 137.503 0.996
25.245 166.055 39.167 138.437 0.987
98.620 174.856 19.564 107.772 0.973
230.202 161.510 57.301 228.875 0.967
156.405 173.389 10.208 62.027 0.963
69.509 172.695 35.566 136.710 0.929
126.797 152.052 30.357 136.482 0.927
130.259 152.171 31.529 136.326 0.925
229.849 166.701 47.410 219.970 0.906
209.357 163.545 33.089 195.616 0.896
97.409 170.405 20.723 102.727 0.887
209.078 162.444 33.785 178.386 0.858
197.227 170.091 11.955 68.286 0.853
27.967 167.509 42.211 134.648 0.849
232.158 159.965 58.417 216.140 0.849
27.480 175.284 36.498 132.259 0.808
135.214 169.231 22.189 116.207 0.766
206.053 165.774 33.040 192.007 0.759
362.735 167.404 23.165 63.797 0.742
203.723 160.816 36.807 181.229 0.740
195.498 169.052 15.327 66.733 0.651
128.947 171.051 24.812 92.021 0.584
138.131 157.302 19.816 122.734 0.583
123.914 162.878 33.960 126.048 0.578
122.126 178.022 4.841 19.214 0.574
129.419 177.295 25.108 99.695 0.571
127.119 177.954 5.769 18.524 0.523
0.000 0.000 0.000 0.000 0.466
