273.178 164.976 38.202 143.903 0.982
381.275 158.070 33.338 141.854 0.978
143.203 173.736 16.511 71.891 0.973
108.980 174.485 10.831 43.072 0.955
271.322 173.159 42.449 138.594 0.934
167.633 170.130 36.446 177.107 0.915
142.284 170.977 16.888 71.747 0.891
386.416 160.283 28.844 138.055 0.890
238.708 167.875 10.363 44.841 0.876
85.577 180.550 12.942 41.927 0.867
86.277 177.561 11.993 42.771 0.857
167.746 165.949 36.300 173.982 0.823
238.103 169.985 10.495 46.708 0.802
197.679 172.433 42.966 209.939 0.772
382.399 151.541 30.738 140.322 0.766
121.292 176.014 6.214 24.998 0.703
362.530 170.577 22.414 64.009 0.696
101.083 174.726 9.068 42.387 0.658
198.409 159.037 41.981 212.460 0.588
129.197 178.104 5.952 21.739 0.577
207.336 178.853 43.948 198.247 0.569
208.439 181.592 43.677 165.725 0.561
157.653 181.198 10.154 46.516 0.542
136.449 176.812 5.391 21.432 0.515
0.000 0.000 0.000 0.000 0.465
