117.267 161.914 32.051 129.227 0.997
2.696 163.936 39.577 145.240 0.989
53.385 167.657 34.193 139.133 0.977
54.163 166.669 31.473 149.745 0.963
117.131 156.435 34.304 131.144 0.954
3.128 170.055 39.820 143.493 0.951
157.918 179.733 9.856 47.971 0.936
207.954 163.279 36.087 196.689 0.922
230.757 157.350 55.044 237.837 0.916
79.485 170.773 27.858 116.035 0.908
229.745 166.121 46.674 221.101 0.889
204.851 166.415 35.267 190.244 0.867
119.931 166.965 28.130 121.908 0.842
76.018 167.681 35.540 123.207 0.802
79.586 168.159 36.069 120.979 0.763
207.366 156.516 36.561 191.636 0.742
230.696 159.978 59.034 214.745 0.716
204.330 159.474 36.244 186.284 0.707
229.132 159.710 45.377 215.788 0.614
149.388 182.804 9.104 42.644 0.611
363.198 167.759 22.942 64.213 0.502
0.000 0.000 0.000 0.000 0.463
