270.276 168.151 21.276 93.698 0.982
7.616 154.353 55.758 163.770 0.970
6.135 158.533 58.764 168.714 0.952
176.223 170.027 17.185 85.772 0.946
391.803 163.000 23.654 172.754 0.929
106.937 175.872 11.684 42.018 0.922
105.025 175.084 11.265 42.791 0.906
374.765 154.452 27.649 163.391 0.900
228.092 159.642 40.641 212.493 0.899
375.277 161.087 27.756 169.044 0.895
391.767 170.982 25.220 180.959 0.881
225.437 149.077 43.105 254.260 0.878
309.888 166.420 10.621 46.214 0.789
79.700 178.093 11.761 40.494 0.700
78.969 179.669 12.499 43.556 0.699
186.670 163.824 37.281 197.249 0.690
260.733 170.331 9.170 39.097 0.687
157.480 180.738 10.587 48.115 0.639
175.160 168.493 17.451 74.627 0.597
398.123 175.527 17.748 172.089 0.529
190.402 159.996 40.723 207.178 0.521
397.555 157.984 17.251 183.225 0.511
121.286 177.646 4.850 21.241 0.502
0.000 0.000 0.000 0.000 0.404
