16.636 166.198 36.805 139.185 0.996
71.541 156.165 31.146 152.353 0.995
194.388 159.202 40.550 201.779 0.935
-0.702 159.659 13.516 178.610 0.931
16.716 177.312 38.846 128.405 0.908
227.982 152.848 49.727 245.361 0.879
227.409 140.857 48.931 250.331 0.873
194.274 150.752 41.572 204.842 0.806
69.969 149.152 34.656 145.195 0.785
158.246 181.111 9.742 47.568 0.777
13.041 162.829 35.736 143.870 0.752
233.007 161.659 53.107 229.029 0.656
-0.395 179.977 13.412 159.731 0.652
121.786 177.297 4.749 20.076 0.637
327.763 168.305 9.824 42.379 0.635
76.207 170.710 24.395 119.358 0.560
363.863 167.373 22.101 67.712 0.559
238.136 161.919 47.631 207.785 0.543
150.312 180.906 10.137 47.565 0.501
0.000 0.000 0.000 0.000 0.475
