260.269 165.382 28.265 140.762 0.984
160.768 163.234 37.828 173.313 0.949
260.308 171.799 27.438 140.287 0.927
109.039 173.406 10.285 44.232 0.855
262.486 184.336 23.331 117.643 0.849
256.474 161.426 28.640 149.348 0.811
264.030 176.235 23.234 117.117 0.802
156.860 169.373 34.605 161.365 0.767
161.996 174.672 36.800 167.812 0.760
185.549 171.606 49.619 215.466 0.739
240.228 168.358 7.969 43.459 0.722
180.263 190.230 49.392 176.672 0.700
232.412 174.837 9.306 42.960 0.640
121.403 177.157 6.549 22.454 0.631
255.406 174.789 30.078 135.626 0.556
128.836 178.334 6.129 20.603 0.545
133.763 178.724 18.746 63.233 0.539
248.321 167.155 6.738 38.819 0.539
138.646 173.203 17.585 65.854 0.527
0.000 0.000 0.000 0.000 0.498
