84.051 155.819 39.209 150.762 0.996
0.932 167.849 43.599 158.931 0.995
40.349 167.380 21.368 128.759 0.988
199.588 162.316 35.546 195.727 0.935
83.494 150.157 38.779 144.576 0.837
158.613 181.904 10.212 47.052 0.807
3.492 164.960 39.434 146.490 0.746
37.077 162.762 28.491 135.004 0.740
232.783 150.368 53.077 251.554 0.736
199.218 152.946 36.475 200.411 0.698
230.804 145.620 43.196 240.014 0.678
159.058 190.042 10.314 42.415 0.625
270.061 170.197 9.890 38.339 0.620
1.743 185.268 45.106 145.960 0.616
235.991 163.740 50.042 202.688 0.609
144.124 189.177 11.843 44.409 0.605
228.585 151.908 47.764 248.447 0.598
0.000 0.000 0.000 0.000 0.490
