211.233 160.268 41.300 235.971 0.984
175.412 166.444 39.794 191.619 0.977
153.781 178.008 17.878 73.138 0.971
314.768 163.246 38.138 164.271 0.926
313.801 156.021 38.964 159.663 0.922
109.218 174.746 10.137 42.306 0.853
212.873 159.116 39.124 216.152 0.809
318.094 158.797 37.828 174.028 0.782
84.419 175.703 11.415 45.192 0.780
290.663 169.873 7.456 40.696 0.712
121.308 176.719 5.700 23.203 0.700
172.052 171.051 37.797 182.440 0.691
175.480 158.371 39.019 189.491 0.677
317.545 158.329 39.407 154.265 0.672
248.752 168.264 9.467 40.711 0.613
362.628 168.594 23.010 60.969 0.602
239.792 165.658 15.436 69.782 0.521
176.658 186.754 39.583 175.722 0.512
0.000 0.000 0.000 0.000 0.478
