252.421 166.277 31.597 139.457 0.973
133.376 175.891 17.767 67.986 0.957
256.311 171.389 22.631 128.938 0.891
108.424 172.934 10.094 44.794 0.878
132.079 173.114 18.416 67.305 0.855
173.896 166.809 51.503 221.185 0.843
251.603 172.942 31.873 136.405 0.813
154.197 170.722 35.648 159.639 0.759
121.203 177.051 6.718 22.395 0.651
254.300 180.728 24.696 123.175 0.590
232.470 172.519 8.926 45.327 0.568
201.863 157.060 29.821 182.937 0.547
240.745 167.593 6.753 44.068 0.536
174.748 172.660 49.452 183.957 0.516
0.000 0.000 0.000 0.000 0.496
