56.817 164.052 30.981 130.206 0.992
90.353 164.921 37.241 134.315 0.987
59.119 167.021 26.362 124.620 0.970
143.553 169.066 26.789 118.388 0.965
228.167 161.423 47.031 229.160 0.955
139.941 156.569 33.031 130.840 0.942
139.834 165.326 33.760 121.774 0.941
226.751 152.193 48.395 229.925 0.890
211.637 166.077 27.975 193.423 0.886
95.821 163.752 41.072 135.515 0.819
207.822 164.841 29.329 194.289 0.744
143.388 170.300 25.882 98.771 0.616
122.517 170.680 19.466 91.087 0.601
187.176 170.234 17.767 61.701 0.587
144.165 157.024 35.604 126.890 0.571
188.178 167.281 11.802 71.600 0.569
363.750 167.119 22.026 61.826 0.564
210.692 153.883 30.014 194.991 0.563
94.290 170.160 26.441 124.062 0.562
206.481 158.629 30.891 185.128 0.560
144.122 168.345 34.423 117.326 0.506
0.000 0.000 0.000 0.000 0.404
