216.106 171.461 34.506 125.210 0.990
181.584 166.018 33.666 143.129 0.989
123.610 170.105 18.215 70.213 0.973
124.571 179.038 19.666 60.664 0.952
218.253 175.111 27.474 119.460 0.944
180.725 163.635 34.876 156.302 0.924
108.670 175.380 10.876 42.428 0.908
144.059 163.101 40.796 204.847 0.843
125.940 181.285 15.353 56.129 0.711
257.907 172.790 9.026 42.123 0.700
94.635 184.939 11.617 37.456 0.655
126.094 176.512 13.867 58.310 0.613
233.141 174.635 19.720 106.813 0.555
142.731 189.781 44.909 171.866 0.514
0.000 0.000 0.000 0.000 0.491
