61.824 169.798 40.626 124.484 0.998
60.770 170.607 37.015 120.610 0.980
150.690 168.325 24.098 115.638 0.974
99.909 169.467 32.787 126.523 0.973
147.398 152.885 30.806 135.177 0.965
150.991 153.626 23.794 134.471 0.942
127.614 170.586 21.079 100.317 0.938
224.104 149.650 51.359 232.297 0.936
102.937 174.215 25.645 118.534 0.920
128.740 176.391 21.498 101.350 0.906
224.322 170.620 50.098 209.819 0.791
87.452 175.438 10.737 44.159 0.727
176.626 178.691 9.768 33.757 0.666
211.216 167.163 33.446 193.098 0.659
102.122 189.491 25.478 106.315 0.658
363.321 167.735 23.152 62.924 0.652
148.094 162.330 29.972 126.191 0.567
224.730 145.619 49.305 211.514 0.510
255.209 168.278 21.780 64.834 0.500
0.000 0.000 0.000 0.000 0.425
