37.304 154.128 35.208 162.453 0.985
190.095 160.309 41.071 205.414 0.923
226.558 154.642 48.254 242.396 0.920
228.792 153.221 44.260 224.933 0.918
317.022 168.363 9.955 43.303 0.913
158.372 179.576 10.556 49.230 0.899
104.681 174.366 10.727 42.514 0.848
363.418 167.657 21.619 70.947 0.798
389.628 153.156 25.827 185.015 0.775
38.165 161.079 35.933 161.774 0.774
80.124 177.946 11.587 41.507 0.761
79.419 179.596 12.604 43.750 0.745
187.410 167.169 38.334 191.328 0.744
391.437 138.293 23.734 196.114 0.741
121.106 176.262 5.997 22.016 0.625
316.842 171.200 9.852 43.112 0.599
0.000 0.000 0.000 0.000 0.466
