297.186 169.290 39.079 154.059 0.997
352.805 163.602 23.662 128.253 0.966
208.794 162.145 44.112 232.619 0.963
298.420 160.589 35.099 153.113 0.952
146.430 173.051 19.456 64.822 0.939
296.866 164.945 48.550 163.494 0.927
109.268 174.883 10.903 41.830 0.923
146.452 180.902 19.704 59.300 0.848
169.645 168.758 39.454 186.619 0.848
210.382 168.432 41.660 196.069 0.829
175.189 166.218 39.371 191.890 0.755
349.756 160.594 30.389 131.497 0.733
85.782 177.515 10.431 41.059 0.700
121.526 176.916 5.577 22.439 0.699
208.199 167.332 44.213 248.139 0.642
136.933 177.074 4.717 20.654 0.625
396.990 178.470 17.595 73.319 0.565
129.454 178.384 4.755 19.582 0.543
169.018 160.992 39.872 182.632 0.536
295.945 192.815 41.569 130.421 0.535
280.754 164.319 11.692 49.512 0.530
234.405 166.193 16.774 70.031 0.512
247.839 166.965 7.784 42.940 0.501
0.000 0.000 0.000 0.000 0.434
