152.176 166.957 22.957 117.899 0.992
124.236 156.615 19.396 126.141 0.990
312.029 162.826 31.932 143.682 0.976
239.577 158.708 40.673 216.898 0.970
238.779 169.173 44.081 212.487 0.969
176.717 166.387 23.750 104.838 0.957
31.267 129.401 87.223 292.553 0.940
124.326 175.341 19.032 102.162 0.900
153.486 165.851 23.383 112.227 0.837
364.271 168.607 21.209 60.070 0.785
310.724 166.414 33.744 150.551 0.708
274.302 178.209 44.413 201.814 0.700
148.781 165.929 33.396 120.069 0.687
149.262 161.445 34.135 120.546 0.660
315.197 173.331 25.352 122.878 0.658
397.937 147.058 16.584 104.933 0.594
0.000 0.000 0.000 0.000 0.415
