107.854 173.830 21.581 104.747 0.978
107.712 168.518 23.272 105.287 0.974
136.649 167.860 20.861 116.908 0.971
293.736 165.373 24.974 127.795 0.969
140.036 130.214 85.062 284.908 0.961
291.524 163.927 29.275 129.720 0.946
57.217 204.106 27.170 51.711 0.936
224.623 154.406 35.422 222.013 0.919
223.724 168.509 38.217 217.823 0.885
220.615 159.740 35.012 210.292 0.833
137.611 165.319 21.055 113.254 0.778
59.859 194.980 23.530 53.166 0.725
246.706 162.813 42.025 232.586 0.697
363.927 168.618 22.228 60.391 0.694
220.277 172.918 35.306 206.907 0.672
88.776 175.312 9.585 43.966 0.564
284.427 160.681 33.236 136.339 0.563
225.352 152.927 35.883 197.319 0.561
0.000 0.000 0.000 0.000 0.496
