300.627 157.856 33.667 144.384 0.996
124.039 173.490 25.913 94.304 0.988
327.393 161.563 25.726 136.371 0.962
325.866 163.722 29.751 130.602 0.918
94.586 172.638 27.926 107.288 0.912
90.427 170.283 35.404 111.411 0.861
157.873 180.863 8.353 42.987 0.851
272.556 169.656 8.014 39.238 0.779
123.878 180.139 24.929 91.180 0.768
301.357 159.875 43.876 141.573 0.757
158.176 178.145 8.943 41.075 0.719
88.855 168.640 37.116 107.768 0.636
299.058 150.610 34.588 143.263 0.583
302.207 167.019 27.464 126.236 0.502
0.000 0.000 0.000 0.000 0.464
