155.782 172.310 19.111 78.792 0.994
212.003 165.323 41.574 225.020 0.974
178.788 167.448 37.848 191.447 0.973
322.656 169.470 43.897 154.604 0.968
213.042 156.312 38.595 221.415 0.803
320.280 166.338 13.989 98.059 0.787
108.763 174.985 10.095 40.863 0.783
121.377 178.616 4.930 20.649 0.755
293.048 173.046 8.337 40.002 0.687
155.966 168.914 18.658 75.737 0.680
248.929 167.384 10.215 45.754 0.628
362.924 169.501 22.141 60.234 0.623
322.159 186.248 46.051 145.551 0.577
129.269 179.286 4.104 18.106 0.561
137.488 177.192 4.636 22.080 0.554
397.710 175.326 16.896 76.768 0.539
397.235 151.832 16.991 99.967 0.529
323.102 165.407 38.986 143.242 0.524
179.220 188.934 40.040 170.001 0.506
0.000 0.000 0.000 0.000 0.480
