66.982 169.206 38.847 135.203 0.990
22.895 166.618 34.288 138.695 0.989
126.375 152.552 30.913 135.782 0.976
95.459 179.180 21.438 106.137 0.967
230.541 162.532 56.780 227.463 0.962
157.081 176.822 10.048 54.282 0.954
67.941 170.205 37.238 141.900 0.946
129.902 169.276 24.770 114.918 0.930
209.485 164.989 33.387 193.600 0.910
232.110 157.497 57.815 220.862 0.894
230.343 168.759 46.559 216.322 0.874
197.815 170.774 12.285 65.686 0.864
208.759 160.547 35.070 183.193 0.805
128.144 164.249 25.382 109.743 0.803
124.486 162.373 33.414 126.577 0.794
24.157 171.227 33.913 139.533 0.767
205.858 169.362 33.095 185.765 0.767
195.412 170.853 15.872 64.071 0.713
127.872 152.451 34.928 134.794 0.658
203.660 161.948 36.800 179.778 0.612
362.796 166.335 23.285 65.303 0.606
134.667 170.615 21.905 114.726 0.586
121.738 178.532 4.916 18.730 0.555
113.934 178.278 5.563 21.866 0.546
0.000 0.000 0.000 0.000 0.479
