115.907 155.905 33.654 140.386 0.998
51.283 168.260 30.988 146.789 0.993
1.525 166.191 39.590 141.565 0.991
114.867 154.967 37.038 134.197 0.987
49.914 168.100 36.240 138.608 0.983
78.365 172.420 25.021 111.646 0.982
231.790 157.049 54.235 237.672 0.967
1.194 169.972 41.595 144.063 0.960
208.047 163.643 36.384 196.788 0.952
233.221 159.666 55.488 215.301 0.918
204.458 168.361 36.022 186.567 0.902
157.922 179.244 10.158 48.661 0.863
44.844 165.000 35.579 145.359 0.824
230.285 165.542 46.542 222.115 0.815
77.903 171.639 24.066 100.704 0.771
208.103 157.559 35.974 190.779 0.727
204.177 161.725 36.109 182.102 0.693
149.606 182.324 9.606 43.026 0.644
45.657 172.297 34.570 139.559 0.637
0.000 0.000 0.000 0.000 0.480
