185.063 171.843 26.003 111.296 0.992
158.161 163.244 30.308 142.441 0.936
109.270 160.770 50.880 194.909 0.930
112.668 166.388 48.033 169.183 0.919
162.272 164.214 24.011 139.088 0.866
248.209 169.133 9.675 41.348 0.828
202.726 170.854 16.873 91.776 0.749
162.481 168.493 31.258 128.920 0.732
186.129 175.015 23.277 93.088 0.718
102.133 176.029 9.580 42.334 0.616
181.189 170.858 35.153 113.807 0.608
146.196 171.439 20.115 126.890 0.605
109.482 173.918 9.822 41.957 0.510
0.000 0.000 0.000 0.000 0.414
