229.283 152.130 40.937 227.319 0.981
226.983 153.597 45.713 243.706 0.950
379.463 155.272 36.309 179.530 0.935
313.779 169.047 10.447 41.740 0.904
386.353 153.416 29.722 184.670 0.800
105.340 175.039 10.379 42.097 0.790
158.326 180.426 10.246 47.028 0.770
79.519 180.048 11.970 43.377 0.770
316.293 170.085 9.988 39.897 0.758
378.923 149.899 36.631 175.345 0.757
23.205 168.162 43.288 149.509 0.720
79.304 178.195 11.926 40.753 0.718
361.868 168.750 24.997 65.863 0.677
185.041 169.530 41.422 187.589 0.671
24.272 154.354 41.407 162.221 0.660
31.736 151.068 36.575 170.162 0.617
189.094 164.551 42.920 200.541 0.612
257.891 169.197 16.199 65.543 0.589
175.897 178.518 8.227 32.710 0.550
120.783 176.708 5.959 21.651 0.542
0.000 0.000 0.000 0.000 0.494
