276.737 166.085 25.186 99.513 0.994
273.341 166.135 28.077 98.860 0.988
365.449 168.160 49.595 187.768 0.988
172.946 175.579 15.549 80.273 0.978
367.253 155.953 46.518 191.892 0.957
1.183 159.309 26.068 171.572 0.877
356.477 159.843 26.723 151.330 0.864
157.895 181.379 11.530 47.252 0.840
107.886 176.298 10.534 39.424 0.837
1.499 154.228 24.807 164.452 0.796
257.352 169.814 9.030 41.330 0.742
79.406 178.134 11.988 40.624 0.735
258.061 172.294 9.100 42.027 0.712
79.068 179.978 12.309 42.825 0.699
356.086 162.245 30.815 167.053 0.663
220.637 169.761 47.393 214.966 0.630
187.079 167.557 35.261 190.122 0.610
121.828 178.451 5.423 20.156 0.607
104.703 174.808 9.941 41.891 0.605
223.510 179.422 47.307 170.794 0.597
214.550 159.230 43.630 215.417 0.555
352.079 161.691 29.261 147.849 0.552
363.147 195.057 53.360 160.078 0.526
0.000 0.000 0.000 0.000 0.497
