168.235 172.784 25.786 89.711 0.993
235.839 176.216 19.245 84.053 0.944
337.210 161.538 40.742 232.079 0.941
143.654 176.506 10.404 40.879 0.939
309.829 159.545 42.718 242.345 0.938
340.319 145.968 38.488 242.984 0.920
370.966 158.762 44.466 213.873 0.894
193.636 164.337 21.683 104.218 0.883
371.394 172.832 44.116 208.780 0.852
200.490 168.397 39.045 115.119 0.775
208.077 168.385 36.290 115.906 0.768
212.766 171.039 25.932 110.580 0.767
199.004 158.378 37.916 125.637 0.761
206.978 176.113 28.721 100.430 0.753
319.032 165.336 50.301 230.696 0.714
119.865 173.674 8.354 32.485 0.712
154.310 173.561 7.435 33.908 0.609
153.604 176.596 7.986 34.510 0.606
309.336 182.611 43.832 216.172 0.570
369.929 158.034 46.759 184.666 0.538
207.243 163.699 38.347 114.543 0.537
218.919 172.752 6.304 16.527 0.501
0.000 0.000 0.000 0.000 0.458
