144.268 165.224 21.584 106.466 0.997
181.411 167.760 22.841 119.497 0.994
205.918 171.350 29.358 91.442 0.986
265.077 160.768 50.715 235.557 0.962
176.990 177.589 28.058 99.727 0.960
260.706 162.120 50.062 230.638 0.959
296.573 160.991 79.844 242.915 0.944
356.419 158.663 34.476 151.229 0.915
56.844 182.951 25.869 88.971 0.875
355.293 158.871 35.773 176.158 0.870
319.296 148.548 50.808 262.359 0.759
300.096 161.507 75.252 257.814 0.745
58.306 182.881 24.247 77.517 0.725
270.433 159.944 42.547 217.751 0.688
236.075 164.649 12.822 66.305 0.669
183.406 171.674 21.809 98.458 0.658
120.117 175.463 8.169 28.768 0.655
177.751 169.766 32.413 115.788 0.598
254.397 171.197 8.579 33.358 0.589
171.880 169.342 35.539 115.636 0.571
144.405 176.769 20.593 98.166 0.565
114.894 177.317 5.384 24.640 0.521
299.579 159.071 32.075 214.001 0.503
0.000 0.000 0.000 0.000 0.480
