278.985 164.751 29.692 107.441 0.996
362.945 168.841 50.571 183.969 0.988
364.704 159.823 47.573 184.776 0.983
275.344 165.540 36.735 104.467 0.979
173.433 175.790 15.503 80.168 0.977
107.586 174.902 11.699 42.111 0.917
158.522 181.734 11.067 46.367 0.879
351.344 161.046 28.998 149.153 0.839
-0.252 158.409 24.790 174.478 0.827
257.277 170.510 8.786 38.937 0.789
188.428 167.022 33.847 191.547 0.715
121.175 176.968 5.778 22.837 0.695
224.968 180.446 45.950 167.875 0.680
220.483 161.030 48.250 231.441 0.660
358.670 183.033 45.517 156.720 0.625
355.030 160.452 30.329 149.584 0.618
257.833 172.556 9.097 41.624 0.602
80.459 177.150 11.456 42.154 0.597
188.272 160.756 34.558 180.556 0.568
0.473 152.968 17.429 162.134 0.534
0.000 0.000 0.000 0.000 0.495
