139.137 164.138 25.202 104.840 0.998
288.857 153.312 75.921 260.336 0.977
348.690 159.924 32.306 149.373 0.971
257.751 166.078 42.187 225.384 0.968
172.720 171.296 27.054 109.370 0.964
202.105 168.203 17.534 91.024 0.961
349.787 161.543 30.371 162.984 0.942
290.419 158.869 77.360 262.585 0.895
167.887 160.776 34.657 121.015 0.848
168.020 168.084 35.601 115.673 0.815
120.506 173.812 8.382 31.519 0.783
350.034 170.906 27.051 124.890 0.773
237.578 165.749 11.769 63.410 0.741
174.475 164.398 23.125 114.030 0.732
257.021 184.648 44.736 212.455 0.674
72.809 183.831 21.185 69.240 0.649
260.397 158.471 37.644 219.855 0.632
66.083 186.786 23.070 66.221 0.617
370.610 165.420 16.596 74.606 0.605
306.211 159.930 50.272 239.689 0.574
157.624 170.630 9.802 49.669 0.566
133.168 162.757 37.040 106.290 0.563
114.695 174.370 6.952 31.140 0.516
352.440 159.532 35.316 149.230 0.513
0.000 0.000 0.000 0.000 0.460
