36.699 152.462 33.590 166.800 0.977
229.412 149.395 41.919 232.859 0.947
227.208 155.921 45.760 239.838 0.947
190.084 160.353 41.365 207.253 0.878
158.281 179.767 10.426 48.706 0.870
316.469 167.815 9.677 43.103 0.866
388.170 155.684 27.109 179.256 0.863
36.535 158.988 34.679 165.934 0.787
389.289 149.768 25.946 174.718 0.761
104.614 174.315 10.742 42.348 0.754
363.306 169.768 22.330 64.609 0.741
79.298 181.099 12.474 42.131 0.736
381.349 153.735 33.235 182.752 0.727
187.762 168.894 37.508 189.435 0.664
79.576 178.293 11.859 40.643 0.638
120.894 176.688 6.088 21.278 0.540
0.000 0.000 0.000 0.000 0.468
