76.829 163.426 29.065 127.333 0.996
76.500 169.050 31.158 118.046 0.988
154.788 160.213 25.701 120.347 0.978
110.867 168.479 25.004 124.027 0.968
156.602 174.111 24.723 105.246 0.938
105.527 168.371 32.180 123.116 0.908
149.538 158.929 34.084 120.806 0.901
135.720 174.093 23.780 104.447 0.876
137.307 173.832 21.999 93.390 0.839
211.856 160.070 35.691 210.319 0.789
223.424 159.962 48.165 231.420 0.787
321.967 125.439 91.939 291.112 0.753
224.676 147.131 44.956 240.038 0.703
73.864 164.632 34.624 115.206 0.653
244.123 179.904 45.358 197.321 0.638
77.637 175.904 25.873 89.717 0.638
0.000 0.000 0.000 0.000 0.432
