136.563 155.077 33.286 132.158 0.993
87.363 166.336 32.455 133.827 0.989
48.261 165.981 28.765 132.361 0.986
228.668 162.111 48.212 229.230 0.975
91.657 174.558 24.430 117.693 0.973
51.129 163.065 28.565 138.530 0.960
49.401 166.995 26.283 130.170 0.957
136.692 165.418 33.459 119.574 0.954
140.377 166.698 27.337 118.263 0.943
140.793 161.965 25.481 114.941 0.924
110.914 174.820 25.869 104.464 0.922
210.490 167.161 29.715 191.252 0.897
111.507 170.725 24.019 100.397 0.884
53.629 159.032 22.666 146.075 0.878
231.810 159.022 53.187 236.802 0.857
226.035 153.233 51.087 229.281 0.795
269.054 171.657 8.101 36.368 0.795
210.155 155.757 30.924 190.859 0.739
362.916 166.902 23.304 62.885 0.717
188.465 171.578 17.380 65.725 0.685
207.086 166.673 31.051 191.543 0.644
204.967 163.366 34.157 176.110 0.559
0.000 0.000 0.000 0.000 0.383
