293.220 157.784 38.340 145.545 0.998
123.876 172.917 25.839 95.254 0.986
93.866 173.602 27.647 105.152 0.844
157.895 181.398 8.567 41.813 0.828
323.844 168.527 27.598 123.598 0.817
292.918 151.449 36.642 141.615 0.782
323.031 165.444 30.834 127.157 0.780
89.852 169.824 35.581 112.200 0.761
158.021 177.044 9.475 43.068 0.741
123.994 179.857 24.273 91.912 0.722
92.680 180.494 27.098 77.385 0.710
272.289 169.976 8.042 38.480 0.634
365.204 167.888 20.665 64.629 0.544
87.994 168.200 37.430 108.101 0.535
322.849 177.991 22.749 100.865 0.506
0.000 0.000 0.000 0.000 0.454
