126.191 168.051 26.831 106.865 0.995
326.914 156.806 44.041 153.554 0.979
101.970 169.666 25.058 116.608 0.974
331.066 155.858 49.351 157.017 0.948
125.441 175.076 27.198 100.597 0.922
357.104 160.650 36.964 143.978 0.919
156.564 175.111 10.700 45.073 0.847
98.038 169.323 32.532 116.426 0.845
270.087 169.344 9.407 39.148 0.843
94.260 171.266 33.499 115.620 0.791
311.933 176.394 9.772 38.977 0.704
399.554 146.855 15.248 107.679 0.630
102.328 177.734 24.331 85.763 0.619
323.691 171.324 49.705 141.665 0.592
120.908 169.182 36.589 104.697 0.538
361.357 174.463 27.973 113.898 0.533
0.000 0.000 0.000 0.000 0.393
