79.396 163.706 26.179 126.483 0.997
113.708 165.235 23.020 127.988 0.990
154.908 161.166 26.221 117.781 0.985
156.577 171.285 24.810 110.303 0.952
149.840 158.522 33.875 121.695 0.949
77.384 167.319 31.475 120.898 0.947
137.752 172.121 20.439 95.264 0.945
321.998 122.722 94.260 296.527 0.891
107.785 166.563 31.633 124.288 0.883
221.744 159.552 52.540 232.728 0.853
223.355 145.533 48.635 243.926 0.772
137.325 175.067 21.261 102.111 0.737
212.083 160.451 34.331 210.033 0.722
79.220 172.609 24.590 97.607 0.691
112.437 173.442 22.797 94.482 0.668
182.497 169.769 11.138 53.505 0.612
331.680 96.602 83.204 297.122 0.566
150.076 166.598 33.163 117.726 0.503
0.000 0.000 0.000 0.000 0.468
