124.049 173.172 23.882 95.019 0.991
311.434 157.478 33.706 152.097 0.984
328.434 157.187 39.912 150.653 0.936
95.605 174.840 27.547 104.284 0.934
334.841 157.689 37.690 149.471 0.915
91.735 170.776 35.115 111.611 0.912
157.684 179.704 8.915 45.365 0.863
123.861 179.903 22.506 92.033 0.774
300.829 165.131 12.039 50.120 0.768
89.641 168.545 37.290 108.143 0.687
157.797 177.397 9.180 42.693 0.681
272.360 168.999 7.888 39.854 0.631
102.122 172.796 23.809 107.584 0.620
365.642 170.499 21.030 57.738 0.594
0.000 0.000 0.000 0.000 0.480
