266.769 162.155 38.893 147.992 0.994
141.455 173.941 17.050 71.087 0.975
265.788 171.649 40.842 141.700 0.974
267.366 166.348 43.506 138.913 0.971
141.352 171.373 16.640 70.741 0.961
167.652 164.741 37.030 175.089 0.955
397.963 161.485 18.835 136.264 0.948
196.395 172.276 48.719 211.514 0.939
109.385 173.382 10.520 43.821 0.928
198.074 170.772 45.127 187.530 0.924
266.070 175.715 46.162 134.814 0.864
86.875 180.756 12.121 41.862 0.819
168.980 172.642 35.656 169.703 0.803
239.056 169.584 9.661 49.185 0.802
88.050 177.021 10.975 43.770 0.788
363.141 169.059 23.255 67.119 0.728
122.059 176.419 5.830 24.494 0.718
129.592 178.323 5.553 21.761 0.694
391.905 146.641 24.352 165.951 0.679
156.886 181.219 10.402 47.376 0.645
197.964 205.348 46.436 176.119 0.639
396.786 165.453 18.327 108.074 0.624
101.714 174.489 8.554 42.290 0.620
239.748 167.861 9.298 45.514 0.593
201.235 168.884 38.749 163.914 0.587
204.971 175.854 41.151 176.849 0.553
0.000 0.000 0.000 0.000 0.396
