81.831 154.883 38.884 151.297 0.996
0.705 168.232 39.803 160.453 0.992
29.077 162.439 31.978 136.538 0.968
198.174 160.073 35.347 199.914 0.951
158.478 181.191 11.146 47.947 0.928
80.286 144.685 41.308 155.416 0.920
29.681 170.417 27.915 122.556 0.843
1.160 166.482 38.681 142.903 0.815
231.628 149.811 55.159 253.049 0.792
0.906 186.346 42.677 144.078 0.775
196.599 153.248 35.819 199.651 0.769
228.776 150.291 48.431 251.409 0.744
32.831 164.376 32.897 131.669 0.612
236.934 156.355 50.250 218.436 0.587
148.617 182.926 11.272 45.495 0.579
74.050 153.172 41.265 154.003 0.570
121.952 178.300 4.446 18.598 0.567
362.889 167.677 22.898 61.487 0.536
0.000 0.000 0.000 0.000 0.498
