157.061 172.013 18.181 79.312 0.991
325.039 169.554 46.298 160.201 0.990
211.591 166.498 43.140 222.770 0.969
178.287 165.544 38.554 195.483 0.957
323.479 183.998 49.137 149.220 0.910
108.890 174.647 10.522 41.725 0.884
319.000 162.522 15.739 114.703 0.863
212.422 155.896 40.921 223.066 0.827
318.248 165.397 16.553 124.381 0.784
326.413 169.528 53.800 161.708 0.757
121.460 178.500 5.130 21.102 0.744
293.455 172.171 8.520 41.890 0.717
156.634 168.977 17.931 75.469 0.704
363.747 169.291 20.661 60.582 0.688
249.389 167.443 9.578 45.115 0.592
129.033 179.100 4.348 18.913 0.580
325.896 187.908 54.631 144.123 0.521
0.000 0.000 0.000 0.000 0.497
