270.491 165.721 21.600 96.944 0.991
175.136 170.728 16.851 84.377 0.970
5.753 156.552 58.681 159.041 0.967
5.551 159.331 59.835 167.346 0.960
389.964 166.872 26.510 189.495 0.928
106.949 176.229 11.615 41.451 0.915
390.770 156.869 24.901 186.806 0.901
226.796 158.515 42.296 213.122 0.895
104.952 175.369 11.458 42.347 0.886
224.488 155.202 44.337 242.586 0.885
186.538 162.672 37.446 198.649 0.814
4.687 153.981 49.676 164.227 0.795
260.730 170.696 9.209 39.043 0.749
373.671 154.171 28.936 162.909 0.735
309.484 166.091 9.996 46.450 0.731
79.314 179.547 12.159 43.981 0.665
375.170 160.019 29.584 172.943 0.663
79.850 178.199 11.665 40.265 0.638
157.311 180.885 10.993 48.140 0.611
185.692 156.284 37.488 190.965 0.582
174.111 168.489 17.568 75.027 0.573
121.168 176.956 4.915 21.501 0.506
0.000 0.000 0.000 0.000 0.487
