167.827 167.607 30.696 135.886 0.975
122.752 163.753 49.966 194.205 0.969
249.849 175.002 10.165 38.012 0.959
169.827 170.051 24.415 128.624 0.946
200.621 169.610 22.602 113.681 0.911
208.573 165.186 20.015 112.609 0.827
124.484 163.894 46.879 174.929 0.804
109.604 174.605 10.017 42.324 0.797
215.938 166.283 19.282 105.229 0.737
123.888 175.570 11.607 53.179 0.718
196.708 178.047 20.974 102.612 0.688
124.849 175.499 11.204 43.684 0.662
102.592 175.782 9.274 41.547 0.591
249.716 170.356 9.589 41.500 0.557
0.000 0.000 0.000 0.000 0.421
