18.049 169.185 36.903 135.934 0.995
157.229 176.437 10.928 57.586 0.974
65.341 168.342 39.334 136.771 0.974
19.497 174.104 34.291 133.841 0.966
230.675 159.681 55.619 231.693 0.965
91.727 170.838 23.782 112.063 0.964
66.956 170.762 35.243 141.504 0.962
128.349 166.542 24.146 120.358 0.961
122.724 151.913 33.548 137.543 0.947
229.883 167.132 47.055 218.127 0.928
91.562 169.621 22.649 103.854 0.911
231.577 160.910 57.815 214.040 0.908
208.986 163.824 34.792 196.590 0.879
122.817 161.404 32.833 128.533 0.836
126.682 164.594 24.331 110.383 0.785
157.785 185.538 11.039 49.729 0.770
59.322 168.200 38.393 138.702 0.752
208.297 157.313 36.039 189.232 0.718
205.097 167.895 34.488 188.391 0.708
198.828 173.546 11.683 58.256 0.684
228.979 158.157 46.855 220.244 0.657
121.033 177.085 5.147 20.963 0.626
362.613 166.981 23.662 66.667 0.600
199.529 164.069 11.569 67.252 0.581
113.960 176.542 5.341 24.600 0.575
203.925 160.876 36.697 181.306 0.524
196.038 170.595 16.258 62.672 0.512
0.000 0.000 0.000 0.000 0.485
