267.978 168.219 23.246 93.000 0.980
11.867 154.229 49.397 163.608 0.964
104.898 175.286 11.721 42.300 0.950
225.748 155.110 44.162 243.283 0.947
177.783 170.916 16.841 84.687 0.924
228.001 161.779 42.432 209.120 0.910
8.978 161.473 56.233 162.464 0.888
375.663 159.236 28.763 171.370 0.880
375.082 151.986 29.474 168.173 0.873
311.701 168.156 10.195 43.662 0.838
186.391 166.372 38.206 192.587 0.813
392.119 159.076 23.810 179.465 0.807
106.976 175.466 11.173 42.751 0.798
399.887 156.899 15.122 185.562 0.764
79.426 178.835 12.027 45.057 0.759
79.525 178.015 11.960 40.847 0.731
400.074 177.500 16.153 166.363 0.687
189.864 162.196 41.115 203.406 0.661
392.061 168.927 26.243 185.045 0.550
158.000 179.365 9.922 49.649 0.549
310.961 173.810 10.385 39.518 0.536
0.000 0.000 0.000 0.000 0.450
