301.140 163.594 42.401 163.447 0.993
337.670 165.921 36.836 121.706 0.978
298.251 168.100 40.815 153.816 0.963
301.070 162.091 42.064 150.182 0.956
148.188 174.976 19.042 69.820 0.955
338.339 156.582 36.166 130.292 0.952
109.240 174.478 11.656 42.515 0.938
209.280 157.089 46.182 242.682 0.926
147.409 171.904 18.903 69.410 0.857
170.278 166.064 38.838 190.108 0.850
174.872 164.989 38.482 193.775 0.824
236.957 167.307 16.325 69.791 0.780
299.286 161.264 37.090 149.384 0.771
213.072 163.710 41.234 204.790 0.732
170.145 161.229 38.562 180.921 0.713
85.536 177.269 10.432 41.789 0.711
121.546 177.416 5.425 22.328 0.709
340.379 170.594 31.594 114.409 0.704
364.770 166.200 21.352 68.368 0.638
174.665 159.142 39.330 184.411 0.577
128.965 178.874 5.014 19.217 0.553
137.067 176.655 4.890 21.724 0.526
154.088 175.664 16.633 71.789 0.510
0.000 0.000 0.000 0.000 0.448
