265.120 172.302 39.770 141.363 0.993
265.810 162.330 37.550 150.379 0.990
139.966 175.193 17.590 69.895 0.982
165.918 163.981 35.702 172.037 0.966
109.267 173.971 10.442 43.619 0.937
140.018 171.909 17.213 69.760 0.887
363.256 168.184 22.782 68.660 0.776
129.222 178.128 5.745 21.866 0.765
199.555 160.971 39.607 176.803 0.736
88.796 177.428 10.730 43.229 0.726
88.171 181.385 11.471 40.716 0.725
167.347 172.662 35.911 170.327 0.703
195.634 171.744 47.106 183.827 0.702
121.870 176.751 5.859 23.568 0.693
194.922 177.606 48.017 201.564 0.693
266.722 174.309 44.406 137.735 0.683
239.886 168.286 8.937 44.094 0.678
239.507 170.646 8.930 47.378 0.660
397.693 180.187 18.499 107.608 0.607
194.587 188.800 49.849 212.281 0.587
269.356 163.811 40.458 143.985 0.585
0.000 0.000 0.000 0.000 0.447
