148.708 165.378 19.628 103.553 0.998
187.207 168.283 21.691 115.202 0.981
207.909 165.544 27.579 99.147 0.949
188.220 160.038 22.250 122.399 0.938
151.561 163.326 17.913 110.897 0.900
361.070 160.004 41.041 180.014 0.895
363.967 154.444 45.260 190.629 0.890
275.383 166.068 43.215 219.524 0.879
277.648 152.676 38.823 232.262 0.867
181.477 157.031 33.688 125.902 0.749
308.823 150.688 31.642 232.159 0.747
45.774 186.430 28.265 84.418 0.728
356.768 168.313 47.744 186.344 0.721
361.759 166.787 50.660 186.920 0.720
362.340 160.426 48.220 152.461 0.649
361.441 162.292 39.503 147.053 0.642
232.538 168.313 19.641 58.299 0.616
305.605 160.532 36.581 232.508 0.598
120.070 175.392 8.162 29.316 0.597
136.970 176.644 5.457 22.372 0.543
79.621 182.402 12.127 40.290 0.535
251.692 170.392 11.504 34.147 0.535
46.403 187.914 25.198 64.603 0.525
114.948 178.178 5.405 22.655 0.523
310.553 146.302 28.608 209.388 0.517
0.000 0.000 0.000 0.000 0.473
