44.702 165.611 31.430 127.084 0.994
135.273 157.540 34.142 127.851 0.992
86.876 166.799 30.755 134.544 0.989
90.509 172.144 24.330 124.463 0.982
139.612 166.610 28.154 118.451 0.975
135.114 167.620 33.992 115.652 0.968
45.613 165.899 27.828 129.208 0.966
228.554 160.289 48.243 231.696 0.955
110.014 172.857 25.241 108.688 0.938
190.008 170.250 16.988 66.364 0.896
139.837 163.513 26.576 113.754 0.889
225.976 154.098 51.360 227.449 0.853
109.992 172.457 23.311 96.507 0.825
210.326 167.600 30.616 189.772 0.796
362.888 167.099 22.671 67.208 0.775
232.395 158.606 52.167 236.328 0.767
268.995 171.310 8.193 37.003 0.742
209.463 156.534 32.763 189.388 0.649
90.986 183.746 22.489 116.141 0.648
206.275 166.633 32.110 191.444 0.540
47.469 164.568 36.990 132.046 0.531
43.285 157.067 32.885 131.382 0.527
203.898 163.225 36.002 175.946 0.518
0.000 0.000 0.000 0.000 0.448
