89.625 172.607 27.729 116.262 0.993
157.351 163.208 26.184 113.979 0.986
116.567 169.988 36.585 119.422 0.983
85.829 171.048 34.077 116.561 0.951
252.154 125.251 101.434 280.565 0.939
152.753 156.977 34.369 124.083 0.933
363.385 167.070 22.689 65.796 0.873
121.631 174.140 29.146 111.100 0.827
234.054 154.852 36.603 180.032 0.785
214.717 154.736 32.512 178.827 0.745
234.482 163.075 36.670 145.942 0.669
157.499 172.476 25.096 107.692 0.643
239.238 160.301 37.953 169.926 0.578
214.700 162.488 33.461 145.740 0.542
121.429 177.141 5.780 22.577 0.525
0.000 0.000 0.000 0.000 0.438
