224.212 172.071 38.597 123.043 0.992
189.984 159.162 31.649 155.040 0.973
109.106 174.648 10.983 43.058 0.955
190.310 162.295 30.589 160.786 0.947
126.995 170.711 18.514 68.573 0.931
217.984 165.882 40.315 136.033 0.893
191.910 158.525 35.637 155.410 0.799
260.048 171.413 9.579 43.600 0.777
128.108 175.397 19.350 67.234 0.766
148.186 171.443 43.113 186.846 0.718
94.995 178.284 10.200 39.114 0.650
260.079 168.428 9.789 44.526 0.619
224.959 168.887 10.651 38.354 0.607
362.670 168.832 24.283 63.385 0.569
148.399 179.759 45.187 193.806 0.553
121.766 177.104 5.707 22.756 0.523
0.000 0.000 0.000 0.000 0.491
