155.249 157.794 26.921 123.407 0.993
112.969 169.013 24.984 124.402 0.986
81.412 168.194 24.445 118.929 0.984
150.619 156.797 33.752 123.664 0.973
108.803 166.369 31.902 127.318 0.953
156.142 173.642 25.788 106.509 0.948
140.059 174.623 18.671 90.203 0.940
224.674 155.606 47.564 241.513 0.922
139.532 177.735 19.270 97.144 0.813
78.716 165.688 30.759 124.099 0.812
330.217 71.669 85.277 339.522 0.797
80.932 173.668 23.980 90.266 0.791
212.045 160.312 31.411 211.619 0.771
225.385 140.573 46.106 254.630 0.751
119.665 167.509 21.137 124.463 0.725
325.537 115.749 91.699 301.830 0.721
181.984 170.718 11.473 52.631 0.661
244.659 170.357 43.003 218.377 0.611
150.751 165.313 33.367 120.207 0.599
114.050 165.879 31.996 128.862 0.543
0.000 0.000 0.000 0.000 0.448
