238.455 169.709 22.748 131.343 0.981
195.121 162.710 30.767 150.261 0.971
234.199 169.704 31.399 130.246 0.966
196.059 161.728 28.316 160.515 0.960
109.350 174.359 10.984 43.853 0.929
128.735 173.002 18.040 65.150 0.858
130.052 178.328 18.462 62.043 0.835
130.794 177.638 14.104 64.104 0.749
262.294 174.736 8.714 37.351 0.738
154.481 157.968 50.947 215.543 0.701
236.144 184.370 22.772 114.965 0.692
225.666 169.349 10.618 39.321 0.673
191.634 163.594 30.567 146.269 0.667
130.200 181.226 14.220 47.517 0.655
191.528 163.547 30.404 161.056 0.618
224.534 166.649 11.997 57.185 0.614
156.136 172.405 50.204 206.280 0.595
122.095 177.332 5.359 22.721 0.564
149.141 184.490 43.400 159.876 0.544
93.999 177.314 10.662 40.751 0.531
0.000 0.000 0.000 0.000 0.478
