175.719 164.626 36.899 145.665 0.989
122.443 171.096 16.984 67.181 0.971
176.825 166.109 34.878 152.540 0.971
225.442 167.615 21.980 107.603 0.932
172.117 163.650 36.877 145.371 0.927
220.530 168.606 24.011 121.795 0.914
108.647 175.285 10.445 42.618 0.851
139.766 167.074 45.813 195.511 0.836
212.059 168.011 35.147 123.750 0.780
172.390 166.157 36.571 154.116 0.780
136.185 166.057 43.512 195.974 0.765
124.525 175.380 13.072 59.478 0.754
247.359 168.284 9.925 43.846 0.740
209.926 174.965 21.618 84.102 0.702
123.225 177.742 18.147 62.619 0.601
253.431 168.123 9.424 44.578 0.547
141.208 183.654 44.224 183.079 0.540
105.303 175.488 8.807 41.449 0.528
210.864 173.429 23.258 112.361 0.512
96.659 184.225 9.831 36.471 0.507
0.000 0.000 0.000 0.000 0.490
