295.859 171.178 25.215 117.738 0.987
108.113 178.693 26.562 95.773 0.978
231.974 164.162 79.473 232.987 0.961
55.100 202.511 26.521 53.188 0.937
225.418 155.703 36.965 216.195 0.911
107.491 173.220 24.850 95.232 0.882
138.104 128.943 79.637 282.031 0.880
292.597 166.596 31.538 125.762 0.855
246.309 170.622 44.887 215.574 0.826
57.948 195.235 22.603 53.250 0.735
103.218 164.742 35.938 113.067 0.728
224.489 172.577 39.696 208.368 0.723
250.404 157.118 48.681 246.117 0.702
235.642 166.311 76.106 250.360 0.700
363.480 168.041 23.204 61.758 0.652
226.303 151.123 37.394 201.257 0.649
251.133 157.786 47.574 218.198 0.586
247.384 179.228 42.811 175.270 0.514
128.196 184.720 17.896 66.838 0.502
0.000 0.000 0.000 0.000 0.492
