116.485 166.930 36.431 152.732 0.977
167.619 172.101 20.185 98.285 0.967
146.520 169.629 21.280 123.375 0.961
115.307 162.945 36.112 150.251 0.947
167.390 180.074 20.470 91.129 0.906
268.651 170.163 8.674 39.163 0.742
166.288 172.771 17.193 96.886 0.729
201.668 166.879 9.033 38.742 0.708
146.719 174.328 20.937 90.773 0.641
363.819 168.093 23.011 60.552 0.628
235.710 171.757 11.193 45.430 0.621
266.989 170.702 8.632 35.603 0.546
202.054 166.884 8.462 32.054 0.521
236.576 168.744 10.807 43.217 0.501
0.000 0.000 0.000 0.000 0.409
