193.557 169.819 21.432 91.933 0.991
238.210 171.256 26.680 98.928 0.985
347.822 159.522 56.637 248.287 0.975
215.459 168.881 26.910 95.469 0.962
137.815 177.867 10.079 39.007 0.957
237.782 173.116 26.093 105.637 0.954
345.624 161.278 58.629 258.529 0.925
140.872 177.175 9.180 38.136 0.793
126.130 175.370 8.050 30.635 0.707
333.148 165.933 76.541 235.636 0.698
153.083 175.444 9.071 35.349 0.692
231.402 163.235 36.878 113.578 0.679
153.129 172.663 8.778 36.172 0.667
118.404 174.643 8.260 31.512 0.617
210.544 160.255 39.170 110.670 0.600
79.770 185.072 12.157 37.026 0.557
88.341 176.676 12.129 43.174 0.523
0.000 0.000 0.000 0.000 0.430
