290.948 159.917 23.434 112.564 0.999
356.104 164.988 39.830 172.030 0.974
355.976 165.770 40.307 186.632 0.972
292.481 159.467 23.956 113.754 0.942
169.290 177.581 17.819 77.798 0.888
164.495 177.808 18.641 70.402 0.863
346.800 158.508 20.150 90.942 0.860
253.303 171.567 10.589 42.734 0.814
254.185 168.394 9.710 44.706 0.805
186.096 165.294 35.707 192.608 0.799
108.730 175.040 10.146 41.509 0.778
158.717 181.342 10.837 48.041 0.762
121.382 178.043 5.807 21.149 0.697
214.150 163.134 45.332 227.461 0.657
184.930 161.016 37.161 180.403 0.556
159.616 188.252 9.774 44.842 0.552
213.507 142.620 44.158 248.442 0.539
221.520 176.987 46.737 204.187 0.536
0.000 0.000 0.000 0.000 0.474
