220.304 164.044 25.681 102.136 0.992
203.683 169.053 21.211 89.127 0.985
248.683 167.751 27.342 105.915 0.965
244.003 163.154 35.963 114.893 0.954
361.808 152.123 53.337 277.847 0.928
365.036 148.834 49.418 267.116 0.912
249.047 172.768 27.453 105.455 0.887
154.376 171.165 7.938 38.654 0.873
137.891 175.674 8.579 39.270 0.838
154.279 175.032 8.481 36.790 0.743
119.021 172.315 10.871 35.498 0.683
357.917 156.522 47.196 253.526 0.640
142.755 175.089 7.897 38.216 0.627
118.917 177.599 10.160 31.253 0.534
244.165 169.881 36.179 110.550 0.528
0.000 0.000 0.000 0.000 0.471
