126.282 168.108 26.795 107.056 0.994
363.212 160.817 35.914 146.533 0.983
336.800 156.993 35.755 155.699 0.980
102.676 169.798 25.324 116.334 0.960
333.403 157.640 34.850 151.796 0.947
125.920 174.059 26.663 102.587 0.931
156.223 175.182 11.097 45.547 0.848
270.282 169.713 8.962 38.687 0.847
334.770 166.515 40.165 150.551 0.840
98.089 168.842 32.963 117.142 0.836
93.796 170.956 34.454 116.615 0.768
310.289 172.023 11.285 43.980 0.730
362.270 172.191 36.706 139.701 0.697
362.728 159.964 45.313 149.660 0.687
399.622 149.711 15.216 105.331 0.640
103.143 176.661 23.924 88.101 0.585
335.234 173.326 8.201 41.258 0.538
121.270 169.148 35.714 105.141 0.530
331.120 172.099 38.956 140.571 0.530
398.731 173.022 16.726 79.735 0.512
0.000 0.000 0.000 0.000 0.449
