358.719 169.165 54.251 125.543 0.994
357.316 167.122 50.592 125.631 0.988
288.473 169.659 28.463 149.433 0.946
145.133 176.599 18.092 67.006 0.936
168.719 173.901 37.194 175.630 0.933
290.458 166.897 28.842 154.264 0.899
108.849 174.007 10.706 42.830 0.865
287.821 157.191 29.433 158.439 0.849
143.727 172.461 18.402 68.189 0.817
240.945 167.867 9.333 44.165 0.799
290.477 161.678 29.185 150.906 0.788
359.278 156.666 54.259 128.982 0.779
356.789 160.778 49.473 122.561 0.749
199.964 164.764 40.610 225.256 0.722
207.215 173.411 44.370 208.229 0.709
121.172 176.996 6.476 23.623 0.706
212.217 174.828 40.659 180.978 0.617
129.325 178.376 5.309 20.594 0.573
248.507 167.332 7.013 39.673 0.549
228.880 168.269 17.836 61.787 0.547
0.000 0.000 0.000 0.000 0.481
