187.752 174.640 27.976 111.194 0.979
166.393 168.758 24.712 127.503 0.976
164.751 166.162 29.047 135.030 0.955
249.010 173.232 12.225 40.461 0.944
115.364 170.454 51.209 161.890 0.913
113.831 166.213 54.497 184.982 0.911
208.272 168.630 18.798 98.768 0.910
185.096 171.150 35.028 117.779 0.827
250.464 175.060 12.248 37.384 0.812
122.044 159.891 48.335 198.484 0.761
122.650 160.780 47.904 179.509 0.759
109.234 175.782 9.073 40.599 0.694
249.229 170.373 10.725 41.330 0.640
362.829 168.476 24.384 63.160 0.634
104.327 175.539 8.712 41.367 0.581
0.000 0.000 0.000 0.000 0.491
