298.884 168.574 38.037 154.506 0.995
300.564 166.312 41.463 161.352 0.988
344.938 169.189 29.458 120.185 0.974
342.842 169.831 33.598 116.408 0.971
109.316 174.343 11.698 42.656 0.945
146.983 176.960 19.693 66.618 0.936
209.064 153.359 45.787 250.187 0.935
298.892 161.596 35.829 150.169 0.893
146.290 172.390 19.718 67.781 0.880
170.121 167.673 38.740 187.007 0.872
342.488 156.540 35.030 129.646 0.827
175.346 166.517 37.899 190.689 0.794
236.339 166.946 16.685 68.355 0.771
300.946 163.837 40.843 146.856 0.731
85.657 177.551 10.519 41.453 0.724
211.947 164.265 41.556 204.092 0.720
121.640 176.824 5.480 22.520 0.700
366.772 165.691 19.177 71.282 0.644
169.479 160.895 39.298 182.701 0.617
298.229 194.137 39.106 129.150 0.616
137.022 176.676 5.012 21.447 0.593
128.995 178.518 5.052 19.405 0.547
248.076 168.246 7.775 39.404 0.538
0.000 0.000 0.000 0.000 0.468
