155.156 174.903 17.561 76.517 0.988
212.376 161.002 41.077 234.078 0.982
176.471 169.122 39.471 186.359 0.975
321.366 166.695 33.400 159.617 0.962
108.829 174.344 10.170 42.289 0.885
213.709 155.871 37.530 221.949 0.851
121.441 177.311 5.524 23.048 0.825
248.896 167.476 10.121 45.393 0.788
318.003 169.478 32.735 153.325 0.765
362.216 169.073 22.718 58.746 0.741
291.032 170.076 7.615 40.701 0.728
128.938 178.154 4.931 20.053 0.675
320.539 164.797 34.367 145.671 0.649
248.908 167.701 10.043 51.699 0.648
292.745 173.455 7.937 38.909 0.630
84.639 175.676 10.297 43.617 0.574
0.000 0.000 0.000 0.000 0.492
