362.935 162.390 51.325 133.149 0.990
144.521 174.344 17.596 72.150 0.977
284.467 171.863 32.059 145.039 0.944
169.467 172.875 35.527 177.196 0.936
279.123 164.945 10.749 47.301 0.915
284.911 162.363 31.349 148.298 0.914
198.104 163.880 42.970 229.380 0.875
108.947 173.995 10.613 43.061 0.868
363.623 157.578 49.239 127.032 0.843
143.302 171.860 18.380 69.434 0.824
239.764 168.014 9.941 43.912 0.790
121.410 177.408 6.311 22.939 0.720
238.969 169.651 10.451 48.201 0.664
357.681 168.182 50.529 121.926 0.653
168.368 167.503 36.653 172.073 0.645
209.908 178.692 42.100 198.482 0.620
86.181 178.296 10.630 38.204 0.602
129.474 179.071 5.458 19.941 0.597
286.341 191.226 25.906 109.617 0.530
0.000 0.000 0.000 0.000 0.497
