155.131 159.423 34.439 117.900 0.992
157.238 163.944 27.470 110.253 0.987
96.943 175.628 27.674 102.967 0.927
125.201 173.516 25.765 110.128 0.923
282.424 164.932 33.653 130.401 0.909
284.877 173.026 27.866 115.159 0.858
101.566 173.251 24.802 105.451 0.833
159.892 153.164 34.359 126.414 0.831
118.715 167.335 35.864 120.006 0.769
166.667 155.782 22.574 121.795 0.755
260.553 159.718 35.512 146.418 0.718
362.521 167.755 23.428 65.888 0.718
98.467 166.602 34.874 119.619 0.716
97.488 172.196 25.628 98.072 0.708
126.261 177.650 23.666 81.314 0.683
104.381 168.724 22.654 102.802 0.679
258.908 160.354 36.619 174.899 0.640
70.872 186.656 22.569 60.183 0.630
98.020 161.431 34.734 120.131 0.616
88.171 175.134 10.433 45.703 0.546
65.862 192.913 26.301 53.731 0.523
194.122 145.323 88.186 242.930 0.505
0.000 0.000 0.000 0.000 0.430
