354.482 160.818 54.700 164.049 0.994
354.931 163.825 52.051 147.335 0.987
128.848 167.805 26.272 106.731 0.973
102.880 167.646 25.591 121.549 0.954
357.959 161.607 57.931 164.349 0.950
99.235 166.810 32.226 122.493 0.940
128.464 175.896 26.709 99.648 0.852
363.565 163.074 48.603 146.363 0.795
316.804 169.904 11.410 46.313 0.755
317.012 166.985 10.620 47.389 0.726
272.047 168.026 7.718 41.549 0.687
93.461 170.113 34.976 119.378 0.676
398.168 161.057 17.200 145.433 0.601
0.000 0.000 0.000 0.000 0.479
