229.483 151.328 40.934 228.904 0.969
226.973 150.742 45.973 249.889 0.941
32.599 152.563 36.264 166.603 0.923
380.651 157.865 34.618 175.091 0.911
316.026 168.982 10.000 40.780 0.873
386.461 157.385 29.811 176.708 0.859
158.303 181.239 10.822 46.220 0.853
105.033 174.757 10.627 42.264 0.815
314.061 169.010 10.321 41.132 0.812
79.442 180.532 12.075 42.984 0.784
188.756 162.544 44.037 205.690 0.765
361.950 169.943 23.591 63.716 0.703
257.080 169.221 16.232 63.451 0.667
79.628 178.172 11.557 40.907 0.656
185.445 169.101 41.124 190.575 0.639
30.698 161.335 40.175 161.224 0.607
120.846 176.710 6.039 21.489 0.571
387.144 150.485 28.904 173.520 0.568
379.939 150.294 35.746 175.080 0.504
0.000 0.000 0.000 0.000 0.495
