263.831 167.015 30.755 142.237 0.990
263.133 174.836 32.489 135.086 0.987
163.860 164.556 34.471 173.168 0.973
137.783 176.663 18.028 68.428 0.973
189.279 169.370 50.391 220.851 0.926
189.699 183.876 50.770 218.351 0.887
164.807 175.353 34.125 165.469 0.886
109.269 173.987 10.464 43.834 0.885
238.256 168.129 9.822 44.009 0.822
138.365 172.287 17.219 69.072 0.820
264.404 186.031 29.433 115.018 0.756
190.599 167.701 46.318 194.584 0.720
128.508 178.664 5.947 20.725 0.696
121.767 177.478 6.186 22.740 0.691
88.836 177.431 10.305 42.576 0.686
87.798 181.449 11.596 40.879 0.657
101.879 174.661 8.960 42.904 0.645
195.214 161.052 40.861 176.222 0.612
0.000 0.000 0.000 0.000 0.472
