187.186 176.266 27.389 109.039 0.982
165.601 166.906 24.725 131.814 0.978
164.646 166.060 27.537 136.269 0.966
113.347 166.946 53.853 183.722 0.926
207.139 167.277 18.188 100.771 0.926
114.912 170.551 50.911 161.278 0.910
249.179 173.192 11.209 40.297 0.902
109.091 174.829 9.487 41.924 0.805
183.736 172.612 35.513 115.757 0.672
252.130 174.599 9.763 37.796 0.654
362.799 168.670 24.171 63.152 0.648
249.027 170.208 10.347 41.439 0.624
159.377 162.441 29.774 145.570 0.617
103.721 175.055 8.728 42.253 0.584
122.003 162.195 47.862 194.527 0.574
123.846 160.898 46.132 177.573 0.543
120.932 176.856 6.015 24.194 0.523
0.000 0.000 0.000 0.000 0.443
