125.675 169.777 27.439 103.061 0.993
325.681 153.523 45.623 157.810 0.988
101.894 169.659 25.269 116.032 0.958
329.107 150.874 53.723 163.421 0.947
124.922 175.732 27.447 99.698 0.902
270.247 169.648 9.245 39.070 0.848
97.657 169.707 33.502 115.026 0.830
93.765 171.197 34.321 114.402 0.822
311.981 176.676 9.884 38.165 0.804
356.160 155.020 36.043 151.411 0.801
156.717 175.261 10.362 44.864 0.775
102.892 175.847 24.250 90.422 0.562
120.347 169.409 37.270 103.814 0.522
0.000 0.000 0.000 0.000 0.495
