353.639 159.628 50.250 167.700 0.991
128.877 168.823 26.334 105.198 0.985
352.715 161.713 49.270 152.033 0.969
103.642 167.751 24.933 120.006 0.954
99.026 166.749 32.798 121.814 0.887
316.678 165.776 10.648 49.241 0.864
127.950 175.328 26.757 100.424 0.854
271.534 169.189 7.617 39.665 0.744
395.604 168.418 21.150 132.023 0.640
93.329 169.644 35.024 120.586 0.621
316.880 169.487 10.330 46.293 0.599
388.965 155.389 28.669 158.833 0.570
140.549 170.612 22.210 92.049 0.541
106.538 173.715 22.105 93.230 0.525
0.000 0.000 0.000 0.000 0.474
