309.406 168.922 35.603 157.300 0.979
209.896 154.863 42.049 248.203 0.968
175.957 163.371 37.078 194.682 0.954
310.078 164.053 33.961 144.353 0.946
154.149 175.381 16.754 73.397 0.930
108.935 174.357 11.054 42.617 0.917
84.425 175.633 11.609 45.066 0.826
172.383 166.826 36.206 186.742 0.818
175.034 158.577 38.678 187.952 0.803
337.190 156.145 36.515 128.421 0.787
121.416 177.374 5.651 21.720 0.773
213.083 159.007 39.374 215.673 0.736
171.846 162.894 36.391 178.393 0.706
336.193 166.506 36.992 121.462 0.706
147.567 178.035 19.414 66.375 0.692
238.901 167.443 15.765 66.088 0.618
128.759 179.079 5.603 19.083 0.579
363.203 168.816 22.780 62.820 0.573
288.701 168.916 7.140 42.115 0.569
137.556 177.369 4.898 21.391 0.501
0.000 0.000 0.000 0.000 0.485
