168.214 166.323 30.774 138.519 0.983
249.831 174.645 10.309 38.653 0.975
199.079 166.977 23.800 121.638 0.951
123.871 162.545 48.612 195.412 0.950
170.795 168.301 24.587 132.205 0.931
109.525 174.650 10.108 41.957 0.832
125.646 164.460 46.606 172.587 0.829
123.456 176.439 12.550 54.435 0.817
216.636 168.828 19.192 100.331 0.779
249.442 170.619 10.103 41.193 0.688
194.944 167.026 34.319 122.576 0.674
102.628 176.400 8.903 40.719 0.647
207.200 168.802 19.314 104.610 0.558
250.573 175.537 11.516 36.939 0.540
166.204 166.536 32.138 149.538 0.503
0.000 0.000 0.000 0.000 0.459
