296.798 168.208 26.166 120.320 0.985
107.360 180.691 27.908 92.527 0.976
236.754 157.921 82.517 246.807 0.941
53.683 203.321 25.963 51.237 0.936
106.821 172.457 26.719 97.199 0.926
225.350 157.539 37.615 210.623 0.905
293.864 166.508 32.157 123.460 0.899
102.635 165.459 36.729 111.074 0.822
55.686 196.571 22.246 49.891 0.708
127.729 125.166 84.713 285.116 0.668
226.681 150.337 36.616 202.125 0.655
364.133 167.897 22.572 61.023 0.632
293.922 158.468 31.751 126.630 0.617
251.499 161.615 48.849 235.679 0.614
239.723 166.794 78.796 249.182 0.576
78.994 185.122 12.518 37.072 0.557
298.067 168.942 23.623 103.577 0.555
252.247 164.227 48.522 204.176 0.554
224.890 175.892 39.860 200.404 0.547
101.622 172.590 38.512 107.602 0.532
0.000 0.000 0.000 0.000 0.494
