294.223 169.017 39.975 150.823 0.996
357.581 163.904 25.647 127.939 0.988
356.367 163.062 29.655 127.617 0.978
207.819 160.958 45.095 235.196 0.967
295.190 164.083 34.930 147.819 0.932
169.610 171.234 38.777 181.632 0.930
145.986 172.289 19.041 65.506 0.909
355.547 154.753 32.043 133.452 0.891
109.164 173.973 10.154 43.001 0.882
146.246 180.996 19.361 60.865 0.822
210.810 162.201 41.411 209.096 0.815
247.921 166.887 7.322 43.991 0.747
351.674 163.032 30.202 127.739 0.721
174.657 166.699 39.432 192.607 0.702
121.516 176.007 5.848 23.421 0.669
85.730 177.716 10.311 40.406 0.591
168.450 162.438 39.652 181.205 0.572
137.137 175.613 4.908 22.610 0.561
354.802 164.240 25.054 126.843 0.546
206.891 172.916 44.563 237.069 0.540
398.020 177.199 16.652 74.833 0.536
359.212 164.654 24.528 109.150 0.502
0.000 0.000 0.000 0.000 0.461
