251.567 169.973 27.443 101.359 0.979
206.353 172.798 25.112 84.280 0.975
137.154 176.884 8.556 37.447 0.946
246.605 165.633 37.017 109.759 0.914
369.820 139.832 44.626 284.725 0.913
368.058 155.519 46.755 273.755 0.907
251.492 174.307 28.172 102.185 0.863
342.242 148.895 75.831 266.653 0.827
155.717 173.868 10.010 39.274 0.802
153.816 175.826 8.102 36.024 0.742
226.065 168.714 23.527 88.626 0.636
127.010 174.902 7.603 31.615 0.618
127.042 177.783 7.420 30.274 0.591
118.149 178.505 9.080 29.688 0.559
344.629 164.236 70.501 253.594 0.559
0.000 0.000 0.000 0.000 0.459
