174.494 156.440 22.784 114.949 0.996
301.835 165.907 26.605 131.518 0.990
300.847 164.987 29.237 129.915 0.968
46.688 205.358 29.504 49.626 0.967
230.610 153.872 34.889 220.469 0.966
240.236 158.866 81.870 244.614 0.907
258.223 169.552 44.563 218.916 0.847
229.362 173.043 37.661 204.019 0.759
259.760 160.478 42.847 212.447 0.757
365.494 169.295 21.197 63.014 0.731
148.581 174.060 18.107 81.202 0.719
233.340 157.715 32.728 189.127 0.681
88.594 174.197 9.810 46.894 0.657
298.670 154.015 31.193 135.549 0.613
249.823 153.112 81.699 256.074 0.570
80.403 176.326 11.010 44.073 0.537
93.544 146.515 83.956 257.579 0.530
148.167 171.526 17.322 65.429 0.528
0.000 0.000 0.000 0.000 0.495
