171.176 169.570 26.455 93.877 0.994
141.837 175.386 10.568 41.264 0.962
216.484 174.753 28.531 103.300 0.958
372.656 153.280 43.097 254.202 0.951
317.339 158.452 47.751 249.300 0.923
211.435 165.241 38.390 112.871 0.876
211.342 171.774 37.817 108.685 0.876
153.597 176.102 8.310 33.515 0.876
196.688 165.407 20.657 97.973 0.849
341.302 159.061 39.340 243.111 0.847
313.970 178.869 53.727 223.905 0.818
153.445 173.449 8.417 35.554 0.792
199.580 164.753 22.241 102.181 0.777
217.854 174.692 26.589 92.361 0.739
370.583 153.521 44.325 276.899 0.725
344.117 147.151 38.503 240.937 0.711
310.138 157.292 47.087 251.518 0.691
375.136 150.246 40.362 234.708 0.636
237.291 170.736 15.704 93.062 0.570
119.604 174.815 8.157 31.426 0.553
0.000 0.000 0.000 0.000 0.476
