159.533 163.755 23.956 124.369 0.994
128.656 159.043 20.881 114.671 0.994
325.349 161.926 26.569 144.910 0.977
326.584 163.439 22.796 141.410 0.971
182.808 162.084 21.432 103.370 0.961
181.025 158.758 18.996 113.274 0.958
0.586 148.524 80.257 266.150 0.933
159.527 163.554 22.506 117.066 0.911
244.877 155.036 39.844 226.183 0.880
243.326 171.260 42.753 207.505 0.844
130.370 180.075 18.951 93.513 0.808
320.570 161.969 27.758 144.030 0.797
286.065 178.493 50.056 203.442 0.781
97.812 184.208 19.506 67.457 0.770
153.375 165.362 33.225 121.504 0.718
152.977 159.676 34.304 124.211 0.700
365.175 168.661 21.376 58.023 0.677
82.413 185.039 19.907 62.789 0.649
119.432 172.688 7.984 32.221 0.568
224.806 168.630 7.901 39.415 0.558
286.292 192.981 50.708 203.214 0.555
323.165 166.122 23.416 131.884 0.551
0.000 0.000 0.000 0.000 0.454
