237.140 159.246 24.905 106.817 0.994
265.368 169.509 25.785 100.885 0.959
156.975 174.034 8.945 39.529 0.926
134.883 176.923 7.912 36.462 0.921
218.076 173.109 19.454 76.445 0.921
218.493 168.507 18.625 74.127 0.789
265.739 178.603 25.321 94.421 0.786
261.490 169.251 15.622 91.402 0.699
118.594 178.110 8.966 30.248 0.640
79.337 182.768 12.237 40.791 0.628
126.397 177.815 7.714 30.782 0.602
363.381 167.684 24.430 67.693 0.553
237.097 160.059 21.872 89.803 0.528
118.708 174.142 9.742 32.864 0.505
0.000 0.000 0.000 0.000 0.483
