123.949 172.903 24.407 95.460 0.987
306.058 158.202 32.059 143.559 0.982
303.812 158.507 30.365 144.025 0.977
95.012 174.901 27.114 102.933 0.922
330.531 165.638 24.870 129.995 0.921
328.117 161.397 31.104 136.914 0.842
157.888 180.031 8.476 43.858 0.836
90.327 170.306 35.531 111.183 0.800
158.114 177.910 9.011 41.506 0.793
123.921 180.642 23.200 90.597 0.760
272.295 169.937 8.209 39.365 0.759
89.256 167.207 36.521 110.789 0.671
308.233 161.151 26.643 137.579 0.598
306.287 153.320 32.536 137.309 0.561
365.481 168.450 21.291 61.808 0.557
236.722 167.558 10.271 45.327 0.511
0.000 0.000 0.000 0.000 0.472
