204.408 169.658 26.721 86.885 0.982
367.566 150.763 46.716 262.816 0.956
252.174 170.584 26.525 100.722 0.954
137.642 176.441 8.440 38.466 0.948
366.304 161.051 48.285 262.361 0.929
251.114 173.801 28.523 103.251 0.875
246.035 164.358 36.730 113.542 0.852
156.065 174.636 9.480 38.547 0.852
154.004 175.490 7.653 36.293 0.820
225.961 168.890 22.704 91.149 0.814
126.539 177.529 7.761 30.877 0.759
341.929 154.908 75.305 256.020 0.657
118.124 178.892 8.594 28.958 0.585
126.574 175.398 7.967 31.107 0.551
0.000 0.000 0.000 0.000 0.419
