55.256 158.471 42.832 157.096 0.980
4.171 167.645 29.274 138.379 0.975
55.089 169.089 42.386 145.854 0.973
192.953 159.116 38.918 204.617 0.957
228.778 148.976 45.416 236.029 0.910
158.281 182.010 11.637 45.328 0.899
228.545 156.467 46.801 238.249 0.893
60.892 159.432 40.316 154.233 0.777
6.494 182.537 25.497 118.799 0.765
6.777 176.436 26.030 119.729 0.763
325.382 165.422 10.675 45.191 0.712
121.227 177.807 5.540 19.627 0.699
193.302 147.807 39.972 211.428 0.688
4.292 174.405 29.177 134.228 0.594
362.811 167.053 22.854 67.140 0.565
104.606 174.666 10.355 42.041 0.507
0.000 0.000 0.000 0.000 0.437
