59.353 165.499 45.165 132.259 0.990
58.987 167.053 38.989 125.552 0.988
98.916 169.227 33.079 127.277 0.980
147.216 152.557 30.271 135.989 0.971
223.711 147.575 49.705 238.458 0.927
150.568 152.850 23.405 135.642 0.923
150.130 166.633 23.386 118.122 0.892
224.843 165.104 49.140 220.916 0.891
127.268 169.760 19.661 100.069 0.880
128.468 175.183 20.996 104.399 0.802
101.706 178.227 26.741 109.699 0.760
93.828 166.977 32.996 131.082 0.733
211.415 163.870 33.625 199.741 0.684
142.319 154.428 31.521 133.842 0.655
87.603 175.269 9.655 45.192 0.653
363.241 167.307 22.889 62.020 0.621
176.257 178.251 10.838 34.116 0.608
256.584 170.225 19.380 62.749 0.597
147.532 159.747 29.483 130.910 0.580
100.137 195.589 27.879 97.871 0.542
0.000 0.000 0.000 0.000 0.443
