124.509 163.518 25.415 128.930 0.984
120.576 161.400 31.044 130.795 0.982
13.483 165.130 32.945 144.601 0.980
86.112 170.993 27.840 113.379 0.966
231.225 160.215 53.697 231.492 0.954
14.064 170.603 32.049 142.074 0.943
229.359 164.648 47.743 223.515 0.940
120.789 153.103 32.898 136.879 0.940
16.864 169.115 33.146 137.064 0.935
83.503 166.623 33.967 122.666 0.934
157.399 179.215 10.549 50.340 0.928
59.655 165.626 32.309 144.127 0.908
208.117 165.325 36.260 194.892 0.900
205.084 169.116 34.727 187.041 0.856
230.718 166.422 58.185 202.815 0.717
18.139 171.499 31.009 140.013 0.709
59.520 169.567 32.688 142.881 0.676
362.975 167.689 23.113 65.142 0.651
228.446 160.041 46.467 216.420 0.643
207.641 156.225 36.764 192.117 0.602
15.523 175.604 27.731 118.926 0.580
200.866 163.815 10.923 67.396 0.555
204.031 160.316 36.419 183.752 0.550
82.361 161.881 35.879 120.916 0.515
0.000 0.000 0.000 0.000 0.444
