172.712 157.976 23.693 113.066 0.995
299.854 168.553 26.277 125.732 0.993
46.358 206.830 31.510 50.071 0.973
229.554 155.595 33.881 215.549 0.956
298.488 167.355 29.441 124.893 0.939
238.014 157.312 85.044 244.282 0.868
50.063 205.529 29.395 51.049 0.828
231.729 154.891 32.038 194.302 0.809
99.377 145.940 84.001 253.633 0.735
256.973 170.173 41.403 191.495 0.727
166.916 155.509 34.919 116.098 0.722
228.030 173.695 36.932 203.443 0.697
255.582 169.478 42.914 216.218 0.618
88.553 175.171 9.132 45.474 0.600
80.509 176.733 10.885 43.034 0.563
79.619 181.810 11.936 41.232 0.545
0.000 0.000 0.000 0.000 0.497
