372.649 159.760 42.780 138.391 0.985
280.153 157.277 34.159 156.387 0.980
143.562 173.230 16.778 73.098 0.966
278.784 173.644 36.601 139.475 0.959
168.420 169.699 35.788 180.519 0.945
278.613 164.112 11.322 49.435 0.930
109.054 173.733 10.825 43.353 0.927
142.313 170.753 17.256 71.981 0.856
168.197 167.387 36.312 172.097 0.829
373.048 151.259 41.691 140.678 0.826
239.011 168.168 9.947 43.559 0.791
197.947 171.780 43.032 210.897 0.731
121.459 176.561 6.469 23.396 0.713
86.491 177.576 10.680 41.668 0.710
238.377 170.555 10.046 46.202 0.660
198.729 157.164 41.271 215.972 0.631
84.955 181.031 13.265 41.194 0.601
128.997 178.247 5.860 21.416 0.598
101.385 174.239 8.774 42.795 0.584
248.717 167.033 7.017 38.626 0.530
363.629 171.779 20.718 62.828 0.506
0.000 0.000 0.000 0.000 0.493
