357.222 164.249 49.717 129.041 0.992
357.335 171.028 55.956 123.002 0.988
145.590 175.915 18.588 67.995 0.959
291.136 170.659 29.042 146.193 0.954
291.443 163.501 28.737 146.129 0.930
168.514 174.499 37.376 174.820 0.921
144.530 172.097 18.878 68.786 0.906
109.142 174.577 10.556 42.453 0.882
240.860 167.518 10.025 45.519 0.864
287.909 172.300 30.328 144.914 0.828
356.004 159.286 49.148 125.933 0.760
209.638 168.914 43.030 192.070 0.670
121.487 177.786 6.602 22.923 0.655
288.292 158.703 29.239 152.861 0.627
199.232 165.094 41.388 224.307 0.617
86.219 176.734 10.865 42.117 0.611
248.540 167.318 7.111 41.482 0.600
206.383 173.205 45.667 208.125 0.592
240.083 169.270 10.042 47.663 0.564
293.087 188.971 25.451 112.876 0.516
128.956 179.025 5.295 20.388 0.516
0.000 0.000 0.000 0.000 0.494
