263.170 166.716 28.738 142.110 0.996
262.565 171.704 29.718 139.543 0.983
164.218 166.307 33.195 168.952 0.983
137.362 176.997 18.568 67.846 0.961
186.589 174.720 52.269 209.810 0.922
108.992 173.232 10.604 44.691 0.891
186.531 185.371 53.348 214.634 0.870
164.922 176.098 33.223 163.898 0.867
263.683 183.323 28.365 118.906 0.867
138.602 172.447 17.079 68.634 0.766
188.817 166.340 47.636 198.783 0.745
87.813 180.945 11.632 41.609 0.734
88.484 177.222 10.766 43.153 0.713
238.612 167.966 9.026 44.321 0.664
266.087 178.323 23.939 115.533 0.659
128.617 178.306 6.188 21.126 0.657
121.530 177.186 6.304 22.533 0.632
133.957 177.252 18.773 66.370 0.614
102.025 174.358 9.090 43.084 0.613
362.067 167.450 24.350 68.257 0.556
193.804 160.437 41.363 177.770 0.515
0.000 0.000 0.000 0.000 0.443
