330.505 165.249 55.237 231.167 0.985
182.078 168.551 22.196 92.834 0.980
202.649 168.548 23.930 99.967 0.959
178.835 171.253 24.297 87.138 0.955
141.442 176.359 10.326 41.012 0.947
392.415 158.296 23.059 245.337 0.939
236.265 168.997 22.793 101.065 0.872
356.588 162.823 40.788 234.518 0.862
392.538 139.355 22.613 255.327 0.795
334.515 163.800 45.068 210.419 0.785
326.031 165.143 48.475 228.437 0.782
359.485 156.765 37.314 221.155 0.753
393.069 168.113 22.698 249.698 0.734
152.187 174.184 8.532 33.494 0.716
118.751 174.115 8.402 32.108 0.659
327.866 178.717 62.542 223.558 0.631
125.933 175.044 8.164 30.975 0.619
79.568 181.534 12.694 41.515 0.607
151.862 175.860 8.803 34.137 0.604
231.106 174.543 24.679 103.167 0.522
0.000 0.000 0.000 0.000 0.495
