70.995 167.652 33.779 138.763 0.993
26.150 167.906 40.606 134.318 0.990
130.249 155.193 34.320 129.712 0.990
26.980 169.304 45.339 132.380 0.988
230.854 158.906 56.524 234.585 0.972
231.360 168.425 44.506 216.902 0.921
155.943 172.732 10.482 63.704 0.910
209.571 163.251 32.027 196.707 0.896
209.148 160.139 33.084 182.310 0.870
130.056 166.848 35.917 118.566 0.862
233.294 158.403 57.782 218.460 0.858
101.149 172.418 18.393 111.530 0.849
104.295 171.991 19.763 110.389 0.829
362.987 167.594 22.354 66.010 0.816
204.268 159.202 36.300 184.363 0.810
136.516 172.521 25.449 108.816 0.798
70.037 174.450 34.404 132.786 0.787
206.430 164.125 32.439 194.965 0.786
194.320 168.770 15.483 66.921 0.752
139.876 162.913 21.655 111.012 0.694
124.320 154.160 35.671 129.951 0.669
27.509 176.354 38.214 129.430 0.667
75.434 177.148 24.802 116.852 0.657
196.368 167.260 11.294 72.411 0.635
270.054 171.726 8.206 33.929 0.568
122.035 177.614 5.000 19.774 0.542
397.763 180.632 16.800 70.407 0.539
0.000 0.000 0.000 0.000 0.494
