218.920 167.609 37.101 132.563 0.977
126.416 171.060 18.689 69.019 0.972
190.140 161.283 29.805 152.480 0.971
223.086 168.831 40.706 126.258 0.959
108.931 175.082 11.021 42.565 0.945
190.552 161.566 28.460 161.240 0.927
127.646 176.226 19.024 65.546 0.905
191.154 174.721 25.140 120.165 0.699
94.094 185.463 11.245 34.956 0.644
146.961 172.832 43.282 183.131 0.632
259.825 172.460 9.717 41.992 0.618
259.752 168.079 9.997 43.801 0.618
223.459 167.699 10.168 41.632 0.584
121.439 177.136 5.727 22.476 0.577
223.239 176.882 27.429 114.830 0.566
0.000 0.000 0.000 0.000 0.482
