176.816 164.018 35.190 146.297 0.989
122.346 170.556 17.117 68.418 0.986
177.456 167.325 33.652 149.798 0.969
219.191 171.550 24.515 119.003 0.923
172.139 162.896 36.839 145.942 0.884
139.573 167.919 46.559 194.865 0.873
211.964 167.856 34.122 126.968 0.818
123.385 178.197 18.295 61.778 0.816
108.690 175.838 10.180 41.190 0.792
225.508 169.508 20.918 103.344 0.742
172.629 164.950 36.042 156.410 0.728
136.272 172.446 43.777 183.764 0.689
247.324 167.474 9.130 44.986 0.662
140.543 181.988 47.005 185.540 0.597
124.648 177.178 13.325 56.717 0.593
96.760 178.196 9.671 38.129 0.586
211.068 174.793 23.287 112.106 0.582
231.587 165.423 19.246 109.574 0.509
0.000 0.000 0.000 0.000 0.492
