52.619 168.485 46.314 148.568 0.982
53.120 164.333 45.663 145.643 0.976
3.030 166.691 29.342 139.452 0.975
228.526 148.925 45.803 235.778 0.951
192.452 160.655 38.714 202.334 0.947
228.566 156.609 46.687 237.934 0.943
158.646 181.550 11.109 46.099 0.887
3.129 171.057 28.941 141.645 0.790
324.225 166.307 11.525 44.944 0.769
4.639 175.796 26.442 119.955 0.688
121.298 177.343 5.695 19.944 0.669
2.014 158.574 26.416 154.257 0.657
322.146 167.141 10.138 44.384 0.603
193.030 147.589 40.125 211.730 0.556
0.000 0.000 0.000 0.000 0.495
