186.106 171.730 27.459 113.981 0.991
114.383 164.866 50.483 172.946 0.962
112.777 163.119 53.204 190.199 0.943
164.154 166.802 27.247 134.716 0.921
205.580 168.306 17.847 100.782 0.919
164.859 166.707 24.739 131.479 0.918
183.025 169.902 34.505 118.716 0.883
159.393 162.532 29.225 146.937 0.819
249.318 172.859 10.676 40.466 0.809
249.039 169.581 9.742 41.847 0.776
109.126 175.169 9.474 41.530 0.729
103.941 175.654 8.835 41.610 0.620
120.517 176.908 6.028 22.797 0.549
162.629 170.490 23.873 128.483 0.544
127.360 178.837 6.777 16.666 0.511
0.000 0.000 0.000 0.000 0.471
