218.652 169.122 37.319 129.515 0.989
125.770 170.179 18.265 70.813 0.977
189.046 162.842 29.960 148.154 0.971
126.908 175.973 18.622 66.449 0.953
109.166 175.043 10.983 42.629 0.930
189.351 161.669 29.023 161.615 0.909
220.787 170.576 42.609 123.649 0.883
189.845 171.457 25.344 126.985 0.794
146.182 169.835 42.431 189.977 0.706
260.126 173.572 8.941 40.389 0.676
222.191 178.172 28.656 112.046 0.646
218.825 181.756 38.141 119.502 0.610
257.572 170.592 11.011 45.459 0.590
94.530 185.308 10.677 34.847 0.574
121.509 177.942 5.544 20.654 0.530
362.396 168.282 23.973 64.044 0.523
0.000 0.000 0.000 0.000 0.469
