275.642 169.008 18.434 93.158 0.990
173.350 171.865 17.524 82.962 0.983
377.976 168.019 38.623 187.297 0.939
221.208 164.278 47.086 224.598 0.938
5.428 154.386 37.761 163.858 0.936
377.564 159.699 38.037 181.521 0.924
157.438 179.824 11.665 49.880 0.903
385.769 163.597 31.346 195.688 0.897
5.048 160.021 41.612 167.022 0.890
107.509 176.312 11.039 40.343 0.875
186.084 166.051 37.731 193.445 0.865
223.880 167.888 45.690 196.718 0.845
385.387 155.297 31.987 193.489 0.842
361.862 157.029 31.774 158.192 0.834
104.856 175.025 10.826 42.302 0.791
258.189 171.478 9.838 43.241 0.777
359.854 156.643 34.329 174.539 0.750
258.002 169.813 9.302 41.503 0.656
79.095 180.506 12.337 42.511 0.641
303.122 166.869 11.968 44.461 0.637
79.648 178.331 11.999 39.940 0.623
259.650 173.092 9.592 39.955 0.613
172.234 169.024 18.232 74.454 0.555
185.352 158.696 36.967 186.858 0.555
0.000 0.000 0.000 0.000 0.451
