290.789 164.781 38.408 135.682 0.998
123.978 172.709 26.154 94.459 0.985
157.918 177.137 9.748 42.948 0.830
157.760 181.133 9.057 41.217 0.808
313.770 166.855 36.433 128.718 0.736
290.639 154.430 36.687 135.289 0.698
319.558 177.531 26.805 104.187 0.678
92.689 175.499 27.176 102.066 0.641
91.070 180.635 27.355 75.671 0.639
123.914 180.175 24.528 91.762 0.602
88.636 169.565 36.147 112.872 0.546
364.149 170.716 22.504 58.520 0.541
272.108 170.118 8.100 38.418 0.540
320.843 165.695 33.670 128.486 0.524
0.000 0.000 0.000 0.000 0.439
