201.661 172.013 24.147 117.632 0.980
128.552 157.600 45.184 206.315 0.978
168.935 164.789 29.918 139.198 0.970
171.325 163.887 25.383 140.897 0.959
248.951 171.798 12.429 42.124 0.941
248.796 169.977 11.618 42.117 0.929
131.393 161.219 44.473 179.390 0.926
217.694 165.872 19.823 104.641 0.912
122.963 175.903 13.385 58.185 0.818
109.294 175.887 10.208 40.603 0.811
196.856 169.331 34.285 121.047 0.632
103.413 176.521 9.280 41.589 0.585
250.015 173.627 12.765 39.053 0.508
0.000 0.000 0.000 0.000 0.448
