133.892 154.887 33.987 133.094 0.997
36.791 166.889 36.588 135.285 0.996
134.011 166.396 33.498 117.977 0.973
138.014 169.035 28.970 114.065 0.932
229.612 162.147 47.628 228.893 0.928
231.591 157.899 53.616 237.557 0.924
108.035 172.431 25.036 109.671 0.908
209.841 164.680 31.245 195.689 0.896
87.024 168.469 22.455 127.313 0.894
78.537 165.118 30.884 139.324 0.871
36.206 175.312 38.213 132.050 0.839
84.060 163.246 30.455 138.374 0.826
209.664 159.422 32.586 184.475 0.806
206.928 166.606 31.568 191.805 0.796
192.710 168.007 15.383 68.143 0.790
107.675 171.898 22.543 96.057 0.732
269.254 171.669 8.355 35.135 0.718
156.253 172.726 9.208 63.672 0.712
362.717 167.373 23.295 65.725 0.665
227.932 154.504 48.816 227.589 0.636
102.756 166.147 35.304 122.320 0.635
204.666 163.727 35.033 176.277 0.591
236.568 165.874 50.635 201.393 0.589
137.731 166.659 27.910 105.865 0.564
81.987 172.753 25.480 123.653 0.537
124.796 189.207 12.667 47.626 0.507
0.000 0.000 0.000 0.000 0.488
