172.709 164.482 29.007 141.905 0.983
200.214 171.507 34.508 120.820 0.972
202.768 174.475 28.233 117.729 0.966
248.279 171.855 13.166 42.279 0.947
132.168 164.029 46.601 197.239 0.932
121.684 168.126 16.431 71.402 0.921
173.187 167.498 26.864 132.977 0.920
248.283 169.767 11.884 42.495 0.914
219.710 171.762 22.215 94.232 0.837
133.182 167.456 45.691 166.034 0.814
172.159 166.809 30.192 149.391 0.813
108.488 173.786 10.658 43.754 0.792
122.844 172.919 13.640 64.298 0.763
237.189 169.986 9.306 37.414 0.721
218.829 170.106 20.949 114.678 0.578
116.415 169.667 18.939 64.453 0.548
250.180 172.887 12.698 40.391 0.516
0.000 0.000 0.000 0.000 0.475
