104.467 160.404 29.514 136.075 0.987
33.418 172.005 35.482 144.547 0.987
202.959 162.727 35.134 196.655 0.980
59.402 174.153 26.972 114.292 0.977
233.782 152.717 52.381 247.054 0.934
106.928 165.575 26.178 129.346 0.928
202.881 158.326 34.620 189.131 0.922
27.121 170.216 37.565 146.655 0.912
54.860 169.421 33.633 122.123 0.907
32.938 165.198 37.765 143.761 0.901
-0.999 174.339 14.038 142.662 0.899
103.283 152.117 33.166 138.976 0.861
237.648 156.544 49.516 219.874 0.840
23.601 163.802 42.173 148.229 0.831
159.087 183.205 8.786 43.209 0.701
-0.420 151.088 11.896 169.608 0.614
150.254 183.576 8.962 39.762 0.573
141.747 193.243 12.765 40.108 0.534
362.962 166.807 23.196 64.602 0.523
0.000 0.000 0.000 0.000 0.426
