156.253 170.505 26.470 96.260 0.995
289.910 166.326 48.431 228.627 0.975
197.818 176.532 28.135 102.295 0.944
225.926 173.723 20.035 89.441 0.916
192.878 172.903 38.694 108.535 0.907
151.943 174.512 9.189 46.161 0.884
391.076 151.953 23.964 194.189 0.878
9.352 192.300 34.260 81.632 0.864
335.252 143.581 50.606 265.838 0.863
338.607 148.828 47.163 237.074 0.828
322.938 143.506 81.204 268.947 0.779
192.275 163.881 39.288 115.015 0.760
391.842 158.223 23.919 206.410 0.734
188.050 167.169 19.813 98.958 0.725
286.994 183.085 52.364 214.853 0.724
120.379 174.575 7.528 31.528 0.720
138.011 177.580 7.326 32.682 0.682
294.609 152.108 40.777 232.203 0.644
239.263 176.243 11.717 53.316 0.604
150.777 167.221 39.363 101.114 0.519
0.000 0.000 0.000 0.000 0.455
