128.320 166.566 26.689 109.522 0.995
351.668 159.797 47.449 166.725 0.986
351.313 153.355 45.573 166.256 0.973
103.399 166.931 25.019 123.262 0.964
98.977 167.410 31.917 122.020 0.917
128.018 175.313 26.014 100.767 0.916
93.791 169.636 34.404 121.645 0.775
271.176 168.532 8.120 41.172 0.756
314.476 164.780 8.805 48.315 0.669
373.160 169.026 40.727 149.437 0.604
106.148 173.896 22.209 94.351 0.570
373.854 165.402 39.839 141.176 0.564
157.095 176.178 9.043 43.913 0.527
0.000 0.000 0.000 0.000 0.485
