128.775 157.565 37.955 126.979 0.992
28.909 169.391 43.433 132.328 0.992
72.551 165.999 33.876 141.258 0.983
231.279 155.043 56.112 242.191 0.974
27.361 168.276 39.216 133.570 0.969
104.425 173.133 21.235 107.121 0.960
129.897 166.542 36.968 118.458 0.941
209.981 163.872 31.210 195.995 0.913
231.423 166.753 44.757 220.297 0.885
194.211 168.764 15.485 68.414 0.885
209.337 160.650 32.914 182.093 0.863
155.557 172.444 10.430 63.784 0.845
234.567 157.952 56.974 219.076 0.820
207.077 165.824 31.259 191.972 0.790
204.583 161.649 35.261 180.032 0.775
269.882 171.661 8.356 34.574 0.715
362.924 167.409 22.931 63.444 0.715
29.432 171.467 44.990 139.596 0.639
136.625 172.416 27.297 108.573 0.606
78.137 174.220 23.962 122.282 0.603
106.232 171.234 19.159 100.199 0.597
123.355 157.168 37.766 124.693 0.505
0.000 0.000 0.000 0.000 0.444
