185.911 168.283 24.582 93.720 0.988
235.481 165.837 24.934 110.129 0.968
205.890 163.568 27.908 102.612 0.963
139.658 175.346 11.448 41.412 0.953
338.922 162.764 48.909 237.610 0.886
234.582 171.424 25.217 107.908 0.879
152.680 173.650 9.155 34.572 0.863
345.243 161.796 62.234 239.981 0.848
368.803 156.677 43.337 246.114 0.846
152.738 175.888 9.933 34.022 0.826
126.130 174.486 8.248 32.150 0.786
368.606 140.566 42.826 254.195 0.745
118.048 174.030 8.916 32.411 0.723
228.860 161.725 35.104 118.097 0.625
137.878 178.185 11.016 38.880 0.611
201.265 158.750 36.847 112.634 0.539
336.906 158.754 52.917 264.937 0.526
0.000 0.000 0.000 0.000 0.471
