68.532 168.563 36.749 123.874 0.998
106.525 169.009 24.726 121.983 0.991
149.338 153.189 31.525 132.204 0.983
151.694 155.887 25.962 128.130 0.956
101.529 167.721 33.192 122.345 0.943
153.380 171.682 25.149 109.559 0.885
224.536 151.357 51.743 228.842 0.855
183.536 172.531 12.007 61.331 0.795
149.520 162.454 31.370 125.862 0.774
223.748 166.456 52.516 218.862 0.774
129.458 171.518 22.710 93.559 0.649
211.366 166.601 32.671 194.468 0.623
363.522 168.492 23.385 63.344 0.620
242.271 168.034 41.197 192.850 0.560
0.000 0.000 0.000 0.000 0.497
