68.921 158.668 31.506 152.859 0.995
14.805 164.183 31.068 141.654 0.992
18.283 166.374 29.457 136.778 0.980
193.728 159.360 39.797 203.274 0.963
227.097 137.952 49.313 254.732 0.903
228.081 148.202 49.089 254.794 0.838
0.074 156.218 11.986 183.233 0.764
193.853 149.722 41.325 207.729 0.734
158.352 181.484 10.338 46.546 0.703
13.784 173.645 32.170 136.296 0.702
121.428 177.437 4.926 19.882 0.690
68.078 151.437 34.533 141.408 0.632
15.267 173.552 28.985 121.983 0.626
326.321 165.733 9.759 45.049 0.573
238.505 160.386 47.319 208.370 0.536
0.000 0.000 0.000 0.000 0.500
