71.155 157.112 30.472 152.526 0.997
17.496 164.549 32.576 141.582 0.995
14.560 162.587 32.734 145.124 0.980
194.238 160.234 38.921 201.835 0.943
-0.713 162.895 12.583 171.552 0.922
226.868 137.100 50.533 256.729 0.884
17.440 176.600 33.409 129.590 0.844
69.655 149.458 34.275 145.477 0.826
227.773 145.798 50.445 259.344 0.817
158.331 181.988 10.019 45.769 0.784
194.119 151.227 39.855 204.165 0.740
-0.773 179.742 12.504 160.208 0.672
121.460 177.493 4.713 20.066 0.657
237.160 158.790 48.929 212.640 0.616
326.508 166.180 9.967 44.079 0.573
233.016 160.309 53.436 231.499 0.558
363.529 167.906 22.556 63.738 0.556
13.419 173.050 34.047 137.862 0.527
149.818 181.875 10.763 45.287 0.517
0.000 0.000 0.000 0.000 0.471
