244.780 163.514 25.344 109.698 0.993
217.019 171.364 26.981 93.580 0.980
137.717 176.464 9.605 39.305 0.931
354.770 152.863 53.233 260.975 0.927
242.137 170.868 25.535 94.920 0.926
200.834 170.153 21.089 89.920 0.923
363.009 145.071 52.269 275.974 0.885
353.472 159.037 56.139 263.716 0.870
154.078 172.379 8.064 36.623 0.817
154.091 174.965 8.920 36.533 0.809
242.087 157.547 32.102 120.158 0.788
119.230 173.123 8.669 33.742 0.712
245.980 174.774 22.695 102.191 0.702
363.830 152.399 51.606 277.035 0.696
125.702 174.742 7.913 31.418 0.679
142.027 176.029 8.314 37.756 0.650
201.051 170.048 19.197 67.867 0.516
0.000 0.000 0.000 0.000 0.451
