190.544 173.099 26.547 113.537 0.969
168.555 170.010 23.725 129.643 0.954
165.360 168.125 29.859 135.666 0.954
249.375 171.998 11.636 41.878 0.952
119.730 160.373 53.750 198.167 0.931
249.392 169.992 10.668 42.003 0.929
211.425 169.040 18.563 100.975 0.874
120.738 162.418 51.305 180.094 0.868
114.361 181.425 55.181 156.884 0.735
250.176 173.990 12.468 38.330 0.715
103.635 176.080 9.155 40.746 0.592
115.390 179.157 51.689 143.118 0.562
185.636 171.580 35.549 117.171 0.512
0.000 0.000 0.000 0.000 0.468
