302.455 166.568 42.406 159.786 0.993
337.254 154.238 34.895 134.018 0.974
148.208 176.029 19.387 68.418 0.945
109.038 174.602 11.751 42.329 0.934
303.130 161.929 40.610 151.238 0.923
334.710 164.581 39.857 123.048 0.916
210.454 150.846 44.629 254.184 0.906
170.598 164.686 38.331 190.203 0.883
174.728 162.864 38.145 195.200 0.866
170.516 160.989 38.255 181.387 0.857
147.347 172.758 19.305 67.577 0.794
298.923 170.253 39.593 150.918 0.778
121.576 177.869 5.517 21.386 0.733
237.753 166.765 15.687 69.315 0.723
174.247 158.911 39.401 185.505 0.714
213.836 163.201 40.719 205.999 0.697
364.285 169.076 21.609 64.978 0.660
284.447 173.280 9.924 40.322 0.644
85.006 176.896 10.805 42.408 0.639
129.111 179.529 5.211 18.074 0.607
330.058 159.931 39.997 134.557 0.594
334.331 154.132 32.805 132.110 0.558
302.004 187.247 44.531 141.939 0.533
284.841 168.227 9.832 44.825 0.526
137.597 178.950 4.808 19.598 0.516
0.000 0.000 0.000 0.000 0.464
