155.256 174.431 18.431 77.151 0.987
177.794 170.125 38.800 185.590 0.976
322.099 167.602 36.394 157.499 0.973
211.642 163.760 42.274 227.858 0.971
108.882 174.320 10.003 41.886 0.870
213.177 154.996 38.305 223.860 0.860
121.475 177.660 5.399 22.461 0.797
293.094 173.258 7.564 39.540 0.715
321.820 163.880 35.173 147.122 0.706
248.578 166.608 10.519 46.657 0.700
362.381 168.751 22.708 60.731 0.699
128.742 178.741 4.782 19.332 0.677
317.175 169.645 15.367 86.079 0.555
85.035 175.897 9.893 43.036 0.523
0.000 0.000 0.000 0.000 0.472
