125.678 169.361 27.195 104.141 0.992
325.249 156.453 43.051 155.181 0.987
101.715 168.235 25.450 119.086 0.962
124.980 175.250 27.699 100.761 0.905
355.943 159.137 32.225 147.065 0.869
94.263 169.248 33.430 117.227 0.846
97.824 168.963 32.560 116.283 0.846
311.692 177.972 10.222 36.992 0.840
270.731 169.615 8.545 39.010 0.833
358.652 172.803 26.948 120.558 0.695
323.364 169.429 46.617 145.583 0.666
156.886 174.683 9.679 44.637 0.647
235.817 171.282 11.403 47.189 0.512
102.860 174.817 24.037 91.696 0.510
0.000 0.000 0.000 0.000 0.494
