121.603 150.119 32.620 142.650 0.977
121.028 160.137 31.312 130.517 0.976
17.836 167.831 33.221 139.540 0.973
88.168 168.800 26.101 115.490 0.972
124.904 163.268 25.624 126.779 0.965
230.535 159.292 55.402 232.639 0.963
157.026 179.041 11.276 50.564 0.962
19.065 169.351 30.714 144.260 0.937
228.799 164.530 48.968 223.403 0.933
208.596 165.256 35.182 194.810 0.922
84.283 164.598 33.488 125.348 0.915
61.599 164.605 31.871 146.647 0.869
204.896 169.621 35.081 186.218 0.866
13.776 164.497 34.083 145.168 0.856
229.949 161.609 60.035 212.345 0.838
88.184 168.865 25.512 105.302 0.834
14.566 169.054 32.671 146.359 0.785
208.014 158.049 36.178 188.076 0.690
83.161 164.826 36.047 115.248 0.685
65.045 163.130 40.136 142.798 0.668
228.136 158.905 47.474 218.559 0.628
60.892 170.822 33.716 140.685 0.627
203.694 161.761 37.035 180.610 0.611
362.858 167.632 23.345 65.051 0.589
120.963 177.190 5.332 20.946 0.567
201.040 163.298 10.604 68.310 0.541
114.177 176.658 5.345 23.922 0.536
0.000 0.000 0.000 0.000 0.456
