49.910 157.267 44.679 153.623 0.995
228.419 150.429 45.191 231.587 0.957
227.920 156.421 45.979 238.589 0.945
191.832 162.434 38.104 199.599 0.934
321.446 168.074 9.373 44.025 0.918
49.355 166.617 47.940 150.896 0.875
0.236 162.010 28.455 147.756 0.863
158.552 181.830 10.134 45.512 0.771
104.529 175.660 9.215 40.053 0.760
363.556 169.080 21.845 64.481 0.735
0.273 168.318 34.640 136.361 0.709
121.458 177.060 5.869 21.218 0.693
0.979 179.520 33.227 127.248 0.634
320.952 172.237 10.018 41.058 0.606
0.565 172.597 28.484 139.953 0.515
0.758 179.859 24.882 126.609 0.505
0.000 0.000 0.000 0.000 0.499
