104.826 166.856 23.880 129.972 0.959
99.647 167.209 31.742 128.262 0.939
139.164 172.915 21.164 90.728 0.915
392.596 155.663 23.698 176.767 0.843
393.801 141.819 21.887 189.006 0.828
132.776 169.996 19.786 99.757 0.814
134.951 176.610 21.756 101.169 0.800
364.303 167.363 21.233 69.458 0.749
132.043 178.248 21.509 96.611 0.713
327.655 166.756 9.931 46.693 0.677
94.110 171.520 33.587 123.544 0.667
273.534 169.121 7.966 39.255 0.661
326.581 172.332 11.684 42.554 0.622
399.083 147.157 16.113 197.497 0.544
0.000 0.000 0.000 0.000 0.429
