304.623 165.320 35.101 139.881 0.996
175.585 158.113 24.670 112.623 0.994
143.760 172.008 28.705 112.349 0.994
302.158 165.873 32.872 136.905 0.960
141.808 170.787 32.441 114.607 0.957
238.648 166.793 39.035 220.297 0.916
149.469 169.231 23.261 115.625 0.882
239.142 158.797 39.819 217.883 0.838
120.632 170.367 21.587 96.107 0.826
236.309 165.805 35.454 202.753 0.821
234.707 175.170 38.697 200.750 0.815
35.167 206.730 31.086 51.887 0.777
365.367 169.157 20.480 62.450 0.774
143.891 171.138 34.492 113.137 0.767
268.553 151.972 42.927 256.595 0.734
303.663 171.449 36.978 139.143 0.679
263.378 172.031 43.476 214.007 0.674
141.108 162.465 33.011 119.499 0.647
61.589 137.562 81.969 276.194 0.621
120.413 179.849 21.966 96.087 0.614
398.032 149.028 16.630 101.230 0.569
0.000 0.000 0.000 0.000 0.472
