353.944 159.837 54.236 166.468 0.994
354.040 165.374 52.919 145.308 0.984
128.482 167.709 27.029 107.067 0.979
103.235 167.422 25.889 120.852 0.949
98.979 166.763 32.843 121.809 0.942
359.745 162.255 55.361 162.990 0.898
316.315 165.718 10.734 49.211 0.864
128.125 176.128 26.697 99.183 0.803
271.861 168.474 7.857 40.747 0.802
93.076 168.996 35.627 120.733 0.709
125.677 164.764 40.051 112.456 0.647
316.614 169.339 10.881 46.765 0.645
397.507 165.755 18.449 138.235 0.600
139.191 170.951 23.433 91.886 0.567
123.093 167.734 36.007 108.345 0.554
364.840 165.747 47.785 141.173 0.553
0.000 0.000 0.000 0.000 0.468
