175.406 160.090 25.602 110.860 0.995
148.331 164.194 24.666 123.610 0.994
307.118 167.589 33.809 133.251 0.990
239.176 166.155 38.862 218.771 0.978
145.049 173.173 28.424 106.469 0.971
45.406 125.828 87.252 291.761 0.965
239.419 156.202 39.265 222.237 0.951
123.772 166.476 20.163 105.912 0.950
146.183 167.406 31.265 117.914 0.873
150.515 165.544 22.989 111.480 0.840
365.229 169.470 21.045 60.337 0.805
269.049 188.048 45.196 183.145 0.760
122.497 175.004 21.764 100.820 0.744
235.537 173.855 38.672 203.849 0.701
236.364 167.001 36.987 199.983 0.685
142.389 171.974 32.072 108.615 0.670
310.007 175.149 27.662 116.886 0.668
146.815 159.602 31.443 123.327 0.604
306.482 170.878 35.151 140.552 0.603
169.542 157.553 34.934 112.998 0.585
110.747 172.742 20.332 82.725 0.559
0.000 0.000 0.000 0.000 0.439
