17.834 166.838 35.710 141.187 0.994
122.873 150.884 32.549 140.335 0.988
157.253 177.845 11.070 54.002 0.968
18.948 169.325 32.943 143.637 0.965
89.459 169.307 24.403 114.320 0.963
230.649 160.223 55.342 231.007 0.959
122.978 157.799 30.961 134.941 0.955
127.347 161.688 24.173 129.258 0.946
65.765 166.279 38.925 139.690 0.940
89.446 167.538 24.737 108.430 0.920
229.783 167.183 47.125 218.133 0.918
209.223 164.961 34.581 194.949 0.904
66.837 173.603 34.117 136.175 0.895
230.706 160.424 58.910 214.861 0.831
125.891 160.772 24.476 118.743 0.802
205.029 169.646 34.550 185.558 0.748
60.938 167.290 35.012 140.809 0.734
13.590 165.364 35.035 143.174 0.716
85.143 164.884 33.152 124.588 0.702
200.201 162.559 11.143 70.078 0.699
208.328 157.653 36.148 188.758 0.689
228.640 159.853 46.532 216.856 0.644
362.892 167.428 23.528 66.141 0.614
120.988 177.782 5.081 20.273 0.595
114.056 176.624 5.307 24.013 0.540
147.999 179.726 10.941 47.904 0.533
203.757 161.162 36.756 181.649 0.508
84.001 164.910 36.373 114.112 0.502
196.244 168.073 16.057 64.107 0.501
0.000 0.000 0.000 0.000 0.441
