110.831 155.143 31.404 141.855 0.995
110.166 150.140 32.137 143.719 0.990
112.195 154.960 33.829 142.429 0.990
34.784 172.379 44.093 141.069 0.989
110.689 148.747 37.080 146.252 0.981
36.379 166.701 41.396 143.098 0.980
0.417 176.651 35.626 135.183 0.964
71.193 167.658 21.637 119.698 0.961
203.587 166.104 36.207 189.183 0.958
232.227 166.803 54.460 219.789 0.932
235.154 164.316 52.567 203.397 0.889
0.423 165.215 36.236 143.010 0.870
204.577 160.785 34.533 185.430 0.853
150.190 182.522 8.762 43.194 0.775
159.070 180.608 7.957 47.031 0.727
205.861 162.220 39.335 198.606 0.658
68.097 171.094 19.318 116.501 0.646
362.997 167.021 23.120 63.157 0.568
0.566 168.817 29.178 149.234 0.536
1.470 156.830 26.966 158.129 0.534
141.638 182.001 10.485 46.405 0.531
230.701 170.169 46.193 213.471 0.526
0.000 0.000 0.000 0.000 0.461
