258.517 164.097 30.101 141.353 0.978
255.280 162.647 30.384 145.491 0.949
258.662 173.831 29.260 136.163 0.928
160.388 164.157 37.608 173.426 0.907
254.889 176.955 30.911 131.008 0.888
134.022 178.180 17.726 64.540 0.883
156.953 170.227 33.843 162.085 0.813
108.889 173.135 10.042 44.555 0.811
161.025 171.544 38.216 175.650 0.753
240.810 168.559 7.530 43.513 0.747
261.384 184.726 24.730 116.538 0.644
179.282 181.112 48.394 193.072 0.630
257.278 183.324 26.251 121.114 0.622
121.359 177.206 6.579 22.409 0.608
232.410 174.321 8.714 43.301 0.583
263.623 177.094 23.017 114.319 0.565
133.071 175.298 18.928 63.019 0.559
129.122 178.321 5.788 20.602 0.559
239.589 172.105 8.019 42.476 0.501
0.000 0.000 0.000 0.000 0.485
