155.282 155.765 26.587 126.728 0.994
115.118 169.238 31.656 122.128 0.993
318.470 121.322 97.095 288.015 0.983
151.019 154.958 33.019 126.935 0.981
117.188 168.752 27.321 123.746 0.949
140.918 172.995 18.381 83.371 0.925
212.766 163.397 28.683 201.936 0.911
81.389 179.232 26.800 75.228 0.890
109.541 168.523 33.759 123.340 0.888
86.060 174.808 23.113 80.289 0.858
227.247 160.101 46.024 231.989 0.848
156.928 174.710 24.987 104.367 0.822
319.338 121.617 94.473 256.738 0.817
227.230 147.798 44.697 238.375 0.798
272.781 167.794 21.334 101.693 0.779
181.119 171.513 11.710 50.999 0.739
262.922 116.803 143.590 300.980 0.701
212.032 153.156 30.650 196.331 0.695
180.175 170.934 11.806 61.539 0.554
262.272 162.981 32.422 140.333 0.544
242.186 161.086 40.761 235.768 0.522
112.162 177.083 28.424 107.354 0.503
0.000 0.000 0.000 0.000 0.428
