202.361 173.508 25.086 115.892 0.978
170.043 164.727 29.232 140.713 0.971
171.962 163.090 25.777 142.323 0.958
131.942 163.740 46.270 172.075 0.952
248.912 171.660 12.299 42.337 0.946
129.644 161.541 47.005 196.983 0.941
248.703 170.002 11.674 42.145 0.940
217.844 166.001 20.452 105.751 0.889
122.611 177.226 13.743 55.451 0.885
109.477 175.588 9.916 41.260 0.803
197.810 169.670 34.448 121.276 0.743
103.542 176.594 8.804 41.316 0.535
237.879 170.860 8.497 35.761 0.517
362.955 167.752 23.062 64.360 0.511
0.000 0.000 0.000 0.000 0.421
