323.950 170.574 49.500 157.231 0.995
159.170 171.463 16.747 79.875 0.983
327.173 171.033 52.514 159.020 0.978
212.095 166.153 42.313 224.227 0.965
180.203 167.456 37.065 191.540 0.953
322.486 180.782 53.072 155.302 0.935
108.667 174.800 10.746 41.625 0.872
314.158 163.436 20.714 111.951 0.842
326.716 182.650 54.362 152.812 0.841
212.820 156.619 39.652 221.227 0.779
313.024 169.305 21.367 116.874 0.719
121.768 178.037 5.365 21.680 0.706
158.502 168.511 16.502 76.142 0.642
364.840 166.923 20.285 67.334 0.573
295.476 167.686 8.093 45.359 0.558
398.113 151.519 16.543 97.267 0.528
128.179 178.192 4.523 19.757 0.519
0.000 0.000 0.000 0.000 0.463
