11.401 166.790 33.720 136.484 0.992
66.941 159.331 32.700 153.630 0.989
194.239 160.588 38.210 200.899 0.955
227.708 142.061 47.687 247.527 0.928
228.583 151.044 47.940 248.867 0.878
13.949 173.961 27.826 120.730 0.828
194.495 151.686 39.153 203.746 0.781
158.191 182.050 10.401 45.564 0.752
11.117 169.131 32.869 145.763 0.722
66.596 169.277 33.342 144.504 0.672
325.267 164.202 10.194 47.815 0.639
121.534 177.388 4.906 20.056 0.637
16.106 167.078 33.426 134.463 0.559
238.997 160.691 46.225 208.803 0.521
0.000 0.000 0.000 0.000 0.480
