167.433 169.256 21.849 93.983 0.993
307.447 161.055 46.265 235.632 0.967
235.243 174.788 18.213 85.951 0.946
192.884 163.860 22.090 105.680 0.921
331.888 146.901 85.794 262.455 0.908
143.797 176.241 10.385 39.724 0.873
207.448 176.214 27.938 99.857 0.866
164.118 170.710 22.739 88.742 0.804
338.192 147.320 37.952 238.296 0.788
309.181 151.581 40.041 231.954 0.776
199.077 162.457 38.295 117.325 0.742
207.882 170.129 23.796 101.081 0.715
367.956 193.325 45.749 169.205 0.708
315.773 157.208 52.886 243.306 0.678
120.238 174.334 7.778 31.850 0.676
153.392 175.537 8.290 36.866 0.660
339.227 157.384 36.397 239.542 0.606
154.409 173.386 7.337 34.436 0.595
366.166 175.225 46.718 180.944 0.571
200.268 171.253 38.885 108.483 0.543
0.000 0.000 0.000 0.000 0.444
