352.588 161.616 57.543 242.565 0.960
240.839 171.528 25.626 95.979 0.955
244.792 164.870 24.426 108.480 0.950
359.918 155.406 55.270 253.490 0.923
137.975 176.894 9.546 39.107 0.919
217.931 168.024 24.568 97.418 0.918
349.696 164.309 63.021 252.574 0.873
153.575 172.655 8.208 35.648 0.864
199.633 169.477 23.373 91.984 0.768
141.455 175.783 8.578 38.083 0.751
125.756 175.550 8.136 29.350 0.750
360.582 164.719 53.935 252.688 0.725
153.631 174.937 9.147 36.362 0.708
119.306 173.981 8.402 31.707 0.680
241.831 174.486 24.360 102.040 0.554
339.217 160.500 75.866 245.679 0.528
197.596 167.310 19.005 92.723 0.511
209.220 159.865 40.116 111.504 0.508
241.176 159.515 33.798 118.185 0.502
0.000 0.000 0.000 0.000 0.442
