355.999 163.224 51.689 161.295 0.994
358.657 159.956 54.900 169.166 0.982
129.237 168.773 25.486 104.714 0.981
356.537 162.769 49.496 149.335 0.964
103.327 168.080 25.835 121.549 0.959
99.702 167.351 32.658 122.624 0.940
362.644 156.973 47.474 159.288 0.918
316.956 170.625 11.302 45.197 0.829
128.637 175.567 25.601 100.234 0.795
272.069 167.764 8.073 42.219 0.776
317.137 167.539 10.687 46.660 0.673
398.840 166.889 18.061 133.960 0.633
141.166 171.741 21.429 90.734 0.560
399.014 172.402 17.359 146.564 0.554
151.786 179.819 10.490 46.618 0.508
105.357 176.646 22.942 85.960 0.500
0.000 0.000 0.000 0.000 0.454
