125.762 159.448 20.027 118.613 0.996
154.063 165.128 21.928 121.297 0.989
318.125 167.788 25.096 133.479 0.980
316.475 164.528 29.376 138.771 0.979
240.480 167.414 43.753 217.063 0.965
240.386 156.262 41.093 223.021 0.960
177.621 167.475 22.733 103.065 0.956
276.088 166.672 47.613 227.220 0.894
126.139 174.784 18.720 102.710 0.883
154.092 166.174 22.776 111.490 0.865
12.778 138.483 91.568 281.001 0.826
364.544 168.374 20.394 60.906 0.755
257.158 157.227 80.474 252.040 0.697
11.713 189.103 90.776 217.340 0.695
315.264 168.503 29.941 146.191 0.574
280.404 169.927 41.095 192.774 0.569
273.377 188.029 51.405 210.707 0.534
108.250 170.709 17.859 66.160 0.516
149.533 165.208 34.273 121.355 0.515
261.562 160.307 76.288 261.131 0.511
0.000 0.000 0.000 0.000 0.485
