237.945 161.169 23.646 105.211 0.990
268.244 170.924 23.591 98.103 0.943
218.187 173.223 20.101 77.743 0.941
157.005 174.267 8.949 39.092 0.928
134.964 176.485 7.878 36.921 0.900
261.084 169.302 15.826 90.721 0.783
218.885 169.083 18.933 72.979 0.722
267.466 179.858 24.169 92.183 0.710
118.582 177.861 9.099 30.624 0.705
79.105 182.215 12.407 41.312 0.615
118.771 174.173 9.679 32.999 0.600
126.484 177.574 7.617 31.269 0.534
143.884 177.987 7.343 35.406 0.532
151.732 182.446 4.682 23.510 0.502
0.000 0.000 0.000 0.000 0.494
