151.242 163.153 19.503 107.122 0.999
190.711 170.690 23.304 109.784 0.991
148.707 167.385 21.945 97.450 0.986
192.331 161.591 21.139 121.195 0.982
38.352 191.504 27.698 84.936 0.938
367.544 158.943 45.501 203.686 0.923
369.856 157.980 41.725 188.254 0.889
278.594 163.803 42.834 224.305 0.878
311.671 156.335 30.539 217.522 0.876
279.630 155.964 40.625 224.761 0.870
312.809 155.538 27.968 188.553 0.770
333.239 161.254 47.484 209.088 0.752
216.925 171.211 18.253 93.087 0.704
120.469 175.363 7.668 29.888 0.605
332.821 175.707 50.147 201.515 0.555
183.644 161.833 34.994 118.950 0.537
0.000 0.000 0.000 0.000 0.468
