174.828 156.990 22.363 112.312 0.997
302.562 165.348 30.390 133.171 0.991
233.270 160.225 35.140 208.224 0.956
144.650 172.699 25.484 109.299 0.949
262.143 166.721 42.991 225.755 0.942
42.569 203.591 29.726 51.482 0.901
302.840 167.092 27.570 130.508 0.900
263.743 162.372 41.130 209.627 0.843
76.849 141.746 83.004 267.006 0.818
231.644 172.401 36.898 206.395 0.773
303.191 161.920 35.578 143.634 0.730
365.053 169.527 21.363 62.335 0.719
234.607 161.885 34.246 180.748 0.659
144.801 172.352 20.880 95.552 0.572
80.069 177.430 12.126 42.017 0.555
397.830 148.847 17.005 103.393 0.540
44.540 198.357 26.240 47.811 0.508
139.708 167.841 34.793 119.951 0.506
151.355 171.409 19.919 110.833 0.505
0.000 0.000 0.000 0.000 0.489
