110.231 156.143 32.068 140.690 0.996
34.783 172.209 42.502 142.623 0.995
108.997 149.490 33.604 144.699 0.992
36.156 167.053 39.725 142.104 0.986
111.933 155.544 34.226 142.695 0.983
109.840 148.473 38.849 146.500 0.966
203.885 166.521 35.420 188.117 0.958
66.951 169.389 21.822 118.142 0.934
232.559 165.086 54.365 223.083 0.924
70.266 165.970 22.093 122.318 0.923
1.103 178.239 33.091 133.383 0.870
204.207 161.892 34.746 183.022 0.858
235.760 165.416 52.625 200.799 0.848
158.891 181.364 8.038 45.426 0.773
150.242 182.749 8.860 42.817 0.762
0.544 170.095 28.800 146.962 0.744
1.027 155.764 26.832 160.010 0.671
363.119 167.603 23.279 61.444 0.603
205.924 162.432 39.360 197.953 0.555
112.505 159.718 25.920 136.673 0.531
0.000 0.000 0.000 0.000 0.481
