80.164 152.330 36.001 156.246 0.994
22.678 166.841 38.192 135.719 0.978
77.566 152.391 34.499 156.393 0.971
0.247 166.767 35.746 163.844 0.955
196.601 159.522 35.132 202.412 0.953
158.398 181.583 10.584 46.702 0.920
78.425 143.339 40.263 158.142 0.880
1.148 164.034 27.803 170.259 0.849
229.226 150.384 47.564 250.555 0.845
227.453 158.807 14.699 85.535 0.786
21.740 177.511 39.461 129.917 0.754
195.766 154.199 34.491 198.207 0.731
232.321 160.276 53.613 231.707 0.712
0.639 190.363 34.880 139.709 0.679
229.885 146.268 44.518 240.831 0.639
121.901 178.452 4.127 18.588 0.636
26.842 176.828 27.553 115.231 0.613
363.162 167.460 22.976 63.279 0.593
237.060 167.946 49.946 195.289 0.572
149.182 183.065 10.344 44.754 0.553
328.530 168.686 9.769 40.250 0.538
0.000 0.000 0.000 0.000 0.478
