356.616 163.993 39.651 128.813 0.997
292.201 169.570 35.825 148.606 0.992
144.646 171.199 18.792 70.280 0.965
145.368 176.350 18.261 67.171 0.962
293.049 166.584 32.636 142.960 0.959
356.289 155.617 38.469 132.981 0.935
169.701 174.286 38.109 174.997 0.927
206.441 167.713 46.338 219.933 0.905
109.259 174.384 10.253 42.514 0.886
211.081 166.392 41.436 199.636 0.783
248.448 167.799 7.210 42.575 0.722
121.399 176.470 5.894 22.867 0.679
198.839 164.158 43.730 227.027 0.643
396.629 176.619 17.371 76.071 0.640
241.728 169.996 8.780 39.182 0.640
174.885 168.968 38.555 188.418 0.607
85.960 177.570 10.281 41.032 0.549
129.178 177.912 5.245 20.519 0.529
168.876 165.957 38.500 174.754 0.511
0.000 0.000 0.000 0.000 0.493
