300.096 158.511 20.669 116.895 0.998
342.695 167.945 44.225 163.947 0.968
349.056 163.945 40.871 172.141 0.956
162.290 175.501 19.181 70.720 0.874
252.642 168.547 9.702 44.218 0.872
215.214 163.208 41.770 227.748 0.872
182.856 168.309 36.912 186.222 0.863
341.203 183.674 46.594 152.344 0.848
252.596 172.339 9.922 41.251 0.780
161.684 174.666 17.638 62.167 0.768
214.608 153.473 41.246 226.961 0.750
121.840 177.659 5.700 20.495 0.725
109.767 174.934 9.339 40.982 0.709
181.843 161.374 38.721 181.532 0.641
148.983 181.166 11.689 46.825 0.597
301.338 177.043 19.573 98.439 0.595
136.411 176.438 5.497 22.235 0.517
0.000 0.000 0.000 0.000 0.488
