169.513 169.974 27.829 92.492 0.995
142.226 176.286 11.121 41.550 0.968
213.722 172.153 26.771 108.244 0.952
316.144 154.912 50.146 255.635 0.883
209.714 170.297 35.393 110.984 0.870
310.404 154.259 45.719 256.925 0.866
339.460 152.744 40.240 253.084 0.859
194.155 168.351 22.024 97.125 0.850
342.803 142.109 38.095 251.534 0.832
373.883 165.422 41.176 224.654 0.821
208.990 165.763 38.025 112.065 0.793
153.315 177.116 8.041 32.266 0.778
236.666 172.566 16.521 86.405 0.777
216.535 173.543 25.078 94.174 0.692
374.807 156.128 40.435 219.306 0.684
310.321 166.491 46.292 248.547 0.653
120.087 174.295 7.805 31.701 0.616
336.888 151.163 79.972 257.866 0.612
153.680 174.822 7.779 32.347 0.603
79.521 180.858 12.306 42.078 0.592
79.901 178.840 11.763 40.017 0.523
142.093 181.501 11.264 38.941 0.518
313.443 164.658 53.378 251.887 0.508
164.754 164.826 40.436 100.829 0.505
0.000 0.000 0.000 0.000 0.443
