321.225 156.235 40.937 158.522 0.995
124.704 169.863 26.360 103.166 0.993
124.634 176.508 26.858 98.327 0.919
101.894 171.273 24.651 111.850 0.881
93.033 170.175 34.581 114.382 0.825
319.717 168.529 47.485 147.374 0.822
156.793 176.028 9.981 44.375 0.821
345.057 160.492 38.428 146.572 0.797
351.940 162.238 35.971 141.270 0.796
271.108 170.161 8.332 38.236 0.752
302.614 161.702 10.870 56.065 0.641
156.705 178.694 8.972 45.567 0.619
97.190 169.305 34.557 114.750 0.578
236.058 170.585 11.059 46.990 0.552
236.758 168.128 10.736 44.869 0.528
0.000 0.000 0.000 0.000 0.492
