156.647 164.708 27.391 107.715 0.989
95.832 171.470 27.009 114.470 0.980
154.279 159.580 35.341 116.795 0.969
124.221 169.728 26.649 118.532 0.932
279.288 165.644 35.962 131.449 0.895
167.290 157.444 21.600 116.044 0.860
92.664 168.872 33.165 116.162 0.855
118.879 165.732 35.211 124.124 0.824
70.957 190.873 22.977 55.964 0.750
362.606 169.091 24.118 63.742 0.717
193.519 145.356 99.322 254.063 0.690
263.625 161.786 34.604 144.741 0.679
160.338 151.253 34.100 128.801 0.627
283.542 175.191 27.598 110.837 0.598
96.267 165.303 37.482 123.925 0.519
126.472 177.257 23.800 80.030 0.506
0.000 0.000 0.000 0.000 0.431
