168.397 166.227 30.941 137.144 0.977
201.100 171.398 22.730 116.089 0.974
126.676 159.811 45.094 202.063 0.971
249.299 172.402 11.505 41.487 0.955
171.055 166.035 25.590 136.051 0.955
217.016 164.844 19.085 105.589 0.924
249.146 169.733 10.769 42.736 0.894
129.892 159.335 42.664 182.489 0.887
123.067 175.699 13.022 58.239 0.831
109.244 175.331 10.330 40.900 0.802
103.163 176.314 9.156 41.122 0.582
206.785 172.224 19.227 96.826 0.520
167.176 163.454 31.719 156.025 0.514
250.450 174.337 12.010 38.104 0.510
0.000 0.000 0.000 0.000 0.350
