69.884 168.457 35.966 136.490 0.994
24.928 166.659 42.141 137.972 0.981
230.580 155.824 56.817 240.470 0.978
25.887 167.367 47.271 136.749 0.968
130.099 155.335 33.269 129.665 0.938
100.271 177.769 18.565 104.002 0.925
230.944 166.671 45.371 220.319 0.922
209.416 162.598 32.774 197.342 0.918
156.420 173.832 9.841 61.161 0.909
69.240 173.105 36.199 135.813 0.895
208.909 161.406 33.960 180.613 0.883
233.183 159.705 57.689 216.076 0.874
203.932 159.611 36.602 183.819 0.832
197.083 168.458 11.230 70.302 0.817
136.186 171.743 22.840 110.805 0.815
206.105 164.485 33.012 193.783 0.802
138.511 160.829 20.803 115.906 0.783
27.090 175.807 38.866 131.470 0.751
125.645 154.333 33.093 130.899 0.743
362.982 167.179 22.991 65.030 0.729
194.641 169.173 15.732 65.339 0.617
270.188 171.935 8.380 33.932 0.589
121.968 176.985 4.939 20.245 0.558
127.225 177.552 5.812 18.776 0.545
27.062 175.286 45.496 133.377 0.522
0.000 0.000 0.000 0.000 0.493
