175.251 162.527 29.198 146.897 0.982
205.975 171.497 27.957 122.118 0.963
202.944 170.260 34.307 122.551 0.950
122.079 168.663 16.411 70.422 0.940
174.897 162.972 29.840 158.988 0.932
133.580 159.035 46.239 207.103 0.894
109.061 174.019 10.480 43.466 0.853
123.698 171.315 12.937 66.358 0.792
248.228 173.792 10.766 38.728 0.773
248.937 169.887 9.371 41.870 0.739
175.284 168.841 26.485 130.629 0.647
223.313 168.204 19.166 101.831 0.617
98.155 178.385 8.447 37.014 0.568
252.408 173.508 9.966 39.153 0.516
0.000 0.000 0.000 0.000 0.406
