265.880 163.540 38.291 148.107 0.995
264.980 170.392 40.552 143.937 0.992
140.340 173.398 16.906 72.858 0.987
166.678 166.973 35.486 166.588 0.967
140.315 170.906 16.556 72.052 0.922
363.312 169.113 23.515 68.825 0.897
109.527 173.807 10.236 43.624 0.873
196.326 175.866 46.435 176.023 0.849
195.494 180.426 48.294 196.473 0.830
268.738 165.315 40.809 142.099 0.798
266.718 173.128 44.286 139.387 0.757
129.212 178.543 5.399 21.341 0.753
199.735 166.756 39.945 166.485 0.728
398.791 173.001 17.758 119.274 0.718
88.100 181.640 11.178 40.310 0.696
239.803 167.770 9.353 45.071 0.691
239.042 170.329 9.577 47.824 0.670
89.001 177.125 10.151 43.616 0.662
156.978 182.196 10.255 46.075 0.643
122.235 177.279 5.797 23.165 0.640
168.246 173.997 35.589 167.832 0.629
196.118 200.611 48.240 189.200 0.554
400.963 192.479 15.533 109.390 0.514
0.000 0.000 0.000 0.000 0.384
