217.314 169.105 37.232 127.046 0.993
185.920 163.833 31.747 145.649 0.984
125.444 170.531 17.799 70.344 0.980
126.649 176.606 18.414 65.156 0.951
108.584 174.561 11.236 43.421 0.930
185.307 162.640 32.341 158.504 0.848
221.227 177.462 28.721 112.729 0.838
257.708 171.497 10.206 43.371 0.766
144.662 159.132 42.495 212.362 0.752
126.560 180.207 15.387 58.436 0.693
256.759 168.383 9.576 43.947 0.623
222.813 164.905 37.149 129.875 0.612
94.293 184.820 11.108 36.491 0.594
217.949 182.110 37.422 118.578 0.514
127.162 176.078 13.711 58.125 0.503
0.000 0.000 0.000 0.000 0.466
