98.065 156.271 32.175 144.656 0.993
51.776 165.850 34.278 128.073 0.986
22.579 163.651 34.959 158.852 0.982
22.063 166.213 35.208 144.195 0.959
202.127 160.548 35.293 200.720 0.949
93.906 155.805 33.857 145.053 0.924
232.939 152.010 52.465 248.022 0.910
202.436 157.496 35.003 190.354 0.897
97.215 149.281 35.862 144.791 0.891
236.950 157.192 49.539 216.107 0.848
54.197 171.046 29.383 119.286 0.797
159.093 183.074 8.885 43.423 0.638
78.891 181.949 14.270 41.407 0.628
272.361 170.750 8.719 37.731 0.522
232.932 148.153 39.595 235.807 0.518
230.968 157.690 44.172 236.799 0.513
0.000 0.000 0.000 0.000 0.454
