165.919 168.160 24.002 96.424 0.997
306.585 161.735 46.608 238.242 0.984
191.435 161.760 23.332 107.085 0.973
163.644 169.941 23.847 91.530 0.967
234.788 176.446 17.531 84.524 0.958
207.776 175.369 26.281 101.434 0.923
208.316 168.921 24.883 103.892 0.919
334.421 148.135 82.738 260.880 0.860
144.284 174.921 9.571 41.067 0.843
199.518 161.634 36.862 118.227 0.783
303.998 183.852 50.437 213.695 0.733
308.615 154.205 38.178 226.863 0.722
120.161 174.403 7.708 31.666 0.705
320.507 160.621 46.064 239.792 0.654
340.102 144.223 34.059 244.459 0.637
1.252 203.540 20.522 92.225 0.619
365.592 184.514 47.957 187.530 0.608
152.852 174.658 8.201 39.059 0.560
339.861 159.720 34.634 238.819 0.525
0.000 0.000 0.000 0.000 0.480
