158.418 167.463 23.946 100.837 0.996
290.144 167.731 49.504 227.266 0.988
226.576 171.935 20.774 91.706 0.973
190.045 160.880 19.427 109.552 0.971
202.837 174.976 25.029 104.574 0.956
326.494 147.860 83.886 263.691 0.939
3.758 191.589 34.109 85.325 0.868
286.631 187.246 54.668 206.201 0.865
150.526 175.179 9.676 44.193 0.857
391.888 146.470 23.903 206.858 0.797
120.194 174.078 7.757 32.409 0.756
206.167 173.861 22.671 93.173 0.741
392.764 152.457 22.784 220.231 0.731
138.366 176.956 7.596 33.160 0.611
295.257 159.258 41.494 218.070 0.591
1.714 197.440 45.964 99.809 0.532
195.187 171.432 39.287 110.564 0.504
0.000 0.000 0.000 0.000 0.497
