164.788 168.288 29.253 132.672 0.976
188.734 171.107 29.096 114.905 0.972
166.625 168.689 25.467 128.886 0.965
249.215 171.922 11.974 42.445 0.931
186.829 170.259 34.577 117.431 0.914
115.407 172.867 51.927 156.222 0.881
121.405 162.382 50.100 176.196 0.877
114.148 170.523 54.590 177.571 0.850
249.320 169.454 10.845 42.893 0.817
250.304 174.458 12.524 38.189 0.816
120.781 159.000 50.472 200.380 0.808
209.784 169.047 19.095 100.249 0.732
110.064 176.199 8.683 40.106 0.682
103.596 176.058 8.580 40.412 0.622
0.000 0.000 0.000 0.000 0.486
