99.393 168.892 31.209 126.668 0.964
391.294 156.131 24.372 176.982 0.954
103.294 170.539 25.120 124.010 0.949
136.750 171.718 23.560 92.372 0.921
130.578 167.825 23.609 105.764 0.914
391.335 148.651 24.766 176.286 0.906
273.136 168.278 8.013 41.294 0.779
326.704 168.866 10.003 43.341 0.724
94.365 172.741 33.291 124.335 0.720
129.298 179.525 25.867 93.280 0.643
134.194 180.972 23.965 93.432 0.587
325.532 171.194 9.736 43.663 0.585
363.804 168.443 22.668 64.546 0.508
0.000 0.000 0.000 0.000 0.497
