171.991 168.945 25.867 95.028 0.994
318.402 158.730 50.191 247.823 0.975
141.501 174.690 10.584 41.837 0.965
372.341 151.046 43.094 257.497 0.957
217.535 173.049 26.734 106.231 0.940
218.455 171.803 25.767 98.726 0.885
199.251 163.280 22.339 105.457 0.870
315.502 182.987 55.784 216.085 0.862
212.282 165.845 38.038 111.185 0.848
153.219 173.490 8.833 35.291 0.844
153.703 176.148 8.835 33.397 0.811
337.499 158.252 43.325 243.790 0.800
196.590 165.131 20.516 99.543 0.763
238.423 168.844 16.197 92.416 0.738
211.995 171.066 37.419 109.575 0.709
374.133 148.812 41.762 238.638 0.661
371.798 160.294 43.626 262.865 0.574
119.445 175.054 8.021 31.103 0.519
0.000 0.000 0.000 0.000 0.481
