160.908 164.968 22.425 122.523 0.997
129.928 161.807 20.097 112.211 0.996
326.018 162.313 27.178 144.141 0.988
182.853 162.966 23.215 102.169 0.982
326.918 163.297 23.767 142.631 0.969
245.534 153.613 40.758 227.372 0.952
131.244 180.316 18.767 92.122 0.926
160.793 163.558 21.104 117.232 0.919
97.785 182.603 19.540 70.533 0.873
1.666 145.659 77.922 269.696 0.856
286.314 184.386 49.875 190.422 0.818
244.467 170.278 43.221 208.602 0.782
181.140 160.709 17.550 112.457 0.781
286.020 168.286 47.032 196.636 0.698
365.601 168.026 20.914 59.044 0.652
82.068 186.086 19.247 63.294 0.584
119.294 173.392 7.806 31.104 0.564
287.602 160.347 45.664 176.700 0.504
0.000 0.000 0.000 0.000 0.478
