163.508 167.446 20.669 96.574 0.995
298.815 157.993 50.987 247.207 0.977
190.847 162.478 21.039 106.279 0.962
204.730 173.267 26.387 105.985 0.939
329.089 150.279 84.057 260.214 0.932
291.872 159.516 50.339 240.920 0.894
206.186 171.554 25.245 98.574 0.880
196.679 162.254 38.852 117.217 0.855
150.050 173.321 8.690 45.941 0.831
232.507 172.061 17.670 89.319 0.791
119.953 174.681 7.735 31.141 0.728
228.397 172.885 19.756 89.672 0.724
350.187 173.256 54.851 212.102 0.695
295.752 185.548 56.149 210.857 0.660
330.812 161.500 82.696 258.104 0.638
305.596 147.418 40.905 240.840 0.619
196.847 172.404 38.142 106.838 0.595
0.800 198.549 24.219 95.206 0.570
327.332 167.437 37.671 223.294 0.520
329.246 146.909 34.369 239.646 0.518
0.000 0.000 0.000 0.000 0.487
