242.891 171.435 21.858 129.883 0.981
197.636 156.686 29.089 176.767 0.975
128.760 169.041 18.159 71.820 0.966
196.876 161.211 30.380 152.414 0.952
238.218 166.970 30.655 139.102 0.946
109.377 174.397 10.853 43.045 0.877
129.953 176.319 18.503 66.044 0.826
241.647 178.509 23.735 126.816 0.807
238.135 173.420 30.911 136.365 0.689
122.230 176.820 5.872 23.416 0.688
131.491 176.266 13.719 57.621 0.628
252.207 166.313 18.443 132.216 0.621
92.499 184.141 10.962 36.747 0.564
243.999 160.766 28.135 145.668 0.531
131.966 179.559 13.713 60.188 0.516
0.000 0.000 0.000 0.000 0.499
