52.595 161.774 45.548 148.529 0.993
228.414 150.320 45.656 231.912 0.967
52.097 166.466 47.138 151.499 0.965
228.537 156.286 46.000 238.057 0.935
192.467 162.632 38.396 198.156 0.928
3.303 164.193 27.685 143.513 0.922
1.606 161.017 26.426 148.584 0.897
158.572 181.216 10.679 45.923 0.897
1.125 171.425 22.703 125.818 0.823
321.983 166.634 9.993 44.522 0.749
104.274 175.607 10.572 41.569 0.693
121.610 177.648 5.366 19.626 0.665
362.871 168.768 22.731 63.302 0.642
325.772 166.915 9.712 43.051 0.625
56.730 162.503 48.018 145.048 0.540
192.327 147.860 40.472 211.020 0.540
4.875 170.772 24.437 129.951 0.512
0.000 0.000 0.000 0.000 0.492
