155.125 157.647 26.587 123.635 0.994
326.677 127.533 90.025 285.153 0.978
150.973 156.149 33.257 124.916 0.971
109.046 166.395 32.970 125.635 0.969
114.198 168.547 31.944 121.149 0.962
140.491 172.619 18.204 82.505 0.962
81.703 175.559 24.870 81.109 0.936
112.698 173.951 26.714 112.546 0.932
225.630 159.476 48.726 233.220 0.914
156.464 173.287 25.498 106.782 0.890
117.557 168.240 24.982 121.047 0.882
225.887 144.752 46.828 245.954 0.827
81.522 186.877 25.402 85.798 0.818
181.611 168.252 11.065 57.687 0.780
271.047 168.958 22.063 97.613 0.763
212.609 164.572 28.968 200.764 0.760
259.922 122.156 153.302 302.231 0.687
87.377 171.737 21.472 84.618 0.607
326.501 109.141 90.090 272.546 0.516
141.149 172.491 17.724 66.906 0.502
0.000 0.000 0.000 0.000 0.482
