73.382 157.365 29.473 149.524 0.995
17.547 169.791 39.942 132.942 0.988
0.232 166.843 15.699 167.019 0.951
194.734 158.652 38.359 203.289 0.939
17.422 180.750 41.644 122.383 0.919
227.681 141.891 48.388 247.646 0.882
158.582 181.075 9.694 47.031 0.850
227.966 147.170 49.538 256.231 0.829
76.958 159.861 23.677 142.335 0.798
70.885 149.843 33.866 143.761 0.763
0.117 180.445 15.728 157.503 0.758
327.727 168.396 9.977 41.830 0.745
-1.619 151.682 22.817 195.564 0.737
194.554 151.948 38.509 202.636 0.724
121.714 177.460 4.686 20.088 0.640
71.424 166.812 33.704 149.670 0.596
233.289 162.082 52.462 227.542 0.528
236.851 162.056 49.572 206.534 0.521
0.000 0.000 0.000 0.000 0.472
