163.635 166.832 23.070 93.795 0.996
301.732 157.292 48.439 250.087 0.985
232.815 173.932 18.217 87.758 0.948
165.915 167.675 22.329 94.944 0.945
206.356 173.389 25.743 105.705 0.940
190.502 161.205 22.083 109.904 0.931
333.212 147.990 82.179 265.135 0.920
207.012 169.361 25.072 103.395 0.902
298.175 185.109 54.513 212.222 0.888
197.691 161.424 37.347 118.470 0.772
1.221 201.797 22.407 88.120 0.735
120.107 174.638 7.785 31.019 0.682
351.436 163.037 56.019 232.533 0.667
144.368 175.918 9.489 39.619 0.605
306.707 157.526 39.059 220.688 0.569
152.296 174.427 7.775 42.640 0.530
254.001 168.911 8.358 35.944 0.506
0.000 0.000 0.000 0.000 0.467
