142.019 165.942 23.400 106.905 0.995
175.633 178.045 28.676 99.236 0.990
204.979 167.551 24.295 93.325 0.986
260.469 166.842 48.496 222.780 0.969
181.051 173.716 22.856 109.459 0.937
294.456 160.421 79.889 243.431 0.936
56.369 188.500 31.689 80.733 0.912
264.551 161.600 51.152 235.740 0.867
355.162 159.578 32.275 145.645 0.842
320.435 172.323 49.614 213.604 0.708
58.564 185.907 28.157 68.997 0.704
236.842 165.081 12.019 65.194 0.687
120.392 174.628 8.223 29.724 0.680
354.846 156.407 32.347 178.549 0.670
170.481 172.888 36.487 108.835 0.666
298.408 165.275 75.334 251.944 0.626
142.426 177.899 22.479 96.058 0.618
266.768 161.787 38.247 215.179 0.595
300.776 124.521 54.791 312.769 0.590
298.665 151.273 58.643 283.177 0.516
254.255 170.895 8.546 33.399 0.504
0.000 0.000 0.000 0.000 0.451
