163.779 168.033 22.079 92.810 0.995
300.275 157.009 49.385 250.243 0.983
205.544 173.407 26.763 106.014 0.952
190.478 162.668 21.499 106.461 0.926
332.325 145.265 82.640 269.730 0.922
232.257 171.614 18.739 90.644 0.898
206.891 173.367 25.396 95.539 0.848
165.460 168.914 23.057 93.346 0.843
297.071 184.462 54.908 212.981 0.825
292.510 158.195 49.338 244.096 0.779
196.919 163.336 39.121 115.824 0.770
-0.760 185.692 24.115 97.951 0.729
351.214 170.075 54.136 216.584 0.715
119.875 175.102 7.738 30.360 0.653
151.738 173.797 7.889 43.726 0.630
0.628 198.818 22.187 94.308 0.613
197.735 173.795 38.056 104.538 0.606
306.534 152.699 39.769 229.925 0.565
144.733 176.013 8.267 38.389 0.561
227.398 172.494 20.207 91.131 0.541
0.000 0.000 0.000 0.000 0.494
