238.824 162.145 23.132 102.975 0.982
269.545 170.279 23.424 99.640 0.958
218.096 174.380 19.409 76.470 0.945
157.015 174.119 8.946 39.567 0.907
134.794 176.208 7.764 37.055 0.871
260.687 167.795 16.616 91.924 0.846
268.724 178.856 24.045 94.586 0.773
118.708 177.565 9.295 31.165 0.684
79.247 181.816 12.196 41.944 0.684
119.032 173.699 9.504 33.744 0.678
218.859 167.853 18.897 74.802 0.665
238.634 163.417 18.757 82.848 0.614
151.726 182.682 4.703 23.295 0.536
143.418 178.484 7.897 35.162 0.529
0.000 0.000 0.000 0.000 0.476
