134.103 166.538 22.057 96.140 0.997
130.028 169.097 26.768 91.260 0.991
332.605 156.467 46.404 162.059 0.990
333.539 162.475 45.849 161.254 0.972
191.128 167.842 23.003 94.930 0.948
166.022 168.706 24.293 114.005 0.943
171.446 164.372 21.899 111.942 0.893
291.315 169.326 49.969 222.297 0.875
332.565 153.547 36.290 163.516 0.864
253.465 168.845 43.314 218.090 0.829
249.583 170.508 41.141 212.047 0.752
290.371 189.918 52.727 206.233 0.722
330.418 159.836 39.740 167.822 0.692
87.548 187.208 21.054 64.470 0.674
254.788 154.173 39.469 228.771 0.634
121.536 177.323 5.763 23.999 0.572
251.950 159.485 36.815 217.263 0.567
119.059 174.785 8.433 29.087 0.566
163.060 159.725 35.223 121.090 0.564
297.055 158.352 48.953 245.928 0.555
161.433 175.748 27.132 99.821 0.553
2.373 163.399 42.391 233.129 0.525
161.555 171.500 8.570 32.436 0.508
0.000 0.000 0.000 0.000 0.495
