210.915 159.857 40.517 238.977 0.980
153.225 177.154 18.432 73.319 0.977
175.265 165.859 39.658 190.962 0.971
108.990 174.160 10.833 43.040 0.894
311.772 166.247 38.523 159.925 0.879
312.000 156.595 36.026 158.024 0.799
84.416 175.692 11.769 44.912 0.782
121.488 176.707 5.803 22.988 0.764
213.323 161.065 38.414 211.514 0.745
172.121 169.778 37.293 182.781 0.723
238.953 167.578 15.894 66.801 0.694
210.491 179.961 41.102 221.186 0.690
175.450 159.380 39.307 187.978 0.685
363.212 168.278 23.351 61.777 0.662
289.901 169.627 7.137 40.672 0.629
248.938 168.379 8.785 39.714 0.612
319.085 165.850 41.486 161.108 0.577
137.342 176.319 5.221 22.208 0.501
0.000 0.000 0.000 0.000 0.492
