86.466 154.389 40.251 151.444 0.994
4.646 164.555 44.966 160.559 0.993
46.243 166.105 22.546 130.991 0.973
200.319 161.156 35.053 199.207 0.951
232.870 149.109 52.746 254.602 0.879
87.073 154.044 38.957 136.387 0.838
6.403 167.957 41.827 139.557 0.826
158.350 184.061 10.424 43.142 0.751
199.683 150.766 35.679 204.126 0.742
230.063 152.335 45.265 247.285 0.731
121.785 176.728 5.640 19.974 0.669
235.580 158.877 50.821 213.616 0.658
231.937 147.097 41.493 238.590 0.646
159.031 190.573 10.084 41.643 0.599
148.539 184.541 10.983 41.727 0.566
12.251 166.408 41.795 155.926 0.549
363.700 168.179 22.365 64.122 0.513
0.000 0.000 0.000 0.000 0.493
