172.440 170.855 25.610 92.016 0.992
141.564 174.626 10.363 41.511 0.968
372.796 147.058 43.029 266.153 0.967
218.710 173.459 28.116 105.611 0.956
319.011 161.364 47.333 243.386 0.945
213.253 164.915 37.335 113.453 0.903
316.104 178.562 53.529 224.934 0.889
200.144 166.533 23.014 100.817 0.885
219.026 171.650 26.597 98.967 0.884
153.423 173.667 8.323 34.662 0.830
213.020 171.514 36.994 109.072 0.827
153.789 176.107 8.686 33.440 0.730
375.342 144.655 40.006 247.305 0.691
371.720 156.299 44.329 270.631 0.616
340.188 168.060 42.652 225.417 0.571
343.516 153.682 40.220 227.036 0.538
0.000 0.000 0.000 0.000 0.462
