228.944 148.387 41.450 233.889 0.954
379.026 157.062 35.479 176.447 0.912
105.029 174.541 11.158 42.980 0.909
225.393 148.113 45.354 255.326 0.898
312.423 168.573 11.397 42.972 0.883
16.270 161.690 48.668 162.585 0.833
79.399 179.760 12.246 43.943 0.807
19.826 156.579 42.028 159.407 0.804
158.065 181.194 10.333 46.816 0.797
184.131 168.637 42.097 188.015 0.757
266.160 172.015 21.380 87.841 0.755
79.420 178.572 11.858 39.781 0.718
178.754 171.572 17.392 84.576 0.690
312.349 173.513 11.496 39.709 0.684
377.075 149.833 38.341 174.293 0.679
188.780 163.764 43.865 200.834 0.678
387.817 154.100 27.675 185.917 0.648
107.701 175.130 9.956 43.012 0.542
120.943 178.711 5.603 19.980 0.526
0.000 0.000 0.000 0.000 0.482
