234.620 167.528 21.547 96.692 0.979
257.165 170.935 24.079 94.440 0.977
262.525 167.078 22.956 104.937 0.969
135.861 176.878 8.027 37.237 0.900
155.836 172.831 9.874 41.098 0.891
363.988 115.415 50.430 328.889 0.850
344.442 144.620 71.718 265.728 0.740
126.467 177.397 7.817 31.000 0.681
211.413 170.286 22.340 83.581 0.606
126.063 174.938 7.918 32.081 0.595
216.041 169.248 21.385 87.819 0.584
363.548 157.538 51.261 269.572 0.566
118.820 177.939 8.965 30.454 0.553
154.547 175.156 7.625 37.138 0.545
0.000 0.000 0.000 0.000 0.471
