128.264 165.319 27.009 112.015 0.994
350.994 159.827 49.905 166.269 0.993
350.356 158.041 46.967 159.241 0.987
103.135 167.322 25.588 123.105 0.950
98.826 167.401 32.023 122.677 0.943
127.482 174.172 26.708 103.200 0.887
93.736 169.121 34.537 123.077 0.813
271.100 168.980 8.053 40.723 0.786
122.964 167.319 35.454 108.492 0.694
318.083 166.690 9.135 46.913 0.556
314.966 164.469 8.209 48.229 0.547
157.110 176.000 8.804 44.656 0.541
151.974 181.348 10.376 43.893 0.521
0.000 0.000 0.000 0.000 0.463
