54.272 158.287 44.468 156.325 0.990
53.363 169.933 45.364 144.340 0.977
3.465 166.169 29.112 140.628 0.972
192.481 161.144 38.800 201.332 0.959
229.078 148.029 44.448 237.166 0.924
228.702 155.880 46.042 239.802 0.922
158.461 181.262 11.185 46.930 0.877
324.711 166.027 11.222 45.323 0.801
58.918 159.812 44.044 152.136 0.735
121.307 177.495 5.737 19.999 0.690
3.358 175.096 29.071 132.858 0.682
5.570 176.339 25.551 119.058 0.665
4.785 182.720 26.773 119.213 0.651
192.865 147.833 39.548 211.450 0.607
104.176 175.032 10.690 41.788 0.603
363.054 167.875 22.813 65.665 0.540
0.000 0.000 0.000 0.000 0.410
