149.009 164.722 20.321 104.094 0.997
190.225 158.907 21.757 124.434 0.975
150.961 161.292 19.166 113.045 0.974
189.175 169.725 21.582 112.088 0.966
366.138 154.232 44.552 192.654 0.962
363.297 161.229 49.574 197.633 0.928
278.641 153.609 38.439 228.755 0.882
209.262 168.704 24.363 95.397 0.869
310.758 156.196 27.884 220.399 0.838
276.506 163.554 42.316 223.772 0.807
45.336 187.066 26.478 86.562 0.781
365.150 159.982 45.464 152.742 0.768
182.475 156.947 33.856 126.046 0.767
360.777 155.237 42.583 190.807 0.724
213.236 169.331 23.911 94.257 0.719
311.588 156.472 26.198 190.675 0.641
120.004 174.939 7.902 30.194 0.640
357.131 166.326 48.129 191.569 0.570
233.013 168.538 19.155 58.172 0.564
326.492 156.087 41.057 218.924 0.549
330.544 163.306 50.969 200.048 0.518
0.000 0.000 0.000 0.000 0.484
