64.575 171.453 38.477 119.659 0.999
151.303 155.407 25.338 130.481 0.977
104.116 172.587 24.704 120.694 0.973
148.065 155.263 31.830 129.150 0.968
100.548 169.796 33.025 123.974 0.968
61.296 170.625 36.254 119.849 0.949
152.315 169.928 23.815 112.412 0.922
223.964 148.351 53.277 235.025 0.915
129.460 172.729 21.943 92.374 0.886
129.716 178.536 23.167 98.349 0.824
223.839 166.404 52.514 218.375 0.819
69.310 177.398 30.929 105.539 0.712
210.871 168.323 33.162 190.771 0.687
243.536 166.973 40.543 195.002 0.616
249.243 157.068 36.271 184.327 0.557
363.209 168.054 23.190 61.469 0.526
0.000 0.000 0.000 0.000 0.495
