65.099 156.003 35.174 158.309 0.984
8.781 169.404 33.469 131.248 0.982
193.808 157.384 37.900 207.177 0.954
228.162 140.235 47.085 251.713 0.905
228.899 151.000 47.128 248.705 0.866
61.207 160.333 35.513 147.295 0.806
325.130 165.145 10.711 47.295 0.778
194.481 150.411 38.283 206.432 0.768
11.529 176.137 28.311 116.540 0.767
157.988 182.631 11.030 44.432 0.763
121.375 177.321 5.018 19.793 0.713
64.636 167.764 35.792 147.890 0.648
363.195 167.929 22.568 64.998 0.623
240.068 157.932 45.010 213.439 0.582
0.000 0.000 0.000 0.000 0.487
