190.309 166.853 22.485 94.902 0.995
234.768 168.743 26.625 104.299 0.975
234.877 170.380 26.814 110.582 0.938
230.058 162.406 35.141 116.513 0.913
153.512 172.443 8.696 36.519 0.912
209.254 166.803 26.694 94.120 0.910
335.252 162.740 78.572 243.381 0.873
344.728 158.084 60.270 252.290 0.870
342.836 161.575 61.705 258.036 0.867
213.908 164.157 24.790 100.449 0.854
137.800 178.683 10.414 38.155 0.822
141.191 177.879 8.999 38.299 0.769
118.381 173.605 8.814 32.743 0.709
367.904 152.031 45.761 259.447 0.684
126.082 174.615 8.099 31.460 0.641
334.906 163.993 77.586 252.590 0.619
153.022 175.766 9.393 34.083 0.618
340.283 167.181 50.506 232.969 0.577
337.337 170.936 55.492 241.095 0.561
229.563 168.484 34.766 113.906 0.542
88.123 176.419 12.462 43.719 0.525
79.174 184.822 12.991 36.975 0.511
0.000 0.000 0.000 0.000 0.363
