303.481 165.212 27.025 105.052 0.985
333.632 167.491 47.909 160.847 0.966
212.835 162.982 44.987 231.098 0.929
182.921 163.682 35.185 196.152 0.917
161.405 173.383 17.375 74.049 0.916
109.124 175.532 9.931 41.479 0.852
160.948 171.003 16.454 70.500 0.829
251.542 166.784 10.726 47.516 0.805
298.732 161.686 36.683 111.971 0.799
330.861 180.677 52.267 156.087 0.769
121.716 177.775 5.789 21.303 0.759
182.256 161.380 36.699 180.568 0.691
302.812 177.248 30.475 97.088 0.680
335.667 163.757 44.142 145.391 0.634
297.694 166.598 10.265 44.044 0.632
212.817 150.648 44.780 232.469 0.595
249.011 166.512 11.770 48.736 0.581
333.884 160.739 15.753 87.657 0.572
149.164 182.286 11.300 46.618 0.556
128.433 177.413 5.018 20.108 0.551
251.520 171.148 10.547 43.380 0.509
333.143 169.866 16.924 83.047 0.504
397.873 152.971 16.705 97.026 0.504
0.000 0.000 0.000 0.000 0.493
