85.028 156.079 38.548 150.707 0.995
0.844 166.046 45.727 162.523 0.995
42.990 164.618 20.557 134.147 0.987
199.432 161.774 35.131 196.484 0.934
232.393 150.052 53.862 252.120 0.830
84.570 153.705 37.606 137.411 0.749
158.797 184.233 10.153 43.217 0.747
3.719 167.956 40.646 139.976 0.706
159.233 189.833 10.239 42.681 0.704
198.699 151.585 35.661 202.569 0.674
235.130 159.102 52.014 212.166 0.666
230.890 144.750 43.447 242.186 0.629
270.145 171.561 9.603 36.806 0.625
38.590 160.290 28.541 139.332 0.598
229.145 152.314 47.628 247.108 0.597
2.157 183.021 45.752 149.865 0.538
121.955 177.698 5.169 18.579 0.533
333.743 165.054 8.156 45.200 0.518
149.485 185.153 9.729 40.879 0.502
0.000 0.000 0.000 0.000 0.494
