241.814 167.969 21.793 135.387 0.989
197.164 159.672 27.346 169.417 0.981
129.933 176.500 18.450 65.636 0.959
237.637 166.797 30.354 137.472 0.944
128.639 173.025 18.317 66.815 0.942
196.560 162.856 29.105 150.545 0.941
109.287 174.531 10.855 43.317 0.923
253.494 164.582 17.927 127.094 0.779
130.146 179.677 14.713 51.124 0.740
122.263 176.879 5.616 23.019 0.653
362.587 169.477 24.881 66.446 0.616
131.245 178.518 13.922 62.061 0.609
254.898 166.307 17.425 107.750 0.562
157.538 154.577 56.452 241.463 0.519
0.000 0.000 0.000 0.000 0.499
