175.018 158.945 23.037 109.845 0.995
302.201 166.869 31.748 132.183 0.990
144.721 172.552 25.932 110.283 0.973
234.142 163.935 37.132 203.427 0.953
262.056 167.217 43.250 223.528 0.913
302.719 163.274 36.626 143.446 0.898
72.963 140.760 80.737 267.436 0.861
264.183 169.483 40.904 194.764 0.833
365.606 170.076 21.058 63.139 0.791
233.097 174.919 37.853 200.737 0.784
139.894 169.017 35.047 117.046 0.713
40.479 206.925 30.334 50.656 0.682
302.351 169.322 28.037 125.981 0.668
237.772 161.100 42.934 210.691 0.608
234.912 166.205 36.072 171.697 0.606
398.184 148.005 16.683 104.375 0.583
300.283 173.457 35.047 136.562 0.547
0.000 0.000 0.000 0.000 0.482
