302.934 163.485 26.290 110.396 0.993
337.845 167.354 44.993 162.068 0.975
183.114 163.454 35.444 195.388 0.932
214.009 162.999 43.769 230.864 0.926
108.815 174.993 10.131 41.825 0.869
160.554 176.598 18.513 67.424 0.860
302.996 176.962 28.138 97.499 0.836
335.584 180.046 47.830 156.907 0.821
251.534 166.882 10.888 47.057 0.814
160.741 173.122 17.055 65.896 0.814
182.472 162.521 37.208 178.692 0.798
121.506 177.521 5.834 21.315 0.779
298.913 161.463 34.772 113.384 0.766
213.782 154.309 43.792 224.679 0.632
397.700 152.106 16.988 97.331 0.559
249.232 166.362 11.508 48.757 0.556
251.540 171.276 10.817 43.452 0.545
149.559 181.925 11.507 45.478 0.532
339.216 157.439 40.634 158.567 0.528
0.000 0.000 0.000 0.000 0.495
