102.482 156.609 30.529 142.272 0.995
26.809 168.958 36.621 149.163 0.987
202.470 160.790 35.157 200.872 0.971
58.665 168.323 27.256 121.981 0.969
-1.648 175.217 13.225 140.433 0.953
101.761 150.650 33.503 142.854 0.946
55.159 167.705 33.256 123.684 0.928
202.989 156.096 34.249 193.030 0.924
24.281 166.981 38.017 142.678 0.915
232.770 153.119 54.447 246.211 0.912
32.377 169.937 34.265 146.727 0.908
236.803 155.957 51.338 220.476 0.840
-1.220 156.642 11.395 159.583 0.710
105.030 164.921 27.020 127.235 0.690
159.002 182.764 8.703 44.517 0.662
149.474 183.570 9.741 40.423 0.552
0.000 0.000 0.000 0.000 0.498
