284.194 164.350 27.220 106.026 0.997
359.248 167.096 44.639 166.293 0.986
360.059 173.616 44.157 172.858 0.982
171.212 175.700 17.143 80.211 0.977
359.372 163.617 52.202 177.264 0.973
360.279 162.634 51.105 196.237 0.968
158.753 182.037 11.085 46.006 0.905
108.229 175.093 11.031 41.730 0.900
256.514 169.252 8.291 42.140 0.872
278.955 163.298 35.641 106.446 0.842
188.191 163.380 33.986 196.104 0.825
188.167 159.512 33.789 184.472 0.760
256.318 173.677 9.008 39.142 0.749
121.209 177.516 5.609 22.040 0.647
214.577 153.399 42.175 227.384 0.628
353.837 159.892 17.145 89.772 0.615
214.738 160.300 43.363 232.064 0.605
351.135 160.589 20.050 148.280 0.588
-0.759 153.874 24.470 185.121 0.586
-0.650 170.036 18.539 153.950 0.558
149.492 182.634 10.384 44.835 0.507
0.000 0.000 0.000 0.000 0.498
