67.566 169.384 36.904 122.222 0.999
104.664 169.508 24.966 124.817 0.981
148.788 154.187 31.704 130.620 0.980
151.437 157.077 26.242 125.887 0.966
100.555 169.003 32.733 124.022 0.963
223.927 150.112 51.529 230.834 0.879
152.713 172.635 25.527 107.111 0.803
183.210 173.481 12.900 59.431 0.783
222.422 167.359 52.582 216.659 0.719
71.304 176.930 30.295 105.746 0.692
148.879 162.610 32.023 125.546 0.634
129.761 172.962 23.040 90.327 0.611
363.436 168.237 23.168 62.215 0.589
243.579 169.839 40.595 188.198 0.585
211.046 166.471 34.482 195.079 0.576
129.057 175.107 25.559 104.372 0.570
248.063 155.439 37.791 187.193 0.561
0.000 0.000 0.000 0.000 0.472
