217.786 169.088 36.466 128.823 0.993
124.481 168.499 18.063 72.319 0.986
184.513 164.263 31.682 145.636 0.983
183.941 162.910 32.447 157.866 0.888
108.765 174.898 10.614 42.803 0.883
125.635 176.954 19.176 64.405 0.881
257.915 171.562 9.411 43.284 0.824
221.159 178.134 27.732 112.719 0.803
256.826 168.192 9.738 44.489 0.741
126.562 180.961 15.253 56.893 0.731
143.904 160.208 43.285 207.855 0.723
223.007 164.104 36.233 133.050 0.556
126.934 173.497 13.409 63.701 0.548
217.450 180.921 37.476 120.714 0.513
187.467 175.547 24.892 118.429 0.510
0.000 0.000 0.000 0.000 0.407
