39.315 167.272 33.907 132.968 0.997
134.287 155.224 33.656 132.860 0.995
134.180 164.886 33.108 121.027 0.967
87.736 169.552 23.967 127.793 0.958
85.430 164.889 29.928 137.338 0.955
228.683 161.685 47.907 229.519 0.942
138.165 168.875 28.672 114.434 0.937
108.667 171.567 25.649 112.015 0.910
210.301 164.657 30.268 195.242 0.890
39.209 178.664 34.984 125.656 0.809
232.129 154.784 52.301 243.628 0.806
363.056 167.106 22.624 67.216 0.804
191.983 169.111 16.058 67.916 0.797
227.230 153.701 49.283 229.331 0.794
209.917 158.823 31.709 185.138 0.782
206.824 165.553 31.401 193.250 0.736
78.688 165.549 31.519 137.989 0.685
108.072 172.420 23.016 93.318 0.651
104.561 166.510 33.966 122.872 0.648
204.507 164.251 34.996 175.094 0.639
138.304 167.065 27.319 104.921 0.634
269.156 170.913 8.071 36.580 0.594
42.432 176.362 28.107 113.078 0.578
87.894 186.223 21.423 111.975 0.570
192.516 168.168 10.615 71.365 0.551
82.189 179.107 8.844 19.170 0.503
0.000 0.000 0.000 0.000 0.484
