133.947 165.619 22.502 104.073 0.998
334.758 155.254 42.664 163.554 0.986
131.038 170.533 24.825 93.848 0.974
167.901 167.192 23.535 116.578 0.973
335.100 160.961 43.223 164.546 0.962
170.727 165.692 22.660 110.900 0.960
190.952 169.828 22.485 91.634 0.950
253.767 168.107 43.654 219.717 0.932
290.732 160.860 50.605 239.598 0.867
255.168 155.677 39.459 225.944 0.777
333.480 153.414 34.541 163.223 0.761
135.842 177.867 19.844 96.010 0.730
284.549 150.327 79.166 265.789 0.717
249.137 169.204 42.623 216.160 0.704
289.566 187.977 53.848 208.881 0.696
365.252 169.052 19.915 65.144 0.660
297.766 170.692 49.953 220.768 0.659
286.285 159.861 77.889 261.545 0.647
81.064 187.433 21.031 62.987 0.642
77.235 200.060 26.427 65.337 0.640
296.813 184.596 53.497 218.279 0.574
2.127 175.831 38.265 236.632 0.571
237.172 166.043 11.909 64.631 0.537
3.930 182.129 36.685 198.614 0.518
0.000 0.000 0.000 0.000 0.492
