324.691 171.335 47.942 156.197 0.994
158.489 171.394 17.292 79.433 0.990
212.092 166.211 43.015 222.737 0.975
179.190 165.548 38.590 194.600 0.960
327.287 171.691 52.421 156.566 0.946
322.766 183.855 52.177 149.139 0.928
315.617 162.856 19.772 114.095 0.922
108.569 174.942 10.762 41.233 0.886
212.604 154.600 41.123 225.413 0.827
314.778 169.093 19.973 116.323 0.812
157.441 168.953 17.467 75.655 0.770
326.220 187.552 54.889 144.313 0.763
295.212 167.781 7.867 45.284 0.736
121.508 178.304 5.396 21.642 0.734
364.410 169.565 20.703 60.738 0.658
294.443 172.543 8.699 40.943 0.636
179.440 160.862 37.890 183.339 0.617
249.457 166.793 9.739 46.679 0.565
128.388 178.752 4.505 19.409 0.508
0.000 0.000 0.000 0.000 0.462
