101.528 170.090 25.561 111.653 0.982
61.084 207.274 33.065 48.283 0.973
126.192 168.041 26.821 119.167 0.971
155.281 159.459 34.754 117.900 0.954
158.681 164.363 23.976 110.421 0.952
122.715 166.193 34.057 121.268 0.936
167.336 158.006 22.164 118.807 0.910
104.843 169.827 23.116 101.196 0.877
96.605 178.398 29.336 97.722 0.869
99.484 166.576 32.664 119.356 0.867
283.078 164.708 33.689 131.189 0.825
186.872 140.234 89.865 253.586 0.818
160.612 154.464 33.918 124.875 0.814
286.451 173.242 26.632 114.172 0.812
258.270 160.137 38.034 146.742 0.743
65.488 194.985 25.713 51.630 0.711
363.029 168.161 23.171 62.249 0.708
164.169 137.958 102.247 262.003 0.679
249.492 158.378 36.829 179.759 0.672
256.256 158.564 39.907 176.717 0.601
98.558 162.739 33.280 118.100 0.593
88.010 175.482 10.574 44.581 0.584
125.277 175.437 23.396 87.105 0.547
120.608 159.832 36.299 124.081 0.524
0.000 0.000 0.000 0.000 0.500
