104.103 167.591 24.134 129.462 0.966
99.588 167.419 31.077 128.421 0.950
393.586 146.087 22.040 181.211 0.908
392.287 157.406 23.869 172.503 0.906
139.335 172.501 20.990 91.995 0.899
132.127 168.646 20.961 104.274 0.885
131.263 177.761 22.908 96.615 0.835
134.786 175.588 21.924 102.698 0.781
94.617 171.373 32.613 124.299 0.730
328.760 166.464 9.415 46.816 0.698
398.313 147.657 16.704 194.481 0.683
363.634 167.595 21.614 67.987 0.669
273.359 169.687 7.859 38.853 0.660
327.172 172.359 11.169 42.746 0.569
399.598 139.935 14.893 191.639 0.567
0.000 0.000 0.000 0.000 0.460
