280.868 164.141 28.788 108.611 0.998
361.283 168.395 51.751 183.511 0.993
362.039 165.932 49.707 173.325 0.993
172.799 175.320 16.219 79.393 0.980
277.160 165.540 35.436 103.872 0.976
107.848 175.214 11.457 41.788 0.920
158.637 181.583 11.248 46.292 0.918
359.385 180.796 46.998 159.367 0.909
359.245 168.547 43.632 161.700 0.892
-0.660 162.442 25.993 166.324 0.853
257.005 169.799 8.909 40.391 0.800
188.419 166.452 34.045 190.984 0.760
-0.654 171.338 20.223 151.425 0.751
188.617 160.281 33.624 182.213 0.714
350.114 160.615 28.682 149.172 0.672
225.968 184.524 45.684 159.559 0.646
121.117 177.495 5.649 22.015 0.617
257.425 172.537 9.170 41.478 0.610
0.266 149.624 22.665 173.952 0.597
80.499 177.184 11.639 42.434 0.591
221.430 164.207 47.116 226.530 0.581
149.277 182.062 9.953 45.823 0.557
353.185 160.808 21.097 148.398 0.514
0.000 0.000 0.000 0.000 0.478
