136.685 166.244 26.708 99.625 0.998
171.256 169.356 24.404 113.066 0.987
255.491 171.971 40.698 214.515 0.966
342.300 160.092 36.235 151.303 0.952
173.888 160.592 22.488 122.777 0.952
290.539 159.103 78.325 262.547 0.914
193.522 168.750 19.434 91.716 0.909
76.070 186.514 23.699 64.998 0.893
200.109 171.833 18.583 87.702 0.875
286.222 149.962 80.253 269.588 0.862
344.139 159.067 34.433 166.905 0.859
72.345 198.975 29.652 65.716 0.795
120.243 174.732 8.356 30.141 0.787
303.689 190.876 49.822 179.765 0.769
258.138 162.640 36.494 211.737 0.734
236.731 166.588 12.382 61.867 0.728
302.934 213.347 52.304 162.345 0.700
255.404 192.187 40.944 197.175 0.696
166.483 163.021 34.494 116.991 0.695
157.042 172.983 11.992 47.929 0.558
166.140 167.325 34.977 116.802 0.551
366.673 167.691 17.763 69.037 0.550
131.847 162.801 37.601 105.098 0.536
0.000 0.000 0.000 0.000 0.476
