204.237 168.781 26.464 90.234 0.981
365.345 153.501 49.420 258.628 0.975
363.591 155.352 52.034 272.246 0.971
137.781 176.255 8.637 38.389 0.962
250.112 168.108 26.294 107.478 0.953
249.761 172.117 28.133 106.541 0.951
224.263 169.734 22.918 95.260 0.916
244.993 166.036 35.975 111.424 0.860
154.328 175.154 7.807 36.931 0.856
126.442 178.013 8.044 29.900 0.744
118.366 178.622 8.553 29.688 0.730
155.907 174.973 9.457 38.318 0.729
244.654 171.100 36.555 108.548 0.610
153.708 172.910 7.435 35.910 0.533
0.000 0.000 0.000 0.000 0.462
