153.143 168.170 27.843 96.161 0.997
378.025 155.719 36.431 185.646 0.969
284.722 162.578 45.097 231.111 0.966
24.568 190.113 29.413 83.230 0.936
197.761 173.909 25.656 104.936 0.919
320.052 150.691 80.149 257.002 0.918
331.204 143.855 54.625 267.046 0.906
193.040 168.866 36.116 114.308 0.896
192.095 164.903 37.441 113.528 0.870
378.812 152.806 35.903 166.253 0.867
287.768 153.136 40.776 232.297 0.828
279.831 164.529 45.426 226.256 0.827
186.805 156.426 35.979 126.167 0.787
120.704 174.176 7.165 32.026 0.778
200.115 169.984 24.169 101.782 0.769
189.132 164.536 20.396 107.818 0.753
147.759 163.510 38.726 104.940 0.741
376.844 164.095 37.725 191.202 0.741
324.229 156.287 38.191 245.618 0.727
315.595 157.349 30.012 218.501 0.683
150.822 175.181 9.993 44.350 0.667
192.461 175.514 24.485 101.288 0.596
337.588 151.415 46.224 233.185 0.568
187.832 168.179 35.855 115.087 0.544
138.050 177.234 7.817 31.948 0.507
0.000 0.000 0.000 0.000 0.488
