118.869 164.626 31.580 125.779 0.994
5.891 165.262 38.703 143.053 0.992
55.703 166.018 32.269 141.886 0.977
121.797 166.106 27.633 125.323 0.970
6.468 174.933 37.773 132.870 0.961
80.992 168.123 35.331 119.975 0.960
157.643 179.039 10.122 50.728 0.955
231.170 159.163 54.501 233.910 0.939
229.333 163.834 47.424 225.245 0.915
207.766 165.478 36.953 194.458 0.907
118.809 154.074 33.923 135.260 0.901
82.861 171.761 30.841 112.994 0.885
204.849 168.236 35.391 188.603 0.840
55.536 167.768 32.855 146.559 0.827
60.944 173.009 23.744 124.829 0.652
74.632 163.959 37.513 131.875 0.555
231.536 168.111 58.337 199.211 0.553
207.118 156.937 37.480 190.326 0.540
362.993 167.891 22.678 64.811 0.522
228.804 161.687 45.556 213.328 0.504
0.000 0.000 0.000 0.000 0.476
