106.976 169.675 23.369 102.833 0.976
106.530 174.595 22.724 102.730 0.971
292.725 164.516 25.767 127.190 0.964
135.662 165.205 21.966 122.672 0.962
291.204 164.595 29.215 126.858 0.958
58.108 205.444 27.424 50.223 0.926
226.735 153.472 31.686 224.140 0.907
245.686 155.132 42.511 249.365 0.810
221.377 157.975 33.229 213.591 0.806
226.353 161.278 34.291 231.795 0.804
137.716 130.994 92.800 290.158 0.803
156.098 138.469 82.017 268.308 0.761
87.992 175.050 10.451 44.432 0.711
284.485 161.134 33.527 133.398 0.702
363.483 168.706 22.741 59.627 0.691
61.347 194.650 23.002 52.986 0.674
139.485 166.994 19.455 107.147 0.615
227.217 151.302 32.379 200.592 0.609
291.493 155.779 29.962 133.045 0.576
220.516 164.316 33.989 223.846 0.559
288.733 173.922 23.298 107.488 0.550
244.774 184.352 45.427 218.296 0.527
131.175 166.129 31.894 121.463 0.519
129.632 179.436 5.089 16.303 0.503
0.000 0.000 0.000 0.000 0.487
