261.792 165.742 27.375 142.862 0.985
162.890 165.859 34.673 168.743 0.972
263.834 182.267 22.963 121.431 0.950
261.696 170.436 27.158 142.669 0.937
136.781 178.318 19.412 65.399 0.873
164.085 177.730 33.070 161.505 0.856
109.145 173.732 10.093 44.091 0.854
134.028 177.620 18.445 65.749 0.833
185.858 171.968 49.848 214.588 0.817
264.854 177.588 22.487 117.186 0.792
239.582 167.637 7.867 44.356 0.728
121.542 177.362 6.476 22.296 0.675
186.464 199.740 48.319 186.147 0.658
138.004 173.185 17.390 66.798 0.615
129.049 178.700 6.093 20.526 0.606
187.919 170.754 46.985 186.769 0.601
181.336 197.513 48.553 162.755 0.578
89.352 178.119 10.062 40.870 0.531
232.157 173.775 8.562 44.358 0.521
158.037 170.506 32.901 160.448 0.503
0.000 0.000 0.000 0.000 0.484
