124.625 160.684 20.362 117.969 0.995
153.553 165.570 22.325 120.412 0.993
177.032 167.021 23.482 102.306 0.979
315.002 163.725 29.400 139.725 0.975
240.074 167.699 42.712 215.215 0.966
240.320 157.628 39.929 219.679 0.964
316.901 167.283 24.979 134.393 0.949
153.654 165.233 23.354 113.829 0.921
125.610 173.059 18.322 105.666 0.902
275.597 162.026 45.751 237.121 0.901
29.330 136.197 86.752 289.265 0.856
364.184 168.602 20.928 57.917 0.787
273.692 176.831 48.517 231.970 0.671
397.924 147.423 16.534 104.334 0.601
149.663 165.905 33.701 119.982 0.578
255.909 157.686 80.393 251.690 0.576
278.791 165.884 40.171 200.952 0.519
149.456 163.812 35.595 116.441 0.501
0.000 0.000 0.000 0.000 0.468
