126.147 168.731 27.336 105.207 0.995
329.063 157.615 41.154 153.427 0.969
101.963 168.632 25.227 118.329 0.968
332.908 156.075 45.435 158.394 0.949
359.552 162.393 36.439 143.535 0.934
125.288 175.101 27.534 100.720 0.882
98.079 168.682 32.206 117.186 0.860
94.044 170.866 33.856 116.027 0.853
270.281 169.226 9.295 39.280 0.840
156.534 175.648 10.907 44.349 0.798
399.530 147.402 15.258 107.483 0.665
121.548 168.734 36.010 105.723 0.607
363.075 176.571 28.207 111.612 0.590
325.113 170.939 48.126 142.279 0.569
102.503 177.517 24.147 86.159 0.558
330.088 170.138 52.165 143.117 0.525
0.000 0.000 0.000 0.000 0.480
