308.301 165.609 36.086 161.547 0.993
308.407 162.298 34.370 150.024 0.947
336.392 154.918 36.882 132.129 0.940
108.735 174.160 11.450 42.988 0.939
210.502 149.025 42.311 260.312 0.935
175.125 161.772 37.965 196.584 0.919
334.816 166.125 38.734 120.841 0.906
174.484 154.973 39.314 193.064 0.846
171.969 165.221 36.701 188.488 0.838
84.622 175.900 11.533 44.673 0.835
121.366 176.940 5.749 22.142 0.825
153.586 174.888 17.389 73.670 0.818
171.210 160.421 37.473 181.839 0.818
147.405 178.453 20.447 65.131 0.761
331.239 161.331 37.548 131.747 0.702
333.919 157.544 33.181 126.918 0.684
287.735 168.991 7.921 42.635 0.683
147.294 171.112 19.056 70.037 0.672
214.054 161.813 38.952 209.185 0.611
238.674 166.658 15.545 69.010 0.597
128.929 179.171 5.474 18.034 0.518
137.511 176.716 4.869 21.551 0.512
0.000 0.000 0.000 0.000 0.499
