141.094 166.527 24.443 106.699 0.994
174.969 176.338 28.526 101.660 0.988
260.695 166.229 47.603 224.366 0.981
204.084 167.541 24.048 91.363 0.980
293.363 160.755 79.676 243.121 0.972
57.848 192.367 31.519 75.674 0.962
354.297 161.310 31.634 143.283 0.875
263.858 161.268 53.134 237.647 0.858
141.914 177.568 23.324 96.739 0.750
297.472 164.065 76.002 253.658 0.737
320.975 175.459 50.085 207.198 0.732
354.216 157.893 31.377 175.076 0.709
169.545 173.381 36.452 107.130 0.678
119.934 174.827 8.693 29.491 0.654
156.346 171.342 9.833 51.528 0.649
236.894 166.013 12.258 63.303 0.646
59.013 189.528 28.575 63.201 0.635
265.453 163.589 39.277 211.391 0.573
259.235 188.316 50.730 204.488 0.569
181.024 177.929 22.885 101.155 0.565
295.105 154.326 33.771 223.042 0.523
0.000 0.000 0.000 0.000 0.474
