333.069 165.653 52.880 231.855 0.971
140.637 175.793 10.913 41.220 0.961
234.346 166.716 26.667 104.001 0.947
184.002 165.457 22.642 98.160 0.943
354.761 161.361 45.760 239.934 0.877
225.823 163.282 38.100 110.550 0.834
152.059 174.540 9.267 32.798 0.817
393.632 159.967 22.629 241.334 0.791
152.693 175.545 9.300 34.552 0.780
118.749 173.079 8.441 33.281 0.770
336.893 155.784 41.952 225.350 0.724
125.921 174.921 8.059 30.409 0.717
331.637 180.809 55.696 219.005 0.714
359.989 159.534 39.071 216.538 0.667
394.148 140.971 22.132 252.097 0.628
79.966 182.896 12.141 39.930 0.586
203.915 166.186 24.001 102.050 0.546
87.983 176.841 11.867 43.143 0.519
0.000 0.000 0.000 0.000 0.367
