152.927 168.271 26.757 96.068 0.996
377.564 158.063 36.107 184.349 0.981
26.051 186.728 30.070 87.108 0.961
284.247 159.716 45.089 235.484 0.957
376.485 161.250 37.385 196.871 0.936
192.182 170.089 36.384 111.488 0.924
279.989 161.620 44.800 232.273 0.922
191.251 165.343 37.800 112.963 0.917
320.453 154.333 79.165 248.872 0.896
186.501 158.084 36.645 124.233 0.895
330.859 145.349 55.899 262.773 0.882
196.564 175.066 27.378 102.601 0.871
286.472 146.827 43.029 244.582 0.851
314.749 155.519 30.259 221.694 0.838
187.706 169.784 36.199 112.110 0.822
377.973 153.991 36.091 163.123 0.811
322.793 154.485 40.780 246.117 0.791
191.913 175.609 24.918 101.118 0.766
336.568 151.551 47.055 232.475 0.721
120.781 175.255 6.934 30.422 0.671
188.898 166.625 20.979 106.214 0.620
199.138 169.992 24.918 101.942 0.601
147.446 162.412 38.857 106.508 0.581
314.086 154.179 30.263 189.295 0.567
282.754 157.935 39.705 222.763 0.530
325.307 148.553 36.393 238.811 0.507
0.000 0.000 0.000 0.000 0.437
