240.486 171.456 25.372 97.501 0.969
351.190 156.028 57.332 254.064 0.956
138.043 176.840 9.322 38.954 0.935
217.287 170.471 24.893 94.192 0.921
197.061 167.717 19.523 94.198 0.917
153.701 172.478 7.910 35.831 0.854
348.749 158.496 62.793 264.233 0.849
244.890 166.571 24.322 105.989 0.847
198.234 169.416 23.702 92.661 0.828
361.500 149.301 53.706 265.499 0.795
141.512 175.621 8.612 38.290 0.779
125.926 175.281 7.899 30.209 0.709
119.267 174.058 8.356 31.591 0.690
337.843 161.281 76.737 244.894 0.681
153.609 175.310 8.835 35.444 0.603
240.596 173.500 25.056 103.701 0.596
0.000 0.000 0.000 0.000 0.466
