116.560 169.254 32.906 120.646 0.995
151.264 155.988 33.206 124.767 0.992
154.758 158.016 27.816 122.664 0.990
86.391 171.842 24.461 116.334 0.987
288.786 105.466 110.263 314.674 0.977
118.064 169.729 28.229 119.676 0.947
289.083 109.530 109.939 282.845 0.941
214.096 166.089 30.013 191.564 0.884
304.971 108.924 101.087 306.588 0.868
213.136 149.125 32.032 204.113 0.783
82.831 169.796 31.556 120.398 0.780
142.348 170.351 17.532 85.288 0.780
270.774 162.845 23.221 113.322 0.750
304.278 109.322 101.395 280.821 0.745
261.115 158.090 34.178 143.750 0.663
149.462 162.696 34.421 124.768 0.642
225.885 154.212 46.591 220.770 0.641
154.996 174.098 27.130 105.209 0.623
115.757 164.163 37.147 115.871 0.576
0.000 0.000 0.000 0.000 0.498
