357.370 163.927 49.822 161.191 0.981
359.282 157.496 54.285 175.093 0.981
129.391 168.738 25.372 105.267 0.979
103.469 168.397 25.116 124.278 0.964
99.903 168.021 31.688 124.742 0.951
359.040 161.174 45.322 151.921 0.893
362.778 156.114 47.289 161.606 0.892
317.197 170.986 11.176 44.604 0.832
128.790 175.523 25.404 100.265 0.812
272.020 166.922 8.324 43.405 0.807
317.460 168.237 10.379 45.206 0.673
140.606 171.800 21.457 91.490 0.644
400.319 163.132 16.155 140.797 0.537
399.864 165.284 15.870 162.948 0.524
0.000 0.000 0.000 0.000 0.486
