124.290 170.614 26.276 101.020 0.990
317.296 155.791 56.469 155.509 0.989
336.113 163.336 42.498 142.665 0.968
92.190 170.803 35.405 113.110 0.909
124.784 178.997 25.718 94.300 0.862
101.500 172.713 25.086 109.974 0.812
315.490 157.046 37.772 152.382 0.802
156.922 179.646 8.662 43.847 0.796
157.070 176.997 9.684 43.465 0.782
301.647 162.936 11.384 52.869 0.703
271.808 169.932 7.726 38.581 0.654
95.778 180.005 28.730 96.680 0.624
96.584 170.292 35.386 112.937 0.552
235.920 171.006 11.278 46.070 0.534
337.875 173.984 40.713 135.921 0.515
316.758 171.451 57.615 141.307 0.512
0.000 0.000 0.000 0.000 0.483
