142.922 166.136 23.372 105.863 0.997
180.853 168.701 23.509 117.404 0.989
205.460 167.962 27.467 95.255 0.989
176.225 177.365 28.799 99.583 0.984
260.609 161.663 49.756 232.486 0.963
264.241 156.889 52.355 245.286 0.952
295.436 158.887 77.676 245.538 0.948
356.454 158.893 33.117 149.111 0.935
58.592 183.495 26.796 88.955 0.933
355.535 159.820 34.435 169.190 0.813
319.426 155.972 52.129 247.849 0.790
171.650 170.251 36.070 112.889 0.785
60.293 184.375 24.534 73.987 0.735
236.311 163.722 12.569 67.573 0.702
299.972 160.894 72.200 259.688 0.670
269.525 155.200 43.079 226.940 0.649
142.528 176.358 22.731 98.593 0.643
176.831 169.955 33.903 114.296 0.640
254.102 170.586 8.668 34.312 0.626
120.367 175.075 8.254 29.021 0.622
171.726 159.859 34.232 124.168 0.553
267.002 161.472 38.940 215.776 0.537
0.000 0.000 0.000 0.000 0.499
