130.626 166.810 21.783 103.568 0.996
162.171 164.657 23.636 121.697 0.993
186.582 165.228 24.627 97.961 0.985
328.936 158.776 35.484 153.274 0.967
161.937 165.474 22.805 112.415 0.941
130.710 178.297 21.436 95.129 0.895
248.474 153.498 40.735 227.033 0.890
91.039 185.016 23.227 64.630 0.885
246.238 159.347 43.744 232.655 0.827
287.573 174.723 49.740 209.983 0.826
155.352 158.953 33.834 125.967 0.777
119.153 174.529 8.126 29.687 0.762
1.123 130.744 52.070 297.231 0.738
365.447 167.647 20.674 61.923 0.681
397.814 149.028 16.578 102.584 0.643
155.491 166.039 33.504 118.702 0.642
289.502 173.254 46.060 186.001 0.630
328.046 164.532 36.682 155.132 0.629
253.238 147.945 42.774 239.183 0.592
288.041 181.087 50.482 224.442 0.532
166.731 167.790 20.325 116.565 0.519
253.469 156.613 45.187 240.128 0.500
0.000 0.000 0.000 0.000 0.493
