130.503 168.539 22.904 96.621 0.995
162.445 164.384 23.988 122.478 0.990
329.407 156.407 38.085 157.951 0.970
186.878 166.255 24.795 97.112 0.966
162.279 166.253 22.806 110.062 0.926
90.195 186.220 23.395 64.980 0.917
246.811 158.655 44.281 234.921 0.881
288.090 177.803 49.468 204.729 0.871
248.666 157.100 41.364 221.396 0.859
288.225 176.274 51.073 233.165 0.790
165.478 166.269 22.294 120.339 0.780
119.291 174.733 8.039 29.774 0.744
251.338 157.293 47.029 240.597 0.743
328.511 163.803 39.316 156.730 0.722
365.273 167.995 20.597 62.873 0.707
135.190 168.250 19.833 98.588 0.703
0.515 135.170 53.719 288.875 0.682
154.963 159.062 34.378 125.310 0.650
252.810 150.372 42.954 235.112 0.639
330.299 161.574 46.575 148.753 0.598
131.095 182.811 21.556 86.619 0.572
156.104 166.803 33.198 117.697 0.571
290.084 181.547 46.456 169.183 0.509
0.000 0.000 0.000 0.000 0.472
