57.013 166.597 36.844 125.812 0.990
91.695 168.024 36.550 130.142 0.989
123.593 165.040 20.255 108.978 0.970
94.949 164.789 37.958 134.311 0.954
149.896 166.692 22.859 118.273 0.952
146.322 153.821 31.318 133.728 0.942
224.799 159.417 49.935 232.599 0.933
223.927 150.067 51.198 233.822 0.920
150.285 156.527 22.726 128.295 0.913
363.980 167.710 22.192 61.566 0.693
60.448 174.198 28.941 111.500 0.681
210.894 165.156 31.611 196.278 0.671
141.934 153.953 31.699 135.360 0.659
146.813 162.611 30.150 126.036 0.651
145.287 172.245 26.608 108.258 0.619
207.333 167.081 29.585 189.967 0.589
139.880 164.747 35.153 121.254 0.544
93.313 175.162 14.612 58.767 0.505
123.636 173.060 19.414 105.525 0.504
0.000 0.000 0.000 0.000 0.471
