144.664 165.120 21.239 106.597 0.997
182.809 171.139 21.399 113.337 0.996
205.553 172.960 30.776 90.494 0.986
267.652 162.555 45.519 231.551 0.961
359.111 158.273 35.152 149.117 0.958
262.401 160.669 47.386 232.671 0.923
358.111 158.754 36.241 177.201 0.913
298.947 158.428 79.574 246.079 0.833
318.913 150.115 49.561 260.051 0.827
54.220 184.675 27.102 85.595 0.804
271.377 159.005 40.584 219.355 0.798
177.970 180.802 26.309 93.668 0.777
184.423 172.145 21.113 98.419 0.670
301.068 157.551 30.375 217.076 0.639
235.499 164.614 13.225 65.986 0.636
119.917 175.532 8.289 28.829 0.608
231.976 168.489 19.524 57.757 0.595
254.039 171.039 8.619 33.382 0.576
144.639 176.008 20.295 99.280 0.551
206.558 191.096 27.841 70.873 0.544
56.004 183.180 24.977 76.147 0.519
265.922 159.919 41.078 218.267 0.508
305.915 161.743 38.865 238.390 0.503
0.000 0.000 0.000 0.000 0.455
