191.209 169.200 22.928 94.404 0.994
238.308 169.800 25.909 101.856 0.985
237.416 172.961 26.162 106.360 0.965
214.524 166.871 27.329 97.099 0.948
138.028 178.155 9.808 38.652 0.946
346.503 156.134 55.690 254.983 0.942
343.593 161.196 58.047 259.063 0.888
334.282 165.732 76.610 236.068 0.794
141.054 177.372 8.808 38.280 0.785
153.296 172.480 8.342 36.349 0.761
231.237 162.348 36.165 115.572 0.747
339.603 163.893 51.779 238.640 0.666
126.110 174.518 8.178 31.989 0.647
210.344 157.423 38.137 113.381 0.624
118.202 173.872 8.516 32.595 0.620
153.235 175.194 8.562 35.433 0.596
79.891 184.788 12.184 37.339 0.590
88.473 176.615 11.862 43.433 0.502
0.000 0.000 0.000 0.000 0.480
