356.482 163.176 34.301 126.854 0.993
292.927 168.513 37.931 150.099 0.990
355.968 155.024 34.939 133.738 0.963
293.507 164.084 34.736 146.879 0.957
206.789 165.162 46.258 227.110 0.954
145.398 171.369 18.427 69.704 0.951
146.028 176.553 17.885 67.083 0.943
169.219 173.176 38.746 177.376 0.936
109.004 174.310 10.558 42.856 0.898
357.900 167.004 29.232 122.012 0.859
85.656 177.465 10.909 41.936 0.764
211.498 159.945 41.687 214.015 0.756
247.748 167.342 7.692 42.360 0.725
205.929 166.799 44.535 249.092 0.621
121.432 176.902 5.845 22.370 0.615
397.365 176.007 16.898 76.713 0.590
199.679 162.986 42.636 230.427 0.579
174.271 167.645 39.484 191.435 0.554
84.578 180.893 12.594 41.153 0.536
168.545 164.728 38.607 176.922 0.517
0.000 0.000 0.000 0.000 0.489
