282.636 164.724 27.810 106.522 0.998
359.334 166.934 53.819 186.609 0.989
359.516 164.656 52.528 175.891 0.988
172.234 176.698 16.748 79.225 0.977
359.104 177.973 46.926 163.989 0.975
359.026 168.091 45.643 164.255 0.974
158.521 181.673 11.725 45.904 0.940
108.273 175.231 11.011 41.793 0.924
278.021 164.176 35.370 105.896 0.922
256.792 169.148 9.195 42.343 0.870
188.594 166.160 33.678 191.198 0.861
188.694 159.515 33.404 184.191 0.787
-0.860 157.419 25.168 178.221 0.775
256.817 172.479 9.582 41.501 0.719
221.170 162.639 46.653 230.829 0.694
-0.972 167.493 19.035 159.084 0.638
224.898 180.146 46.228 168.891 0.614
121.164 178.276 5.548 20.753 0.560
148.993 183.343 10.328 44.103 0.550
192.703 165.625 34.391 194.749 0.520
0.000 0.000 0.000 0.000 0.488
