202.512 176.134 27.524 112.308 0.974
171.345 164.149 28.658 140.651 0.962
248.542 172.102 12.676 41.740 0.950
133.835 167.061 44.970 166.281 0.947
172.232 165.036 26.471 137.152 0.943
198.537 171.777 34.966 119.293 0.937
248.469 170.124 11.752 42.005 0.936
131.614 163.647 45.913 194.227 0.935
122.337 176.740 13.950 57.275 0.855
109.235 173.971 10.236 43.237 0.811
219.142 167.872 19.856 98.843 0.671
170.611 168.000 29.840 147.181 0.587
121.439 170.296 17.816 68.086 0.579
237.894 170.910 8.095 35.850 0.559
123.045 179.607 12.470 58.773 0.541
363.013 168.119 23.199 63.207 0.515
0.000 0.000 0.000 0.000 0.495
