226.204 172.477 36.632 123.440 0.986
108.824 174.218 11.640 43.501 0.959
190.332 161.087 31.809 148.520 0.917
126.971 168.835 18.338 71.881 0.913
192.292 160.949 35.271 150.732 0.874
190.726 161.945 30.806 164.454 0.869
128.091 173.746 19.433 71.182 0.831
193.802 161.038 31.447 163.520 0.804
232.090 177.851 27.104 110.724 0.724
148.213 179.205 43.526 171.419 0.701
260.504 171.362 9.216 43.724 0.689
224.788 168.453 11.092 39.651 0.655
94.550 178.331 10.784 38.874 0.647
217.498 166.911 40.768 136.204 0.578
224.831 178.182 37.739 125.759 0.571
362.706 169.137 24.419 61.868 0.556
154.667 157.424 49.646 214.846 0.554
93.402 182.884 11.670 37.610 0.553
260.441 168.779 9.382 43.513 0.543
0.000 0.000 0.000 0.000 0.500
