80.878 153.963 36.943 153.504 0.995
0.223 168.725 36.444 162.081 0.986
27.043 166.526 34.015 133.044 0.981
197.597 160.160 33.949 200.233 0.950
158.278 181.222 10.759 47.348 0.926
76.775 154.016 36.084 153.255 0.919
78.906 143.255 40.949 157.888 0.902
28.625 176.818 27.845 114.107 0.890
0.657 185.623 37.616 147.334 0.879
228.519 150.853 49.362 249.795 0.878
231.336 157.070 55.021 238.211 0.839
196.178 155.292 34.295 195.499 0.745
1.149 160.949 28.288 177.520 0.685
236.141 163.077 50.821 205.434 0.652
229.031 146.017 46.423 241.261 0.635
28.122 190.017 30.149 105.278 0.627
148.576 183.076 10.843 44.871 0.611
24.803 182.822 36.569 119.221 0.608
362.785 167.611 23.298 63.034 0.576
227.466 160.449 14.708 84.175 0.553
122.066 178.357 4.142 18.333 0.540
0.000 0.000 0.000 0.000 0.462
