99.547 168.295 31.246 126.793 0.975
102.846 170.368 25.679 123.142 0.953
379.575 154.808 34.724 177.665 0.953
380.133 147.326 34.307 178.380 0.944
130.322 167.182 23.652 105.425 0.943
138.351 172.409 22.337 89.148 0.791
272.495 166.901 8.825 43.443 0.743
129.549 181.553 25.552 90.567 0.716
363.828 164.258 21.144 77.526 0.664
322.687 166.676 7.995 44.816 0.658
158.162 175.073 8.533 42.089 0.653
94.365 171.563 33.409 125.364 0.568
387.676 154.020 27.099 181.174 0.558
0.000 0.000 0.000 0.000 0.455
