147.631 167.652 20.054 100.628 0.997
185.736 170.098 21.747 112.554 0.990
273.734 163.749 43.181 225.119 0.960
207.568 169.833 27.563 92.883 0.936
48.468 185.696 26.791 86.236 0.921
275.814 153.564 39.021 230.806 0.920
361.024 160.144 40.074 178.076 0.907
186.581 166.143 22.489 110.433 0.817
361.022 160.323 38.679 151.939 0.769
363.227 155.503 45.382 187.418 0.717
323.372 150.518 46.377 232.417 0.692
148.197 176.558 18.643 97.450 0.667
48.939 187.397 23.829 67.629 0.650
356.788 167.790 46.543 186.512 0.627
79.836 182.641 11.821 40.212 0.626
308.505 153.016 30.416 227.775 0.624
119.928 175.403 8.091 29.384 0.617
137.008 176.118 5.456 23.357 0.611
318.032 148.632 52.964 254.776 0.582
252.093 170.377 10.820 34.306 0.562
306.623 162.781 35.333 228.189 0.526
114.833 178.319 5.307 22.389 0.524
235.289 167.010 13.276 61.844 0.511
208.951 192.872 25.407 67.941 0.504
0.000 0.000 0.000 0.000 0.497
