363.183 157.261 51.448 267.438 0.970
365.214 155.283 48.561 255.822 0.966
249.440 167.599 26.769 107.522 0.964
222.563 166.965 24.248 99.401 0.964
204.188 169.436 24.476 87.732 0.957
249.355 170.546 28.052 109.598 0.955
244.576 164.002 34.914 115.057 0.930
137.802 175.793 8.521 38.985 0.911
154.413 174.713 7.811 38.077 0.804
244.600 170.560 35.471 109.725 0.758
118.466 178.927 8.851 29.083 0.742
154.107 171.252 7.301 38.629 0.742
126.614 178.111 7.839 29.627 0.658
143.371 174.954 7.237 38.823 0.556
126.362 175.770 8.139 30.282 0.515
204.151 169.504 23.377 69.546 0.511
0.000 0.000 0.000 0.000 0.472
