197.447 160.993 29.598 152.193 0.959
197.754 156.730 28.885 175.302 0.958
129.294 171.005 18.264 69.751 0.939
130.688 177.005 18.382 64.851 0.932
238.154 170.481 31.404 133.769 0.926
241.933 176.745 24.133 120.196 0.900
239.232 176.269 30.404 130.945 0.857
241.413 181.443 25.876 121.560 0.844
109.808 175.050 10.050 42.202 0.834
243.510 175.484 27.165 133.000 0.800
131.415 176.874 13.870 57.491 0.791
259.415 164.765 16.132 65.828 0.783
243.055 166.780 29.328 137.548 0.757
132.177 179.272 13.745 60.324 0.743
158.200 164.204 58.256 222.712 0.658
122.350 176.927 5.814 23.624 0.637
92.272 183.655 10.869 37.957 0.635
250.357 167.918 20.177 133.483 0.603
159.116 161.845 50.792 207.955 0.585
155.240 155.256 83.989 232.116 0.554
240.341 170.016 6.776 37.176 0.504
229.003 170.793 11.069 49.530 0.503
0.000 0.000 0.000 0.000 0.479
