189.204 166.476 23.702 94.250 0.993
235.681 169.123 25.618 103.284 0.961
153.309 172.799 8.575 35.948 0.909
206.486 168.183 27.894 91.037 0.898
140.536 176.601 9.716 39.734 0.885
234.799 171.563 25.617 108.045 0.849
340.015 165.095 48.783 234.406 0.843
343.633 163.776 62.975 237.911 0.837
138.178 178.573 10.008 38.167 0.789
370.533 161.059 42.090 239.429 0.765
152.987 175.918 9.408 33.837 0.713
125.913 174.819 8.249 31.957 0.656
337.561 166.062 52.422 250.292 0.633
229.003 162.960 36.019 114.951 0.624
370.923 136.003 41.756 263.262 0.605
125.746 178.055 8.183 29.748 0.568
118.357 173.847 8.775 32.704 0.563
335.289 164.157 75.908 238.064 0.503
79.285 183.981 12.994 37.879 0.502
0.000 0.000 0.000 0.000 0.490
