168.625 171.192 27.829 90.249 0.995
142.742 176.556 10.694 40.365 0.946
213.931 170.555 24.338 111.353 0.940
342.016 142.733 37.209 248.926 0.909
309.711 153.978 46.039 256.873 0.908
338.934 151.058 38.964 254.704 0.893
375.232 155.433 39.994 218.549 0.883
236.984 172.548 17.368 86.738 0.870
315.700 156.983 51.583 250.479 0.866
153.361 176.958 8.031 32.627 0.819
375.585 175.798 39.898 203.132 0.797
194.675 168.821 21.017 96.638 0.792
216.206 172.518 23.561 96.901 0.668
119.807 173.916 8.195 32.295 0.658
153.736 174.391 7.501 33.156 0.639
209.469 168.376 34.950 115.081 0.622
309.412 169.264 46.774 242.698 0.612
374.789 157.103 41.105 187.073 0.566
197.940 160.262 39.389 121.846 0.520
208.645 164.938 37.556 112.855 0.503
0.000 0.000 0.000 0.000 0.480
