301.326 161.203 23.084 114.521 0.999
341.237 168.444 44.836 163.047 0.963
161.531 177.359 19.587 66.373 0.901
183.595 166.841 36.383 189.084 0.852
214.301 165.364 41.870 223.721 0.850
302.323 175.539 23.129 99.790 0.840
252.164 167.903 10.153 45.209 0.798
339.889 183.252 47.183 151.874 0.793
348.187 166.286 42.210 167.049 0.765
161.060 175.480 17.972 61.698 0.735
109.451 174.398 9.483 42.029 0.732
121.576 177.734 5.515 20.088 0.716
214.082 152.260 41.367 228.340 0.716
182.822 161.743 37.997 180.506 0.646
340.605 157.820 14.552 93.613 0.613
252.309 172.540 10.020 41.063 0.603
149.127 181.936 11.644 45.084 0.566
0.000 0.000 0.000 0.000 0.495
