173.872 162.380 33.030 147.718 0.983
175.973 161.603 35.063 150.163 0.978
209.356 171.344 25.256 120.237 0.927
122.622 170.667 16.805 67.260 0.927
124.695 173.560 12.589 63.757 0.860
174.199 167.684 32.591 148.449 0.853
177.017 168.334 33.380 146.905 0.833
208.973 168.439 36.641 124.125 0.832
109.276 174.315 9.644 43.841 0.806
133.893 163.153 44.748 200.768 0.763
221.941 171.385 22.781 114.504 0.749
248.522 169.371 9.190 42.549 0.737
226.175 170.672 20.388 99.374 0.737
204.439 169.635 34.054 125.224 0.629
247.488 173.677 9.938 39.106 0.543
97.526 184.623 9.186 35.152 0.502
0.000 0.000 0.000 0.000 0.486
