277.309 168.357 17.492 96.380 0.996
173.487 172.670 17.528 81.773 0.987
378.407 162.091 36.707 176.622 0.977
3.560 151.025 35.377 170.502 0.968
377.586 171.898 38.252 179.584 0.963
220.836 157.620 48.316 237.799 0.937
157.564 179.438 11.222 49.890 0.890
107.441 176.271 11.170 40.430 0.886
356.270 158.886 37.624 170.897 0.855
186.940 165.209 36.311 193.988 0.849
224.298 171.613 45.927 187.643 0.828
358.559 158.976 32.688 156.714 0.792
258.372 172.371 9.472 41.844 0.779
105.111 174.656 10.727 42.885 0.764
385.265 154.703 31.650 194.084 0.754
385.160 161.477 32.073 199.132 0.679
258.009 170.306 8.972 40.297 0.643
79.164 180.311 12.344 42.939 0.600
79.724 178.237 11.955 40.189 0.595
172.243 168.681 18.141 75.406 0.584
260.013 174.135 8.957 38.638 0.559
185.855 160.190 36.335 183.699 0.506
0.000 0.000 0.000 0.000 0.473
