46.010 156.065 43.988 155.293 0.997
228.957 153.206 43.331 225.396 0.956
320.527 166.961 9.101 44.943 0.947
228.239 154.755 44.180 241.649 0.945
191.364 162.345 39.105 199.909 0.909
36.247 154.481 52.905 157.426 0.903
104.509 175.176 9.801 41.172 0.826
46.244 168.215 45.046 147.202 0.809
158.618 180.214 9.951 47.329 0.795
364.202 168.614 21.116 67.007 0.690
79.207 184.561 12.269 38.310 0.665
0.014 160.825 27.839 148.875 0.659
121.297 176.602 6.017 21.753 0.646
45.295 151.583 45.374 141.051 0.557
-0.019 183.373 25.432 120.457 0.538
0.000 0.000 0.000 0.000 0.488
