74.287 157.085 31.184 147.810 0.996
19.091 169.842 40.219 134.267 0.984
194.963 159.423 37.781 203.356 0.957
-0.941 170.677 18.480 158.604 0.945
18.157 179.206 43.800 125.488 0.936
-1.483 159.081 23.871 181.761 0.871
228.501 148.345 46.319 235.115 0.870
228.167 152.661 48.530 245.515 0.863
158.725 181.529 9.879 46.011 0.862
71.670 147.639 34.768 148.967 0.819
194.624 154.023 37.570 198.683 0.735
121.596 177.372 4.724 19.664 0.698
327.787 167.545 10.137 42.281 0.652
363.449 168.160 22.705 64.703 0.608
0.206 180.059 17.333 158.508 0.608
149.248 181.903 10.721 46.191 0.558
268.634 171.944 9.208 34.928 0.533
102.703 173.621 10.881 42.199 0.517
0.000 0.000 0.000 0.000 0.485
