242.541 170.442 21.501 129.829 0.980
197.217 157.095 28.391 175.337 0.979
196.368 161.489 30.220 152.534 0.957
128.810 171.574 18.411 68.666 0.957
130.183 176.199 18.337 66.246 0.945
109.340 174.644 10.736 43.057 0.905
237.709 165.273 30.967 140.359 0.863
130.472 179.335 14.635 51.134 0.744
254.205 163.789 17.188 129.695 0.710
257.090 162.876 16.391 116.216 0.696
92.280 183.995 11.080 37.337 0.651
122.312 176.897 5.768 23.738 0.638
131.420 178.975 13.498 61.317 0.621
0.000 0.000 0.000 0.000 0.463
