138.746 166.110 25.702 101.103 0.998
257.449 163.557 41.581 229.106 0.977
348.982 162.334 31.677 160.858 0.975
172.006 171.199 26.932 109.655 0.973
347.186 161.527 34.117 149.223 0.956
287.880 150.552 76.599 266.689 0.939
200.680 169.733 18.820 89.954 0.934
289.367 159.314 78.362 262.473 0.928
174.381 162.728 22.991 117.274 0.859
305.001 180.142 51.680 199.501 0.841
76.025 187.420 21.739 62.275 0.838
166.962 160.928 34.954 120.625 0.811
166.742 168.614 35.979 114.681 0.795
119.924 173.910 8.801 31.487 0.795
259.584 156.331 38.263 225.202 0.782
303.847 215.696 54.433 156.391 0.646
368.617 166.892 16.748 70.071 0.624
194.427 167.007 16.844 95.304 0.618
71.210 197.247 27.705 65.749 0.594
237.592 168.221 11.751 59.257 0.592
157.212 170.598 10.818 49.299 0.585
256.336 183.410 44.834 214.932 0.579
349.095 172.022 26.494 125.374 0.574
236.723 172.061 12.437 60.236 0.559
114.560 174.517 7.055 30.979 0.545
351.522 160.796 36.763 149.501 0.537
132.725 163.828 38.092 103.971 0.521
0.000 0.000 0.000 0.000 0.489
