103.049 171.025 23.688 109.352 0.990
155.256 158.729 35.839 120.227 0.970
61.223 206.120 30.583 50.021 0.953
105.336 171.084 22.164 99.886 0.945
126.542 172.873 26.519 108.862 0.939
159.809 162.651 24.298 114.726 0.915
160.404 157.129 33.666 121.955 0.890
166.358 159.724 24.001 115.947 0.884
164.868 131.286 96.132 278.898 0.844
64.526 194.776 25.007 52.143 0.826
287.991 171.170 25.546 113.540 0.754
125.620 176.315 24.402 84.840 0.751
97.883 177.708 26.651 97.851 0.737
288.263 167.626 24.031 104.611 0.726
122.231 168.274 35.332 117.494 0.706
261.650 162.077 35.576 136.184 0.685
363.077 168.019 22.905 61.498 0.679
283.884 162.669 33.690 130.747 0.675
245.079 165.631 41.405 199.092 0.665
242.519 149.480 46.422 258.180 0.663
267.989 167.997 24.535 98.494 0.659
99.848 166.405 33.027 119.299 0.584
88.166 175.664 10.647 44.484 0.560
0.000 0.000 0.000 0.000 0.500
