180.186 165.342 35.228 144.814 0.987
216.140 172.065 33.586 124.623 0.981
218.108 174.096 27.013 122.760 0.976
123.370 169.007 17.919 71.406 0.973
179.260 164.283 36.229 155.474 0.950
143.620 166.963 40.985 197.892 0.928
124.440 178.029 19.317 62.640 0.910
109.117 175.612 9.906 41.918 0.864
257.716 173.964 8.676 40.581 0.719
142.191 183.774 45.510 182.674 0.700
233.620 170.067 19.037 96.550 0.682
232.495 169.351 19.780 116.190 0.672
126.055 179.757 14.597 59.152 0.641
125.975 177.282 13.409 56.679 0.610
105.176 177.003 8.113 38.976 0.565
0.000 0.000 0.000 0.000 0.480
