71.643 166.339 35.725 126.784 0.997
153.066 157.789 26.469 123.418 0.972
149.109 154.468 33.119 127.458 0.972
109.213 165.985 24.381 129.505 0.964
154.816 173.366 25.282 106.885 0.924
103.242 166.154 32.835 127.443 0.922
224.133 147.187 51.407 238.208 0.870
134.614 177.834 25.720 98.401 0.779
222.543 164.228 54.808 221.680 0.748
136.496 177.154 23.795 82.598 0.706
71.257 164.582 36.473 115.547 0.683
74.122 171.588 29.569 113.080 0.675
148.796 164.734 33.388 121.789 0.656
182.585 170.791 12.260 63.732 0.646
363.439 168.669 22.900 64.883 0.552
0.000 0.000 0.000 0.000 0.489
