277.529 166.278 27.473 101.445 0.997
362.866 170.637 51.866 181.327 0.983
172.469 175.027 15.691 81.084 0.975
365.291 157.875 47.734 188.146 0.966
1.318 161.624 24.194 167.827 0.925
273.302 164.440 38.343 104.717 0.900
107.654 175.631 11.225 40.754 0.893
355.804 160.365 27.765 150.505 0.874
351.510 162.469 29.931 146.766 0.850
219.942 162.809 47.446 228.387 0.752
158.182 182.449 11.304 44.865 0.743
0.701 150.578 24.415 171.920 0.728
257.167 170.998 8.580 37.989 0.726
121.437 178.020 5.596 20.583 0.665
215.626 155.958 41.659 222.907 0.626
214.971 165.640 44.521 220.936 0.619
79.851 178.120 11.732 40.446 0.604
78.819 181.275 13.002 41.046 0.601
187.173 167.482 35.062 190.759 0.570
224.680 174.636 45.156 180.485 0.559
356.719 162.418 32.718 167.474 0.558
104.826 173.705 10.434 43.860 0.526
142.685 175.319 8.711 30.394 0.505
0.000 0.000 0.000 0.000 0.475
