56.301 164.405 29.462 134.064 0.994
89.357 165.376 35.176 134.247 0.985
58.360 165.890 26.022 131.010 0.985
140.312 152.866 32.296 136.613 0.984
227.972 162.083 47.886 227.628 0.968
143.346 167.524 25.711 118.061 0.935
211.917 166.355 27.354 194.005 0.925
143.279 165.598 25.494 108.105 0.921
139.558 163.039 33.225 124.613 0.910
226.414 153.035 49.342 229.043 0.885
93.989 171.346 25.395 123.249 0.760
363.807 167.199 21.933 63.096 0.722
211.504 154.743 28.624 193.360 0.688
208.055 165.222 29.080 194.741 0.672
143.711 153.856 36.226 130.774 0.599
237.664 160.256 45.294 231.818 0.538
0.000 0.000 0.000 0.000 0.493
