128.074 162.947 21.273 106.213 0.995
158.999 165.724 23.505 120.997 0.991
0.931 148.251 84.726 266.776 0.983
324.547 162.412 26.488 143.533 0.969
182.718 164.285 21.790 101.175 0.961
180.959 162.254 19.311 109.646 0.959
325.739 163.565 22.791 140.230 0.954
323.044 164.646 23.579 135.451 0.942
321.042 162.312 27.036 143.291 0.913
242.943 172.064 42.356 207.349 0.891
159.191 168.078 21.823 107.185 0.875
244.164 157.902 39.966 220.883 0.833
284.504 184.667 50.333 191.286 0.756
364.754 168.454 21.106 57.521 0.664
129.035 180.565 19.412 92.626 0.658
284.892 200.487 50.929 188.017 0.578
0.000 0.000 0.000 0.000 0.500
