153.334 169.782 28.289 95.457 0.997
285.299 167.015 45.531 224.369 0.974
21.141 191.429 30.316 84.494 0.954
197.794 173.370 26.476 106.796 0.951
321.142 149.142 80.188 263.412 0.949
193.188 169.792 37.224 113.090 0.935
380.178 154.511 34.670 187.102 0.880
192.161 165.771 39.261 111.975 0.832
148.536 165.331 38.858 103.326 0.821
331.894 138.210 54.202 280.765 0.767
380.118 154.564 35.020 161.844 0.756
289.143 151.718 40.096 234.369 0.756
120.548 174.220 7.286 31.979 0.753
223.511 171.470 16.195 91.214 0.717
316.910 160.077 30.162 212.340 0.717
387.758 150.683 26.848 194.411 0.697
201.608 171.263 23.223 98.805 0.692
323.718 159.227 36.944 240.801 0.620
186.538 158.160 36.667 123.750 0.620
284.695 183.087 49.013 215.326 0.603
238.113 166.911 11.516 61.838 0.595
379.287 165.162 35.417 193.460 0.594
279.782 168.337 45.367 221.368 0.591
239.102 175.333 11.527 54.978 0.586
187.980 169.636 36.241 113.135 0.561
151.748 174.100 9.810 45.259 0.553
322.404 157.206 80.749 265.856 0.545
388.964 159.063 25.236 204.793 0.518
192.790 178.831 24.304 96.183 0.516
0.000 0.000 0.000 0.000 0.498
