328.815 164.837 58.641 233.963 0.974
178.046 170.409 23.813 88.902 0.974
141.466 176.482 9.154 40.605 0.941
389.673 159.741 26.173 243.800 0.940
201.878 164.755 23.106 104.246 0.933
325.055 164.138 48.699 233.551 0.889
223.600 172.718 26.656 106.295 0.818
152.391 175.593 8.537 34.545 0.811
327.196 180.958 62.122 219.661 0.796
390.402 169.426 25.866 246.603 0.782
152.280 173.964 8.472 34.411 0.779
182.609 167.847 22.311 94.953 0.752
223.155 173.097 24.430 93.595 0.741
234.548 169.259 21.890 100.836 0.725
355.822 165.641 38.427 228.383 0.681
390.097 136.172 24.776 261.840 0.679
79.437 182.402 12.588 40.264 0.597
217.274 162.348 36.880 118.030 0.586
378.859 160.506 35.688 240.895 0.567
126.100 175.265 8.289 30.644 0.565
218.396 170.996 36.529 108.971 0.521
323.419 178.814 50.689 224.425 0.513
87.562 177.089 11.566 42.926 0.512
119.429 175.278 7.714 30.543 0.511
0.000 0.000 0.000 0.000 0.491
