357.431 164.845 44.001 129.289 0.997
291.855 170.198 33.124 146.264 0.988
145.050 175.238 18.436 69.254 0.980
292.251 164.557 31.031 145.470 0.977
144.317 171.479 18.871 70.207 0.961
169.453 173.964 37.609 175.039 0.932
109.056 174.543 11.065 42.454 0.902
206.132 169.380 46.446 216.317 0.862
356.248 157.561 42.117 129.043 0.810
241.953 169.672 8.535 39.793 0.784
210.044 167.965 42.058 196.387 0.760
248.635 167.965 6.847 42.028 0.740
121.471 178.074 5.659 21.721 0.691
199.494 165.467 42.903 224.778 0.648
397.277 176.942 16.780 75.979 0.636
280.772 164.324 10.835 48.542 0.602
85.777 177.953 10.746 40.092 0.561
137.183 177.350 4.871 20.398 0.544
129.147 178.877 5.170 19.885 0.535
168.598 167.031 37.826 173.043 0.518
0.000 0.000 0.000 0.000 0.433
