173.930 162.917 29.748 144.633 0.984
204.174 174.145 28.971 118.919 0.978
202.339 171.625 34.389 121.157 0.975
133.422 162.423 46.634 200.443 0.936
122.008 167.667 16.251 71.508 0.927
173.608 163.101 30.386 157.920 0.909
221.783 168.337 20.813 103.036 0.875
123.243 171.606 13.129 65.953 0.799
109.053 173.493 10.337 44.066 0.785
174.558 168.394 26.571 131.228 0.767
248.915 173.480 10.105 39.484 0.694
249.449 169.430 8.465 42.635 0.674
220.113 170.074 21.413 114.224 0.501
0.000 0.000 0.000 0.000 0.489
