175.965 167.912 39.797 188.971 0.986
154.965 175.077 17.334 76.117 0.985
211.092 163.224 41.643 229.501 0.983
316.977 167.328 34.599 156.018 0.900
319.913 165.709 34.306 160.684 0.872
212.232 157.183 38.296 219.796 0.859
315.850 159.941 34.809 152.736 0.850
109.356 174.558 9.649 42.141 0.819
121.394 177.162 5.585 22.689 0.767
362.033 169.635 23.235 57.988 0.759
248.754 167.658 10.181 43.695 0.746
290.568 170.538 7.806 39.801 0.683
176.837 160.552 37.759 185.739 0.642
84.648 175.582 10.658 44.983 0.622
128.773 177.987 5.030 20.141 0.579
177.076 187.343 40.440 173.370 0.558
172.252 173.591 37.533 177.714 0.534
240.182 167.724 15.532 65.751 0.512
318.806 164.775 36.671 144.460 0.504
0.000 0.000 0.000 0.000 0.499
