136.598 167.363 24.587 97.126 0.998
170.642 170.070 22.543 111.360 0.987
340.681 159.217 36.923 153.359 0.975
172.884 164.247 22.094 114.973 0.968
255.241 170.264 41.277 217.250 0.933
341.300 160.536 36.564 164.565 0.931
191.417 169.837 19.647 90.184 0.906
289.262 158.060 80.063 266.120 0.887
76.132 198.040 25.748 67.885 0.786
78.734 185.472 21.995 67.435 0.772
200.932 173.215 17.447 87.175 0.755
366.330 168.777 17.988 67.625 0.701
284.530 147.621 83.057 273.489 0.685
236.771 167.467 12.282 61.134 0.646
301.780 213.936 51.526 162.305 0.625
257.733 160.291 37.013 215.774 0.617
120.059 174.903 8.357 29.749 0.582
0.000 0.000 0.000 0.000 0.490
