127.679 167.109 27.449 108.619 0.994
347.481 150.509 34.160 166.947 0.985
103.163 168.641 25.403 117.026 0.959
371.269 158.285 40.388 152.648 0.957
98.548 167.303 32.938 119.472 0.884
346.831 159.998 35.923 163.781 0.861
126.729 173.685 27.275 103.211 0.853
313.517 165.366 8.719 49.327 0.810
270.526 169.965 8.140 38.692 0.807
104.380 173.622 23.581 95.354 0.744
348.200 154.984 48.057 156.847 0.689
93.103 171.002 35.694 117.139 0.637
122.991 168.542 35.598 106.433 0.600
370.600 166.524 41.746 151.235 0.555
151.588 174.648 10.991 43.835 0.521
0.000 0.000 0.000 0.000 0.484
