138.181 153.020 33.019 135.523 0.996
54.650 166.314 24.413 128.957 0.990
53.598 164.599 29.056 133.236 0.981
228.495 162.039 47.695 229.005 0.979
87.651 167.585 33.251 132.895 0.974
93.043 174.934 23.706 118.527 0.966
137.842 164.923 33.910 120.720 0.957
211.086 166.631 28.705 193.062 0.946
113.230 170.190 24.031 100.164 0.912
140.239 169.118 28.105 115.362 0.911
140.987 162.852 26.769 111.039 0.835
112.340 172.205 25.967 109.274 0.827
226.478 153.653 49.452 228.243 0.785
210.813 156.230 29.943 190.351 0.763
207.410 166.743 30.536 192.072 0.728
233.446 164.661 51.558 225.503 0.723
119.555 168.361 22.054 102.595 0.704
117.271 170.858 24.415 110.492 0.632
363.306 167.019 23.110 62.571 0.624
268.998 171.912 7.889 35.812 0.541
205.576 161.751 33.026 179.679 0.531
107.205 166.672 35.093 123.236 0.514
0.000 0.000 0.000 0.000 0.405
