298.070 158.583 19.361 117.529 0.997
350.394 162.000 39.753 175.414 0.990
163.764 174.973 18.390 73.669 0.964
345.336 165.279 40.308 167.002 0.944
252.572 168.383 10.256 44.685 0.884
184.119 167.391 36.021 187.318 0.878
213.951 157.844 43.894 238.040 0.878
252.372 171.670 10.543 42.341 0.854
349.468 175.126 41.497 165.489 0.849
213.861 146.252 42.867 241.868 0.701
109.881 175.174 8.999 40.911 0.662
121.707 177.847 5.638 20.581 0.643
159.021 177.971 9.712 52.545 0.631
350.921 159.326 39.410 155.364 0.598
183.481 159.747 37.322 184.280 0.553
149.511 180.449 10.816 48.033 0.542
343.507 187.131 44.369 145.914 0.510
0.000 0.000 0.000 0.000 0.451
