139.718 151.295 32.101 138.448 0.995
55.780 163.584 28.163 137.377 0.994
88.829 166.369 33.326 133.040 0.988
57.434 164.169 25.385 135.268 0.986
228.414 162.561 47.462 227.307 0.964
211.822 166.997 27.309 191.949 0.948
139.007 162.714 33.487 124.968 0.922
94.037 170.943 24.905 124.019 0.901
142.046 167.065 26.761 119.192 0.876
141.894 163.580 26.545 110.233 0.850
226.764 153.644 49.037 227.673 0.843
211.422 155.965 28.494 191.226 0.782
208.313 166.246 28.866 192.705 0.701
363.586 167.796 22.874 61.538 0.667
113.227 168.801 21.036 100.973 0.656
121.951 168.011 20.643 102.348 0.626
235.824 158.745 47.032 235.821 0.576
119.210 169.151 23.063 114.949 0.513
206.665 160.423 31.376 182.398 0.504
0.000 0.000 0.000 0.000 0.493
