255.511 171.889 25.087 95.343 0.977
232.703 166.251 21.639 98.534 0.955
366.778 121.739 47.437 321.366 0.934
263.023 166.726 22.254 107.612 0.904
209.657 166.818 23.300 90.128 0.902
155.790 172.885 9.983 40.697 0.891
136.146 176.593 7.825 37.556 0.881
364.781 151.767 50.520 280.316 0.787
154.664 175.054 7.810 37.162 0.710
344.777 147.777 71.069 263.881 0.669
118.563 173.861 9.413 32.565 0.607
155.757 171.271 10.072 39.738 0.572
257.262 179.647 24.160 92.442 0.566
126.515 175.061 7.691 31.410 0.546
143.908 175.866 7.927 37.875 0.534
154.553 171.931 7.268 37.638 0.521
0.000 0.000 0.000 0.000 0.497
