68.832 167.642 37.982 124.338 0.997
149.577 154.358 32.608 127.518 0.978
108.652 167.986 24.829 124.843 0.975
152.758 157.181 26.734 124.027 0.973
102.502 168.196 34.021 123.764 0.933
154.763 174.056 25.553 105.343 0.891
225.233 147.151 49.574 237.842 0.828
133.951 178.969 25.687 96.057 0.772
223.440 162.941 53.563 225.452 0.708
68.556 165.792 38.438 112.851 0.703
136.361 179.009 23.147 77.624 0.687
182.885 171.754 13.170 61.443 0.661
149.374 165.018 33.088 121.319 0.656
242.575 164.084 43.660 202.588 0.586
211.220 165.842 33.172 196.532 0.570
363.511 168.555 23.233 62.940 0.521
182.570 172.772 12.476 47.934 0.515
0.000 0.000 0.000 0.000 0.449
