146.433 168.218 20.277 101.140 0.997
185.061 171.297 21.198 111.328 0.995
207.009 174.810 28.217 87.146 0.960
47.630 185.969 29.755 86.126 0.955
271.352 166.845 45.273 220.933 0.952
359.487 157.329 39.810 181.285 0.919
273.881 156.092 40.262 225.828 0.851
50.804 182.986 28.903 88.842 0.837
359.559 155.035 38.826 162.910 0.827
318.653 136.555 50.739 280.402 0.773
185.423 171.883 22.298 99.463 0.771
146.908 177.049 18.702 96.834 0.714
208.167 191.433 25.286 70.067 0.705
136.904 176.804 5.623 22.315 0.610
119.644 175.668 8.268 28.912 0.586
48.657 186.146 26.652 71.920 0.584
323.629 149.139 44.838 234.862 0.575
299.932 160.144 33.873 212.887 0.570
236.674 175.862 13.706 53.921 0.549
252.813 170.982 9.797 33.284 0.524
114.764 177.940 5.380 23.298 0.508
79.764 184.381 11.974 37.428 0.504
0.000 0.000 0.000 0.000 0.494
