219.055 166.911 25.946 99.284 0.991
245.721 166.076 27.577 109.110 0.990
202.952 169.607 20.613 89.560 0.986
242.959 162.195 34.141 116.067 0.940
246.828 173.134 26.697 105.064 0.919
137.994 176.526 8.958 38.689 0.902
356.397 149.480 50.165 267.467 0.899
364.189 145.606 50.181 273.526 0.885
361.364 159.918 53.724 261.892 0.812
154.112 176.074 8.458 35.221 0.807
153.975 172.015 7.913 37.144 0.796
355.595 166.119 52.035 248.994 0.764
119.425 171.903 10.113 35.248 0.720
141.880 176.004 8.335 37.185 0.655
125.434 174.349 8.367 32.413 0.567
243.358 167.320 33.788 115.784 0.526
0.000 0.000 0.000 0.000 0.472
