204.344 171.049 26.912 85.769 0.987
365.984 153.070 48.103 258.707 0.975
137.623 175.997 8.321 38.870 0.955
365.417 162.189 49.755 259.225 0.950
250.977 173.168 28.070 105.366 0.940
251.435 171.546 25.990 99.185 0.905
156.140 175.108 9.374 38.512 0.856
245.095 164.360 36.919 114.024 0.838
154.061 175.788 7.778 35.943 0.836
126.753 177.728 7.515 30.445 0.706
226.156 168.159 21.809 93.498 0.670
244.712 172.185 37.153 106.969 0.627
371.126 175.558 42.455 176.089 0.592
118.274 179.095 8.620 28.751 0.574
126.685 175.707 7.791 30.571 0.504
0.000 0.000 0.000 0.000 0.452
