44.078 157.655 45.246 155.600 0.996
38.543 156.665 47.741 156.283 0.980
227.584 153.805 45.054 244.009 0.964
228.383 151.469 44.531 229.841 0.941
44.396 164.867 44.583 154.094 0.939
191.144 162.010 40.210 201.457 0.909
319.974 168.341 8.739 42.714 0.873
104.196 173.991 10.343 43.019 0.856
158.320 180.137 10.538 48.276 0.837
38.539 163.843 48.068 155.506 0.773
363.833 169.060 21.771 65.827 0.724
121.280 175.984 6.125 22.278 0.665
79.025 181.553 12.610 41.581 0.594
-1.313 160.861 29.085 147.180 0.568
80.469 177.523 11.159 42.319 0.558
0.000 0.000 0.000 0.000 0.497
