140.420 167.057 24.347 104.884 0.994
260.396 169.717 46.005 218.028 0.982
174.939 175.300 27.370 103.436 0.980
204.060 167.889 22.033 91.236 0.970
61.674 195.106 27.630 69.394 0.962
294.583 159.556 78.043 245.522 0.954
354.068 158.854 31.251 150.102 0.922
157.394 170.454 9.582 52.187 0.917
349.781 161.525 32.411 144.819 0.772
354.325 157.812 30.885 173.621 0.747
320.766 159.282 49.032 240.511 0.742
141.817 178.103 22.602 96.439 0.679
120.263 174.671 8.570 29.563 0.629
62.933 191.630 24.926 59.202 0.613
259.082 187.583 49.097 206.014 0.599
175.977 170.599 24.185 102.932 0.592
292.474 152.730 35.862 256.447 0.592
263.767 164.481 38.834 209.306 0.592
168.244 172.537 37.302 108.122 0.591
266.591 162.205 50.162 236.247 0.571
237.900 172.651 11.862 59.308 0.550
299.080 161.352 73.759 259.303 0.549
301.976 132.170 50.467 298.468 0.514
294.947 152.719 32.131 226.702 0.502
0.000 0.000 0.000 0.000 0.456
