175.559 163.915 36.684 146.447 0.990
176.640 165.129 35.071 154.352 0.963
172.685 162.464 35.743 147.242 0.954
122.552 170.735 16.828 67.170 0.941
210.610 167.727 35.771 124.934 0.893
219.399 172.929 24.818 114.520 0.873
124.593 174.512 12.650 61.713 0.842
139.983 167.487 45.108 194.531 0.824
172.738 165.817 35.691 154.139 0.821
210.254 174.098 24.286 113.629 0.807
135.545 166.992 43.999 194.151 0.803
247.791 168.957 9.666 43.161 0.793
109.255 174.935 9.410 42.828 0.777
225.356 168.934 21.056 103.310 0.670
246.492 173.612 9.942 39.620 0.602
105.749 176.004 8.607 40.810 0.586
209.318 175.966 22.246 84.403 0.539
97.169 184.816 9.289 35.517 0.531
0.000 0.000 0.000 0.000 0.480
