8.516 166.879 37.559 140.826 0.996
119.627 164.344 31.405 126.097 0.993
122.296 165.155 27.653 126.717 0.979
56.391 166.430 32.218 142.253 0.969
10.360 172.609 35.330 136.671 0.968
81.975 166.946 34.813 122.694 0.961
157.442 177.566 10.502 53.809 0.960
231.182 159.864 54.084 232.383 0.940
119.892 153.048 33.298 137.171 0.936
229.731 164.617 46.714 223.986 0.932
207.985 164.787 36.826 195.404 0.900
83.832 170.945 30.352 114.296 0.893
56.842 169.698 32.635 142.585 0.846
204.987 168.049 35.247 188.031 0.778
363.104 167.764 22.607 65.100 0.632
61.745 172.929 23.576 124.946 0.612
200.566 161.845 10.477 70.971 0.612
231.496 165.563 57.583 204.353 0.597
228.799 160.373 45.811 215.715 0.592
207.364 156.901 37.452 190.691 0.558
10.972 168.676 44.911 137.588 0.532
0.000 0.000 0.000 0.000 0.495
