151.279 164.334 22.322 104.161 0.999
31.455 186.588 28.872 90.431 0.976
192.338 173.719 25.076 104.653 0.973
375.935 160.083 37.592 201.160 0.958
375.447 160.264 36.894 182.548 0.945
191.333 163.275 22.215 115.622 0.943
219.680 175.403 18.263 87.982 0.904
313.348 158.562 30.865 214.137 0.869
332.499 159.622 52.452 233.179 0.865
279.648 169.789 43.316 215.132 0.845
334.959 155.077 46.844 223.662 0.841
186.466 159.045 34.716 122.954 0.770
281.824 160.337 39.266 216.501 0.751
313.851 159.001 29.731 181.133 0.751
197.009 176.000 25.579 101.709 0.739
319.190 151.167 80.622 251.856 0.738
33.317 187.594 31.950 86.944 0.652
148.475 171.105 22.300 91.613 0.615
284.274 166.879 45.397 220.293 0.608
187.430 169.777 35.938 112.017 0.602
120.544 175.557 7.340 29.638 0.600
375.664 150.891 35.981 168.042 0.572
321.974 156.139 45.784 242.249 0.559
136.870 174.002 7.602 32.871 0.513
286.368 151.178 43.036 233.558 0.512
0.000 0.000 0.000 0.000 0.487
