161.722 167.676 21.294 99.017 0.994
290.595 161.767 52.666 238.686 0.981
297.511 161.751 50.332 240.198 0.959
191.474 160.956 19.623 108.899 0.942
207.382 171.438 22.566 97.983 0.912
204.048 173.741 25.248 104.883 0.898
329.313 155.832 85.407 250.445 0.883
227.574 174.117 19.672 87.056 0.882
288.260 185.550 57.495 211.000 0.843
150.743 173.726 8.185 45.649 0.819
-0.422 191.433 34.874 88.287 0.788
295.308 182.782 54.928 216.711 0.782
0.066 190.120 28.432 90.128 0.769
349.987 181.911 55.334 194.498 0.751
0.390 191.851 39.118 105.806 0.741
120.163 174.491 7.574 31.914 0.705
194.951 162.118 40.225 116.270 0.677
-0.352 187.885 37.800 97.621 0.640
232.652 169.654 17.574 91.170 0.596
350.626 170.181 49.250 193.213 0.545
0.000 0.000 0.000 0.000 0.488
