263.201 172.613 36.951 139.402 0.989
164.464 162.491 34.163 176.504 0.979
263.960 165.276 33.646 146.526 0.978
138.934 176.174 16.652 67.903 0.957
109.313 173.340 10.233 44.536 0.923
191.293 172.966 50.247 212.935 0.903
191.394 186.748 50.996 214.312 0.876
139.037 171.803 16.149 70.069 0.870
165.589 174.671 33.878 166.292 0.798
239.098 168.552 9.640 43.526 0.788
88.759 177.135 10.657 43.351 0.766
128.660 178.607 5.890 20.534 0.698
87.660 181.633 11.832 40.346 0.682
121.788 177.382 6.065 22.774 0.660
191.879 171.437 47.331 186.535 0.647
196.082 159.155 41.040 179.897 0.629
238.851 171.448 9.275 44.592 0.601
102.062 174.934 8.357 42.230 0.548
142.371 179.001 11.939 63.085 0.512
0.000 0.000 0.000 0.000 0.451
