114.511 156.671 33.713 139.167 0.997
112.185 150.253 37.958 142.991 0.989
74.125 168.432 22.450 116.113 0.988
0.236 171.334 38.837 142.210 0.982
-0.119 165.366 39.035 145.360 0.976
234.044 164.038 50.844 227.106 0.962
38.192 170.877 41.486 142.731 0.956
38.523 166.905 39.753 142.849 0.951
203.466 167.989 36.882 186.803 0.942
236.606 160.778 50.331 211.139 0.901
108.864 158.321 35.954 136.035 0.876
204.097 162.510 35.616 181.406 0.848
206.464 162.984 38.322 197.505 0.777
149.946 182.575 8.940 43.057 0.760
108.019 153.280 37.297 135.939 0.734
232.492 170.218 43.081 215.813 0.723
159.309 181.045 7.933 46.778 0.717
363.118 167.853 22.730 64.685 0.683
101.064 173.252 11.016 45.324 0.640
74.144 172.357 22.430 97.717 0.593
70.497 163.036 32.442 127.222 0.551
141.567 181.621 10.200 46.196 0.551
0.000 0.000 0.000 0.000 0.467
