264.462 168.613 24.470 102.356 0.978
236.568 164.956 22.243 99.248 0.977
216.906 171.248 20.524 83.710 0.970
135.162 176.783 8.289 36.390 0.928
259.659 171.785 17.671 91.115 0.888
156.600 173.824 9.152 39.692 0.798
126.243 177.668 7.898 30.887 0.718
395.039 118.746 21.109 291.330 0.685
264.813 177.711 23.178 95.746 0.665
394.847 140.448 21.332 276.519 0.650
118.561 178.099 8.586 30.231 0.621
79.184 183.166 12.526 39.946 0.577
217.303 166.802 19.835 76.771 0.542
118.684 174.841 9.331 31.515 0.519
0.000 0.000 0.000 0.000 0.441
