184.481 172.670 27.752 112.971 0.995
113.264 162.976 48.109 176.068 0.965
203.412 168.139 17.789 96.201 0.949
159.359 162.205 29.081 145.830 0.938
110.184 161.519 52.112 192.841 0.930
181.748 171.378 34.277 116.167 0.888
249.062 169.787 8.705 40.948 0.825
163.290 167.493 29.910 132.160 0.801
162.188 164.693 24.434 137.825 0.766
186.646 176.611 24.710 89.436 0.689
103.072 175.334 8.964 43.593 0.620
249.260 174.101 9.823 37.743 0.570
109.428 173.594 9.891 43.135 0.524
363.163 167.215 22.860 65.577 0.518
0.000 0.000 0.000 0.000 0.472
