229.038 172.640 34.265 123.523 0.991
194.613 161.161 30.446 162.847 0.955
109.195 174.342 11.341 43.297 0.940
193.402 159.969 33.771 155.058 0.938
235.334 173.956 25.439 120.352 0.902
261.814 174.696 8.584 39.765 0.897
191.012 161.568 30.597 166.132 0.896
128.083 169.029 17.953 70.603 0.878
191.217 159.027 30.492 155.901 0.854
149.256 180.103 43.422 170.325 0.777
129.210 175.840 19.007 66.882 0.717
227.548 177.487 34.854 127.230 0.716
153.814 158.472 50.921 213.254 0.711
225.321 169.581 11.080 37.804 0.682
223.547 168.212 12.879 54.745 0.657
92.429 183.197 11.583 37.332 0.626
93.600 179.630 11.115 37.199 0.532
0.000 0.000 0.000 0.000 0.484
