115.399 156.072 33.372 140.885 0.998
113.854 151.557 36.472 140.428 0.990
75.280 166.502 24.467 119.956 0.984
0.524 167.930 38.668 140.360 0.980
-0.107 170.576 40.342 142.900 0.974
40.179 165.752 39.690 144.654 0.956
203.803 168.506 36.768 186.611 0.952
41.270 172.120 39.310 140.138 0.949
233.312 165.383 52.275 224.302 0.941
158.609 180.774 9.065 47.098 0.864
235.931 162.820 51.485 207.592 0.846
206.850 162.782 37.663 198.499 0.845
74.851 169.105 24.518 105.117 0.816
204.010 163.056 35.702 180.559 0.778
149.791 182.852 8.937 42.616 0.764
47.021 172.128 36.795 140.007 0.665
107.750 158.046 38.122 137.142 0.657
231.632 167.739 44.554 220.279 0.640
71.353 164.349 31.713 124.807 0.637
363.136 167.321 22.807 64.475 0.607
45.559 164.297 42.888 143.624 0.580
101.224 172.601 11.315 46.260 0.516
0.000 0.000 0.000 0.000 0.474
