168.065 165.617 30.713 139.953 0.974
125.116 158.476 46.496 204.535 0.969
249.619 173.583 10.815 39.673 0.969
199.644 170.214 22.718 117.107 0.959
171.170 167.127 24.280 135.502 0.942
216.481 167.727 19.772 101.807 0.869
128.525 161.061 43.606 179.050 0.855
123.495 174.333 12.580 60.805 0.829
249.368 170.295 10.300 41.823 0.817
109.523 174.074 10.242 42.183 0.808
102.629 176.140 9.122 41.266 0.661
166.900 165.167 30.966 152.556 0.583
250.685 174.782 11.443 37.429 0.553
0.000 0.000 0.000 0.000 0.473
