34.380 153.140 33.479 163.947 0.969
229.497 150.466 41.966 230.599 0.957
226.762 152.082 46.533 247.746 0.939
316.336 168.775 9.716 41.543 0.894
158.281 181.037 10.532 46.777 0.888
387.362 158.515 28.547 173.851 0.866
79.580 180.772 12.076 42.669 0.815
189.644 162.941 42.002 203.303 0.810
104.897 174.607 10.710 42.120 0.797
380.289 156.024 35.013 178.464 0.797
362.885 170.101 23.572 63.574 0.722
79.755 178.250 11.505 41.024 0.691
187.200 169.027 38.190 190.183 0.684
387.922 147.467 28.122 179.786 0.622
314.557 169.075 9.581 41.067 0.617
120.780 177.237 6.057 20.598 0.582
0.000 0.000 0.000 0.000 0.494
