125.164 169.554 26.605 103.689 0.993
322.698 156.422 42.164 154.830 0.984
125.134 175.875 26.462 99.440 0.922
93.942 169.823 33.471 114.759 0.916
100.871 168.099 25.809 117.696 0.908
353.538 159.205 32.932 147.393 0.888
97.208 168.631 33.496 115.571 0.802
345.036 157.838 38.385 150.608 0.799
271.282 169.909 8.332 38.685 0.739
157.126 176.019 9.840 43.824 0.739
321.292 169.886 46.604 144.565 0.601
311.001 178.299 8.862 36.172 0.592
103.013 172.232 24.153 97.242 0.562
235.896 171.791 11.306 45.905 0.516
0.000 0.000 0.000 0.000 0.460
