2.166 168.260 40.304 162.307 0.994
82.789 155.178 40.612 149.328 0.993
37.257 168.673 24.200 126.646 0.962
199.040 158.281 35.523 202.202 0.945
35.460 163.801 28.871 134.225 0.939
81.447 145.113 41.324 154.121 0.918
158.329 181.692 10.769 47.535 0.891
34.925 171.481 23.680 119.290 0.867
2.126 187.018 42.947 142.195 0.827
197.735 153.473 36.734 199.800 0.797
3.211 166.858 38.376 141.034 0.719
31.557 161.225 29.434 140.455 0.714
230.081 146.016 44.257 239.788 0.678
158.912 187.906 10.778 45.601 0.652
363.267 167.127 21.794 62.441 0.610
232.336 150.984 53.801 249.720 0.599
332.953 166.574 8.892 42.968 0.585
228.624 154.517 48.046 242.815 0.580
121.810 178.473 4.807 18.514 0.541
236.411 160.211 50.107 209.623 0.532
269.476 169.577 9.488 39.683 0.525
149.269 182.284 10.084 45.689 0.515
0.000 0.000 0.000 0.000 0.474
