202.733 174.177 25.938 115.525 0.978
170.762 162.826 28.924 143.272 0.975
131.306 161.539 44.927 197.719 0.963
133.823 164.237 44.009 172.773 0.959
172.435 162.389 25.860 142.849 0.957
248.756 169.871 11.678 42.340 0.947
248.945 172.007 12.123 41.848 0.941
122.575 177.340 13.718 56.440 0.906
198.238 170.694 34.719 120.844 0.887
218.249 166.500 20.682 103.075 0.861
109.866 174.970 9.635 42.335 0.771
237.809 171.016 8.431 35.407 0.616
170.036 166.458 30.313 150.159 0.558
103.299 176.489 8.959 41.592 0.539
0.000 0.000 0.000 0.000 0.495
