189.399 172.075 27.829 114.703 0.975
167.540 170.308 24.716 127.944 0.961
249.004 172.799 12.216 41.389 0.957
164.994 169.122 29.559 132.851 0.955
120.184 158.273 52.200 202.083 0.919
120.743 166.201 51.303 171.684 0.885
186.022 170.160 34.659 118.758 0.865
211.164 169.229 18.384 100.016 0.848
249.205 169.434 10.930 42.974 0.816
114.432 175.649 54.659 167.961 0.755
114.818 178.445 53.204 145.430 0.741
250.125 175.180 12.681 37.318 0.645
103.697 176.282 8.778 40.132 0.601
110.829 176.622 8.279 38.907 0.518
0.000 0.000 0.000 0.000 0.387
