104.216 170.889 22.566 109.250 0.988
104.902 168.495 22.252 106.350 0.982
172.974 129.555 79.648 276.637 0.979
60.255 207.101 30.213 48.195 0.938
159.274 164.617 22.978 108.808 0.894
243.207 147.410 45.981 265.453 0.886
155.347 157.809 35.039 119.089 0.875
168.999 161.193 20.985 106.995 0.865
63.565 195.597 24.679 50.514 0.797
289.749 165.974 23.027 108.347 0.760
363.259 168.417 22.799 59.422 0.753
139.897 171.670 19.202 108.973 0.743
142.748 166.752 16.830 106.769 0.668
125.359 177.549 21.621 79.994 0.629
125.794 190.332 25.659 74.273 0.627
271.896 168.456 22.318 97.998 0.626
287.654 173.677 25.561 107.385 0.612
283.255 162.992 34.040 129.079 0.609
101.109 166.735 32.130 118.366 0.554
87.649 175.658 11.053 43.962 0.547
294.636 159.895 21.499 122.814 0.542
233.687 163.777 17.086 107.177 0.541
246.356 167.573 39.649 198.508 0.524
160.120 153.272 35.297 125.329 0.504
290.008 161.543 31.169 129.951 0.502
0.000 0.000 0.000 0.000 0.490
