126.617 168.279 27.269 106.176 0.994
342.277 156.967 32.820 156.106 0.989
367.574 156.877 40.197 155.152 0.980
103.461 168.773 24.402 116.809 0.957
126.092 174.849 27.225 101.021 0.892
341.808 163.368 35.033 156.269 0.875
270.129 169.270 9.148 40.140 0.872
366.492 164.396 41.923 155.447 0.795
310.119 171.046 11.585 44.408 0.784
311.419 166.885 9.694 47.633 0.734
156.594 175.293 9.937 44.828 0.734
98.390 167.716 32.771 118.549 0.731
335.648 173.754 8.036 41.913 0.683
92.942 170.680 35.669 117.323 0.663
361.189 158.351 40.406 150.740 0.652
105.004 174.254 22.827 93.821 0.633
121.520 168.838 36.083 105.540 0.510
0.000 0.000 0.000 0.000 0.478
