132.353 154.505 36.050 133.181 0.995
33.662 169.133 39.700 133.142 0.994
132.836 167.647 35.150 116.438 0.984
78.540 166.170 30.550 138.876 0.980
231.116 153.661 55.458 245.488 0.958
209.789 163.677 31.354 198.265 0.932
107.821 175.677 24.696 106.028 0.925
230.123 162.117 46.710 229.253 0.902
33.398 176.006 41.137 130.606 0.896
137.647 171.943 29.755 109.074 0.893
82.714 164.536 30.728 138.056 0.870
206.820 167.411 31.724 190.783 0.860
80.868 170.652 25.931 130.055 0.855
209.305 160.631 33.224 181.972 0.833
193.087 168.174 15.469 68.216 0.825
362.504 167.937 23.872 63.836 0.787
155.869 173.892 9.914 60.717 0.769
235.864 158.313 53.236 217.243 0.718
269.163 170.659 8.772 36.340 0.690
87.156 165.828 22.000 134.417 0.662
107.725 173.730 21.825 91.206 0.647
204.433 164.421 35.352 174.859 0.635
81.023 187.791 26.235 108.461 0.522
0.000 0.000 0.000 0.000 0.497
