174.283 161.945 31.374 148.413 0.985
207.377 172.307 26.180 120.375 0.974
122.611 169.461 16.171 69.912 0.902
174.578 166.158 31.250 151.168 0.901
124.389 170.582 12.571 69.969 0.866
133.715 161.526 45.843 203.608 0.862
202.829 171.239 34.794 121.981 0.852
223.944 170.072 21.291 99.768 0.816
176.261 161.616 34.502 149.400 0.815
109.031 173.838 10.095 44.495 0.784
248.757 169.140 9.213 42.853 0.751
222.111 170.625 22.530 113.382 0.671
209.084 168.689 36.625 120.066 0.555
252.446 172.663 10.460 40.681 0.519
0.000 0.000 0.000 0.000 0.481
