103.741 169.006 24.366 127.437 0.966
99.453 168.618 30.973 127.030 0.955
393.825 151.203 21.998 171.401 0.949
392.499 154.763 24.484 177.200 0.935
138.521 172.685 23.119 90.908 0.891
94.629 172.082 32.683 124.083 0.768
131.741 168.938 21.114 102.538 0.736
327.909 166.621 9.774 46.454 0.691
135.109 180.101 22.859 95.821 0.669
273.274 169.024 8.004 40.086 0.644
131.032 180.380 23.081 92.776 0.631
363.234 167.136 20.459 68.535 0.597
326.490 172.370 11.369 42.213 0.539
0.000 0.000 0.000 0.000 0.474
