58.519 165.588 37.978 127.059 0.989
146.611 152.846 30.393 135.819 0.980
125.555 167.488 19.580 103.384 0.970
97.251 164.970 34.980 133.618 0.966
92.241 165.728 35.116 133.488 0.950
60.289 165.507 45.118 130.301 0.940
224.268 149.745 49.912 233.691 0.925
149.140 166.390 24.507 118.600 0.906
150.003 152.098 23.763 137.399 0.898
142.837 153.007 30.401 137.009 0.886
225.329 165.371 49.327 219.914 0.876
146.740 161.540 29.947 127.592 0.727
211.101 162.953 32.696 200.619 0.725
139.963 164.593 34.807 121.426 0.640
176.146 179.497 11.024 32.787 0.634
363.370 167.452 22.763 59.994 0.591
126.893 174.322 19.311 103.701 0.559
86.985 175.274 9.810 45.042 0.557
256.937 168.923 18.527 65.756 0.536
251.652 162.620 34.480 171.270 0.529
144.711 173.136 27.087 106.640 0.506
0.000 0.000 0.000 0.000 0.500
