115.992 173.365 36.663 117.034 0.987
89.544 172.826 25.777 119.322 0.986
157.600 162.615 26.037 115.489 0.985
256.323 120.588 107.074 283.071 0.983
256.212 124.974 109.480 250.913 0.962
121.060 176.954 28.547 110.824 0.948
152.671 156.821 34.187 124.674 0.947
240.472 160.996 41.174 166.322 0.924
84.387 172.252 34.924 117.660 0.897
364.015 166.063 20.661 68.500 0.818
233.830 158.410 38.264 170.031 0.812
232.390 163.397 39.430 146.175 0.720
214.615 157.264 31.963 170.783 0.720
241.606 161.793 42.750 146.740 0.720
215.405 160.340 32.935 150.819 0.690
271.926 117.598 103.642 289.087 0.667
156.840 174.111 25.575 104.721 0.659
398.022 145.978 16.437 106.762 0.589
268.798 126.450 108.426 246.124 0.519
0.000 0.000 0.000 0.000 0.495
