155.637 170.678 26.446 96.062 0.995
288.319 170.131 45.945 220.136 0.966
198.455 175.393 26.063 104.041 0.947
15.014 188.308 29.908 89.920 0.927
336.733 143.318 46.593 267.037 0.910
192.821 171.298 38.044 111.121 0.835
390.431 153.644 24.217 186.500 0.831
225.461 171.584 18.822 90.759 0.828
151.939 173.497 9.244 47.008 0.823
341.485 154.498 40.197 225.235 0.800
189.021 165.601 19.653 103.158 0.777
285.458 182.161 51.563 217.155 0.755
120.254 174.403 7.506 31.893 0.724
192.343 162.517 38.887 116.696 0.715
18.097 190.656 30.074 85.915 0.696
323.069 146.325 78.229 263.850 0.678
315.484 154.001 30.239 227.020 0.673
202.495 172.273 22.410 96.262 0.633
391.264 162.023 24.220 197.756 0.590
149.859 166.321 39.196 102.882 0.586
137.966 177.402 7.189 32.815 0.575
238.659 174.912 12.035 54.842 0.560
390.063 147.693 24.656 176.265 0.555
186.535 156.161 36.056 123.659 0.526
294.500 153.346 38.094 229.763 0.508
0.000 0.000 0.000 0.000 0.485
