114.738 169.285 32.974 120.831 0.998
154.775 158.356 27.927 123.114 0.993
151.339 157.729 33.484 122.958 0.991
306.703 110.241 105.719 310.691 0.971
273.266 105.290 132.434 324.593 0.963
141.368 169.173 18.694 90.593 0.954
116.766 169.647 29.028 120.261 0.900
109.061 166.281 34.920 125.584 0.876
272.958 165.963 21.224 107.068 0.858
85.169 176.327 25.603 107.644 0.845
213.521 163.615 28.739 201.200 0.845
306.888 108.602 105.083 281.848 0.795
156.092 173.681 26.392 105.951 0.783
226.780 146.862 44.662 240.663 0.776
227.636 167.361 45.014 217.592 0.723
81.215 177.165 26.532 79.072 0.698
181.011 172.525 11.750 48.216 0.648
275.417 113.651 131.269 271.786 0.639
213.016 151.777 30.653 198.531 0.637
397.760 146.515 16.245 107.821 0.630
261.474 162.340 33.642 139.129 0.611
149.708 165.105 34.459 119.950 0.553
86.215 173.316 22.852 87.692 0.549
78.194 172.351 32.775 115.824 0.530
81.807 168.165 32.608 123.055 0.520
268.067 175.239 24.243 107.950 0.503
0.000 0.000 0.000 0.000 0.482
