245.488 163.591 24.988 111.889 0.996
217.532 170.954 27.077 94.605 0.984
201.718 169.040 20.281 90.249 0.978
355.870 158.580 51.085 248.762 0.934
137.755 177.222 9.525 38.511 0.922
246.492 172.271 22.617 106.704 0.915
362.918 146.998 52.110 271.541 0.906
244.072 170.200 22.231 97.838 0.841
154.156 175.608 8.698 35.950 0.832
353.982 161.811 54.880 257.470 0.824
154.069 172.071 7.873 36.972 0.802
242.623 158.494 32.350 120.815 0.736
363.531 150.533 51.870 280.221 0.731
119.654 173.223 9.027 33.100 0.709
141.750 176.206 8.353 37.710 0.672
201.852 169.289 18.776 71.449 0.595
125.492 175.294 8.213 30.328 0.579
79.435 185.731 13.139 35.855 0.521
0.000 0.000 0.000 0.000 0.436
