296.012 159.801 19.613 113.068 0.996
353.926 163.846 37.733 171.813 0.986
163.765 176.066 19.759 72.617 0.949
353.236 174.154 39.318 167.585 0.901
252.386 171.102 10.889 43.448 0.888
252.685 168.583 10.547 44.537 0.868
185.740 167.219 35.828 186.955 0.846
214.150 162.653 44.408 227.904 0.746
109.233 175.024 9.706 41.518 0.735
169.165 177.142 19.791 77.022 0.714
121.617 177.873 5.746 20.979 0.673
184.613 160.965 37.595 181.600 0.647
213.993 150.554 42.890 233.125 0.621
159.037 178.968 9.821 50.490 0.612
345.812 165.655 34.708 162.314 0.583
293.919 163.980 19.422 103.991 0.578
345.431 157.668 18.734 92.638 0.560
0.000 0.000 0.000 0.000 0.494
