92.328 154.576 35.414 150.232 0.983
96.562 156.031 33.824 147.152 0.983
21.428 163.378 34.441 160.060 0.981
49.826 166.346 36.195 126.695 0.977
20.710 166.086 35.001 144.418 0.954
202.056 162.618 34.537 195.952 0.929
232.790 149.720 52.696 252.704 0.914
201.796 156.314 35.053 192.499 0.838
96.469 148.783 35.456 145.111 0.800
236.138 159.141 51.031 213.378 0.778
78.737 180.874 14.667 42.726 0.717
271.741 170.779 9.363 37.658 0.590
78.894 178.552 14.224 40.528 0.582
230.324 154.912 45.280 241.900 0.578
158.998 183.838 9.237 42.014 0.541
92.075 148.559 35.387 146.599 0.536
48.606 153.372 38.033 137.071 0.520
52.473 172.941 30.664 116.420 0.509
0.000 0.000 0.000 0.000 0.498
