172.189 164.360 28.948 141.472 0.984
199.110 171.333 34.597 120.420 0.978
202.598 173.596 28.127 117.904 0.964
172.933 166.151 26.831 136.157 0.933
248.639 172.027 12.450 41.927 0.933
248.624 169.688 11.433 42.803 0.902
131.779 166.367 46.728 192.100 0.888
122.570 174.422 13.529 61.981 0.864
121.620 167.521 16.473 72.458 0.835
133.772 168.120 45.246 163.770 0.831
171.458 168.733 30.163 145.537 0.804
219.293 169.777 21.193 97.201 0.800
109.031 173.154 10.452 44.451 0.737
238.269 170.808 8.249 36.264 0.606
116.326 169.135 18.285 65.414 0.552
0.000 0.000 0.000 0.000 0.457
