124.112 171.979 24.217 96.790 0.988
336.162 157.272 36.128 148.552 0.969
313.232 160.371 34.347 147.847 0.967
328.666 158.222 40.714 148.015 0.898
91.383 171.325 35.852 111.236 0.891
95.620 176.800 27.468 101.416 0.858
301.188 163.221 11.543 53.145 0.848
157.511 180.115 9.003 43.991 0.825
157.662 177.716 9.235 41.983 0.763
271.972 169.204 8.111 39.712 0.729
124.232 181.406 22.799 90.007 0.698
366.061 171.188 21.078 59.476 0.649
102.381 173.295 23.872 107.882 0.600
141.834 171.937 16.681 81.833 0.531
0.000 0.000 0.000 0.000 0.477
