173.891 161.799 32.641 147.716 0.980
208.659 169.611 25.213 123.532 0.962
176.048 161.217 35.468 151.294 0.957
122.426 170.310 16.780 68.386 0.911
174.304 166.333 32.212 151.325 0.877
124.657 172.437 12.480 66.325 0.836
225.749 171.516 20.672 97.279 0.836
176.265 167.480 35.026 148.920 0.795
109.071 174.445 10.106 43.707 0.794
133.907 162.210 45.316 202.453 0.774
203.139 171.211 34.763 122.268 0.701
249.015 169.207 8.802 42.708 0.673
222.668 170.383 22.105 114.433 0.645
97.685 179.154 8.796 37.480 0.558
208.463 175.373 22.391 87.978 0.530
208.637 169.483 37.445 119.542 0.528
0.000 0.000 0.000 0.000 0.463
