229.212 151.066 40.872 229.355 0.974
381.531 157.134 32.856 177.039 0.971
226.624 148.330 45.360 254.433 0.946
313.292 168.996 11.172 41.859 0.937
386.833 157.233 28.382 179.771 0.861
105.262 174.837 10.806 42.708 0.848
22.486 157.335 42.923 156.913 0.818
20.579 163.936 46.246 158.378 0.816
380.097 155.177 35.156 165.668 0.807
79.277 179.844 12.385 43.607 0.784
158.385 181.221 10.171 45.857 0.778
362.172 167.712 22.879 68.417 0.746
79.085 178.577 12.156 39.948 0.737
184.525 170.023 41.940 186.895 0.709
188.899 164.208 43.870 201.447 0.706
315.992 170.082 10.337 40.343 0.623
386.987 153.604 28.529 167.293 0.549
232.077 153.837 37.050 195.192 0.528
120.800 178.013 5.833 20.183 0.527
312.974 173.419 11.385 38.866 0.518
0.000 0.000 0.000 0.000 0.489
