38.575 154.256 38.174 159.747 0.974
227.265 153.022 45.646 245.890 0.924
228.808 151.040 43.242 229.181 0.911
317.956 168.392 9.692 42.558 0.906
190.538 160.069 40.171 205.565 0.902
158.251 181.313 10.796 46.345 0.837
104.723 174.428 10.654 42.833 0.831
80.091 177.410 11.631 42.219 0.777
363.384 167.991 21.257 68.563 0.742
38.581 164.377 38.969 155.705 0.735
187.581 167.650 37.847 189.954 0.728
79.582 179.292 12.323 44.537 0.688
390.083 154.878 25.647 183.257 0.635
121.128 176.752 5.665 21.434 0.601
317.890 170.594 9.627 44.234 0.527
0.000 0.000 0.000 0.000 0.452
