253.449 165.263 31.080 143.348 0.966
133.591 176.289 18.159 67.681 0.965
253.474 172.855 30.836 137.514 0.934
132.450 174.546 19.335 64.492 0.861
108.375 173.132 10.339 44.763 0.860
175.234 174.881 50.571 203.425 0.847
255.064 178.623 25.576 128.212 0.811
257.207 171.738 22.723 129.095 0.792
154.455 170.066 35.031 162.196 0.787
176.220 177.850 48.267 173.678 0.694
232.224 172.538 9.523 45.680 0.626
120.932 176.992 6.590 22.785 0.621
200.249 158.090 32.380 181.133 0.614
129.100 177.436 5.638 21.256 0.600
240.648 167.844 7.024 43.864 0.598
267.513 169.495 18.851 126.284 0.526
0.000 0.000 0.000 0.000 0.499
