33.614 170.779 39.909 146.017 0.998
106.120 159.248 32.347 137.523 0.990
33.789 167.394 39.581 141.387 0.980
63.436 173.277 24.404 112.295 0.977
203.847 162.100 34.587 197.462 0.974
103.302 148.658 35.612 145.378 0.948
233.773 159.572 52.749 233.950 0.925
204.017 156.932 33.765 191.808 0.894
158.886 181.266 8.649 44.952 0.891
-1.196 182.913 20.202 124.897 0.861
238.009 161.706 49.956 209.091 0.843
149.937 182.170 9.180 42.451 0.698
-0.872 166.212 16.943 138.044 0.635
22.910 169.737 47.312 147.105 0.622
363.316 166.764 22.525 64.948 0.604
108.468 162.904 26.201 131.526 0.592
205.443 157.601 40.241 208.754 0.533
273.006 169.854 9.379 39.003 0.505
0.000 0.000 0.000 0.000 0.480
