174.021 171.104 25.368 91.171 0.991
322.664 158.731 48.247 246.928 0.970
376.814 148.097 38.669 266.457 0.962
141.225 174.849 10.095 41.076 0.961
219.841 172.849 26.207 107.215 0.941
319.825 171.010 52.699 239.515 0.848
334.228 162.185 50.606 238.325 0.846
220.581 173.784 25.134 93.375 0.841
241.276 168.747 14.976 93.310 0.836
153.312 173.523 8.367 34.865 0.823
200.021 169.117 22.939 96.385 0.799
378.225 141.104 36.677 252.354 0.734
387.524 150.880 27.865 260.537 0.683
212.952 170.987 37.238 110.267 0.672
153.719 176.270 8.875 33.127 0.668
212.734 165.649 38.921 111.590 0.608
375.386 150.607 40.884 282.332 0.600
353.746 155.537 39.612 249.665 0.565
334.293 178.413 48.872 224.696 0.557
0.000 0.000 0.000 0.000 0.482
