264.056 171.762 39.518 141.999 0.991
265.235 163.862 36.960 148.513 0.981
139.691 175.954 17.280 68.207 0.979
164.607 162.970 34.125 175.538 0.968
139.405 171.988 16.559 69.849 0.917
109.161 174.232 10.389 43.609 0.914
193.239 181.360 49.925 225.550 0.855
192.898 163.921 48.730 230.718 0.817
362.965 168.230 23.969 68.767 0.775
166.411 173.411 34.060 168.517 0.757
129.128 178.296 5.808 21.448 0.752
237.772 171.400 10.808 45.755 0.741
89.137 177.303 10.501 43.356 0.720
88.209 181.757 11.661 40.227 0.713
121.706 176.953 6.029 23.333 0.689
198.251 161.388 39.016 175.413 0.661
398.303 184.733 17.514 99.281 0.514
238.258 169.398 10.829 42.096 0.514
0.000 0.000 0.000 0.000 0.487
