240.334 167.293 21.803 135.908 0.989
195.631 162.489 29.865 150.967 0.984
196.419 159.757 27.876 165.928 0.981
109.399 173.938 10.776 44.425 0.927
235.802 168.231 30.608 132.109 0.919
129.322 172.013 18.192 66.230 0.849
130.274 177.758 18.895 63.104 0.747
130.534 177.572 14.227 64.375 0.680
238.226 183.657 21.101 116.408 0.659
129.838 182.671 14.782 44.024 0.658
156.654 171.783 51.196 207.822 0.616
362.729 168.433 24.042 64.550 0.615
191.421 161.553 30.764 167.037 0.613
156.043 157.845 49.145 216.539 0.576
225.928 170.084 10.358 37.395 0.557
122.163 176.072 5.553 24.795 0.555
93.604 177.314 11.002 40.714 0.545
191.731 162.601 30.420 148.654 0.541
92.242 183.047 11.843 37.985 0.500
0.000 0.000 0.000 0.000 0.384
