175.545 161.142 25.290 108.925 0.993
305.693 166.912 34.382 136.069 0.993
144.598 173.528 28.768 108.359 0.990
148.079 165.732 25.249 122.780 0.986
122.854 167.714 20.845 101.541 0.964
47.878 128.562 85.489 286.963 0.951
239.415 167.558 37.500 218.807 0.946
145.402 168.844 32.123 117.227 0.884
142.643 171.666 31.424 111.822 0.858
239.977 158.576 38.361 218.494 0.848
301.702 165.216 33.752 137.252 0.831
268.312 176.430 44.087 208.051 0.796
365.269 169.302 20.804 62.376 0.794
235.470 173.953 38.063 204.589 0.786
304.945 171.792 35.872 138.726 0.731
122.322 177.266 22.047 98.114 0.702
236.993 167.683 34.986 199.064 0.595
397.976 148.872 16.711 102.082 0.593
263.344 180.726 44.534 196.631 0.591
268.336 175.921 43.500 182.056 0.547
252.976 148.375 78.261 271.491 0.536
0.000 0.000 0.000 0.000 0.458
