52.558 160.334 44.610 150.859 0.997
52.130 165.736 46.467 152.543 0.965
228.406 149.182 45.755 234.730 0.962
228.288 155.527 46.090 240.055 0.949
191.742 160.878 39.373 201.197 0.921
2.323 165.575 30.552 139.409 0.912
158.544 181.585 10.615 45.743 0.858
1.097 161.915 27.364 145.287 0.828
321.628 166.434 10.038 44.872 0.828
363.422 169.354 22.501 64.810 0.689
121.423 177.186 5.882 20.767 0.668
0.367 172.667 22.972 122.953 0.651
104.388 175.664 9.798 40.609 0.623
191.794 147.211 41.451 212.324 0.539
56.543 159.082 48.339 150.728 0.520
0.000 0.000 0.000 0.000 0.485
