301.693 161.947 25.819 114.177 0.997
339.896 168.343 45.467 162.595 0.965
183.613 164.057 35.531 193.922 0.915
213.487 163.416 43.825 227.800 0.903
160.749 174.795 17.148 61.828 0.857
108.981 174.848 9.930 41.801 0.836
251.933 167.599 10.356 45.590 0.832
297.566 161.590 33.785 112.921 0.828
182.876 162.057 36.907 179.726 0.789
302.662 174.922 26.525 101.162 0.779
121.654 177.418 5.766 21.150 0.766
337.435 182.104 48.971 152.982 0.754
213.612 152.511 43.260 228.124 0.718
160.436 177.677 18.756 64.976 0.712
339.036 155.622 14.799 96.890 0.592
397.690 151.996 17.061 97.372 0.569
251.949 172.220 10.340 41.614 0.563
128.693 177.028 4.888 19.917 0.538
149.314 181.492 11.812 45.316 0.504
0.000 0.000 0.000 0.000 0.497
