262.507 165.993 27.267 141.585 0.996
163.545 164.876 34.040 170.329 0.983
263.150 182.624 25.892 119.881 0.955
137.063 176.339 19.222 68.538 0.954
262.391 171.982 27.893 138.679 0.950
185.764 171.863 51.183 214.606 0.908
265.132 176.205 23.826 119.525 0.884
138.272 171.998 16.979 69.349 0.855
164.580 177.164 32.672 162.222 0.854
109.016 173.367 10.369 44.042 0.838
186.597 195.245 49.626 194.797 0.806
134.118 176.267 18.477 67.943 0.748
88.593 177.343 10.726 42.879 0.738
239.835 167.795 7.526 44.040 0.712
187.520 170.545 48.017 189.002 0.703
87.857 180.924 11.440 41.362 0.682
128.659 178.549 6.001 20.518 0.643
102.006 173.910 9.163 43.523 0.629
121.630 177.397 6.243 22.139 0.613
231.942 173.940 9.152 44.102 0.539
0.000 0.000 0.000 0.000 0.483
