154.566 170.692 26.894 94.787 0.996
286.100 167.620 45.205 222.420 0.969
197.661 173.115 25.625 107.380 0.968
18.655 193.577 30.810 79.554 0.917
388.593 153.543 26.666 185.864 0.911
335.285 136.686 47.904 280.939 0.880
193.162 170.672 36.471 111.570 0.871
223.496 171.698 17.516 91.582 0.762
200.796 171.109 22.475 100.467 0.753
290.821 148.885 39.838 239.773 0.752
120.347 174.474 7.373 31.883 0.747
339.693 151.452 42.320 231.252 0.720
317.228 155.496 28.784 223.411 0.696
192.366 164.852 37.806 113.506 0.679
387.811 148.565 28.139 174.676 0.677
16.572 192.477 28.934 80.480 0.675
238.832 174.678 11.650 55.513 0.651
321.724 147.761 77.405 261.649 0.633
389.288 159.193 26.271 202.641 0.632
284.616 182.972 49.093 215.634 0.626
380.720 152.064 34.090 188.059 0.596
148.644 166.179 39.751 102.258 0.589
189.700 167.390 19.692 101.889 0.579
192.993 178.821 23.868 96.227 0.552
186.699 157.406 36.122 124.307 0.540
151.832 172.918 8.744 47.305 0.532
0.000 0.000 0.000 0.000 0.498
