184.932 172.267 27.744 112.908 0.993
113.791 162.942 49.713 177.287 0.977
110.955 159.431 53.756 197.024 0.963
203.380 167.157 19.436 102.729 0.951
182.114 170.099 34.658 117.513 0.916
248.676 169.708 9.812 41.511 0.891
159.095 161.526 29.255 145.914 0.883
163.807 166.189 28.631 134.099 0.826
162.808 164.891 23.288 137.335 0.760
164.730 166.014 24.171 130.730 0.754
248.751 173.254 11.010 39.105 0.652
103.343 175.279 8.792 43.275 0.644
362.576 167.895 23.741 64.204 0.589
187.110 178.918 24.034 83.365 0.531
109.367 173.542 9.498 43.378 0.509
0.000 0.000 0.000 0.000 0.385
