244.284 166.065 31.000 139.240 0.987
243.716 176.550 30.042 130.841 0.968
198.327 160.061 32.227 153.750 0.944
198.164 156.261 32.249 175.359 0.935
129.780 171.204 17.929 69.706 0.932
130.669 176.509 18.366 65.891 0.917
109.464 174.746 10.520 42.325 0.899
245.192 188.162 27.648 112.654 0.840
132.090 176.527 14.035 57.658 0.722
240.476 169.966 6.806 39.178 0.690
249.525 175.874 25.044 117.000 0.660
122.527 176.992 6.092 23.830 0.634
91.990 182.963 11.584 38.870 0.623
160.955 165.584 49.840 198.957 0.621
230.321 171.369 10.061 46.488 0.621
238.138 168.230 33.010 134.879 0.599
159.568 168.038 55.589 215.003 0.561
155.803 155.943 83.811 227.651 0.514
0.000 0.000 0.000 0.000 0.496
