150.006 163.773 22.930 123.642 0.997
122.521 162.813 21.587 112.580 0.990
309.279 163.628 34.201 139.259 0.988
175.954 161.651 25.130 107.805 0.988
239.600 152.479 39.733 228.572 0.976
239.527 167.653 40.573 214.980 0.967
37.912 131.016 88.927 290.082 0.961
151.520 163.303 23.852 117.067 0.923
122.613 174.853 21.689 101.450 0.851
364.738 169.240 21.528 58.688 0.808
147.763 165.088 31.098 121.599 0.753
146.180 176.335 26.348 99.859 0.748
147.951 159.674 31.692 123.420 0.740
271.017 178.327 46.221 201.943 0.677
398.115 147.366 16.451 104.600 0.568
111.084 171.701 17.879 83.264 0.500
0.000 0.000 0.000 0.000 0.493
