210.962 159.598 40.520 239.146 0.980
175.669 164.787 38.611 193.308 0.962
310.716 168.151 36.383 157.858 0.950
153.706 176.039 17.288 72.795 0.935
311.470 160.752 33.699 149.968 0.933
108.784 174.111 11.279 43.032 0.906
121.394 176.721 5.717 22.433 0.805
213.590 161.894 39.182 209.668 0.797
84.344 175.600 12.048 45.025 0.776
171.272 168.315 38.468 185.613 0.755
175.094 158.097 39.457 189.181 0.640
363.235 167.995 22.763 63.218 0.627
211.062 179.053 39.713 223.468 0.610
238.938 167.360 15.632 66.645 0.584
336.734 168.617 24.548 98.537 0.569
147.513 179.523 19.786 64.310 0.546
128.250 178.348 5.367 19.777 0.520
336.437 173.960 24.871 111.574 0.511
0.000 0.000 0.000 0.000 0.498
