291.881 161.897 39.490 140.618 0.998
123.786 173.148 25.618 94.512 0.986
157.944 176.967 9.628 43.045 0.811
321.587 164.992 32.720 129.660 0.810
93.690 173.885 27.282 104.501 0.805
157.776 180.809 8.765 42.466 0.773
92.764 178.867 27.024 80.919 0.734
123.882 179.760 24.020 92.263 0.711
313.059 164.119 37.563 131.963 0.682
89.376 169.756 35.895 112.133 0.652
320.762 177.948 25.507 101.545 0.591
272.142 169.996 8.183 38.458 0.578
291.859 155.324 36.683 133.336 0.567
323.707 170.583 27.884 120.454 0.532
0.000 0.000 0.000 0.000 0.495
