90.362 165.290 37.914 134.252 0.992
56.501 166.252 32.200 125.474 0.990
59.460 169.200 27.228 121.758 0.979
122.482 165.008 19.360 111.220 0.963
227.380 159.813 48.194 232.468 0.957
144.692 169.092 26.474 116.818 0.940
95.382 162.675 38.435 137.968 0.927
141.131 162.453 32.728 126.876 0.919
141.707 154.974 31.332 133.942 0.912
145.778 154.568 31.749 132.502 0.910
225.864 151.941 49.902 229.657 0.903
148.576 170.400 24.745 112.719 0.849
211.201 168.048 28.714 189.445 0.846
145.286 166.230 31.868 119.914 0.774
207.493 168.457 29.706 187.074 0.759
122.249 169.429 19.318 112.662 0.743
364.294 167.255 21.685 62.415 0.684
144.488 169.483 25.084 98.828 0.633
210.653 153.769 30.129 194.268 0.553
206.544 160.302 30.554 181.209 0.524
0.000 0.000 0.000 0.000 0.458
