128.032 166.303 27.295 109.706 0.992
351.397 162.467 40.095 160.304 0.968
351.102 157.065 40.556 159.087 0.963
103.345 167.730 25.323 122.306 0.961
349.588 156.877 33.898 159.187 0.941
349.342 166.148 34.824 152.973 0.929
99.002 167.593 32.234 121.873 0.925
128.042 176.706 26.275 98.812 0.914
374.122 162.154 37.406 147.817 0.802
270.880 169.537 7.947 39.793 0.786
93.950 169.468 34.160 121.956 0.742
314.312 165.057 8.459 47.374 0.662
373.105 167.688 39.599 149.315 0.566
122.550 168.117 36.306 106.375 0.539
105.377 175.087 22.794 90.908 0.521
156.638 180.451 8.999 43.808 0.505
0.000 0.000 0.000 0.000 0.492
