241.385 166.823 21.754 138.797 0.994
197.042 159.761 27.105 168.999 0.986
237.331 167.788 30.144 135.842 0.970
196.542 163.751 28.593 148.935 0.964
130.300 176.363 17.991 66.151 0.952
109.306 174.024 11.043 43.491 0.932
128.983 172.043 18.035 68.156 0.917
239.578 181.676 22.435 119.924 0.719
251.475 167.938 18.762 121.193 0.705
131.012 176.247 14.017 67.576 0.687
122.083 177.085 5.692 22.502 0.637
130.158 180.259 14.577 49.284 0.594
156.701 162.814 56.334 225.892 0.594
155.639 148.356 51.646 236.392 0.533
0.000 0.000 0.000 0.000 0.462
