174.154 171.324 25.992 89.455 0.990
323.293 158.047 47.907 247.782 0.967
141.304 175.284 9.875 40.909 0.961
219.935 174.124 26.252 104.907 0.960
200.253 166.277 22.777 99.272 0.915
331.500 159.160 55.072 246.391 0.909
220.688 173.925 24.618 93.170 0.903
388.877 156.683 26.616 249.025 0.862
153.128 173.417 8.479 35.043 0.814
378.459 148.751 37.031 265.257 0.812
242.489 170.060 13.757 90.799 0.791
320.581 174.159 53.191 233.056 0.775
153.479 176.212 8.990 33.384 0.690
353.561 158.916 39.550 243.767 0.640
389.438 138.086 25.253 257.377 0.542
212.340 164.446 39.054 112.743 0.541
333.247 178.521 51.150 224.134 0.535
79.190 182.212 12.774 40.131 0.528
390.150 174.061 25.479 237.770 0.514
0.000 0.000 0.000 0.000 0.472
