20.737 164.422 33.943 159.650 0.994
90.574 156.100 37.934 148.611 0.992
49.918 167.146 33.446 125.565 0.982
19.388 167.401 35.683 141.816 0.966
94.346 158.774 37.862 141.893 0.958
201.311 162.423 33.976 196.585 0.929
232.295 152.444 54.017 247.459 0.887
90.643 148.990 37.455 146.491 0.848
201.566 157.067 33.924 191.033 0.802
235.453 160.236 51.611 210.562 0.798
45.665 162.204 34.072 136.412 0.795
122.003 176.126 5.751 21.275 0.789
51.775 170.720 29.698 121.012 0.756
79.114 181.240 13.929 42.664 0.725
94.584 148.851 38.902 144.704 0.670
158.960 183.427 10.018 43.484 0.661
49.422 166.473 27.062 126.448 0.587
232.058 149.985 41.412 232.107 0.569
362.607 168.584 22.797 61.368 0.526
148.851 184.458 10.525 40.573 0.510
229.894 155.114 46.214 241.700 0.503
48.268 153.841 35.911 136.292 0.500
0.000 0.000 0.000 0.000 0.475
