190.765 166.839 22.127 95.340 0.996
235.845 168.489 26.712 104.180 0.967
235.762 171.706 26.718 108.342 0.947
213.618 163.288 25.462 101.598 0.929
230.648 160.621 35.697 118.950 0.908
342.980 162.473 58.592 256.138 0.883
345.256 161.166 56.837 245.950 0.882
137.926 179.033 10.099 37.597 0.859
153.593 171.973 8.231 37.375 0.817
333.854 164.059 78.159 240.139 0.772
340.456 166.214 49.741 235.639 0.766
141.301 178.241 8.723 38.168 0.758
337.607 171.961 54.818 238.250 0.752
209.600 165.823 26.088 94.853 0.694
118.452 173.840 8.612 32.740 0.682
153.181 175.422 8.590 35.086 0.650
126.036 174.544 8.085 32.161 0.607
88.150 176.448 12.494 43.752 0.594
79.460 184.831 12.670 36.911 0.549
369.672 157.978 44.193 247.117 0.525
0.000 0.000 0.000 0.000 0.455
