246.286 172.797 34.226 127.475 0.992
244.944 177.659 35.414 127.848 0.942
132.087 176.807 17.466 65.258 0.936
130.904 172.182 17.313 67.955 0.910
109.161 173.932 10.368 43.806 0.882
198.245 160.653 34.202 146.583 0.812
197.854 154.608 33.800 185.742 0.810
134.678 180.819 12.500 59.656 0.717
172.804 165.905 50.178 197.312 0.691
121.647 177.227 5.879 23.759 0.657
161.772 176.235 46.623 172.206 0.611
232.118 171.276 10.583 47.604 0.553
170.904 173.202 53.070 205.447 0.531
250.253 178.937 26.870 113.001 0.505
0.000 0.000 0.000 0.000 0.445
