182.302 166.213 23.783 96.201 0.990
140.835 175.904 10.561 41.580 0.963
234.131 167.056 25.942 104.746 0.954
332.660 168.123 53.812 227.138 0.954
355.749 164.151 44.098 233.860 0.881
203.030 167.148 24.964 100.010 0.849
393.301 158.873 22.838 244.368 0.838
152.280 174.218 9.002 33.325 0.801
152.863 175.309 9.190 35.197 0.773
118.795 172.779 8.631 33.374 0.769
178.909 169.706 24.518 89.449 0.761
360.443 160.433 38.013 215.343 0.740
226.289 162.723 37.153 112.753 0.727
125.925 174.409 8.089 30.646 0.682
330.233 181.511 59.275 217.554 0.626
336.195 164.349 41.812 207.133 0.600
231.627 173.772 25.906 103.613 0.599
394.349 142.957 21.794 248.293 0.566
79.908 182.833 12.227 39.921 0.547
0.000 0.000 0.000 0.000 0.447
