104.063 169.920 24.467 124.472 0.962
393.861 149.987 22.225 172.255 0.954
392.593 155.248 24.177 177.460 0.950
99.413 168.548 31.692 126.191 0.933
137.787 171.979 22.830 92.155 0.901
131.419 168.041 21.939 105.509 0.830
327.594 166.979 9.681 46.627 0.689
130.291 180.777 24.230 91.300 0.668
273.218 168.651 8.141 40.851 0.657
326.298 171.146 10.916 44.038 0.648
134.975 179.985 22.650 95.319 0.645
94.395 172.341 33.167 122.905 0.601
363.057 167.735 21.403 67.227 0.594
398.831 147.213 15.950 176.196 0.504
0.000 0.000 0.000 0.000 0.477
