148.969 167.928 20.931 101.552 0.997
151.065 164.193 19.110 109.214 0.993
191.119 159.377 21.794 124.345 0.984
189.966 169.500 22.631 112.095 0.972
41.194 188.618 25.880 85.459 0.931
368.999 154.796 42.585 193.568 0.930
366.275 157.484 46.831 204.491 0.913
278.841 155.471 38.763 224.242 0.889
310.541 156.442 30.060 218.130 0.888
277.611 164.088 41.821 222.648 0.811
311.590 157.142 28.001 187.177 0.794
183.637 158.172 33.975 124.713 0.787
332.254 165.550 49.533 197.214 0.675
120.335 175.376 7.649 29.848 0.635
214.881 170.546 21.526 94.206 0.579
209.187 171.561 22.059 93.896 0.558
325.284 155.353 42.908 220.782 0.555
369.229 158.353 42.015 154.306 0.548
0.000 0.000 0.000 0.000 0.480
