123.987 172.143 24.887 97.121 0.987
336.280 154.622 36.316 157.183 0.980
314.027 160.525 32.608 149.479 0.947
327.111 152.606 43.454 160.892 0.909
157.279 180.214 8.901 44.080 0.901
91.494 171.157 36.115 111.713 0.879
95.972 178.142 27.349 99.221 0.777
124.326 180.774 23.587 91.113 0.760
300.975 162.323 11.484 53.499 0.723
101.971 173.674 24.533 107.180 0.694
272.098 169.380 7.926 39.555 0.667
365.633 171.031 20.845 58.733 0.595
157.579 178.294 9.297 41.343 0.562
316.032 168.689 24.565 130.206 0.520
0.000 0.000 0.000 0.000 0.394
