268.082 163.884 42.875 144.070 0.988
266.676 160.221 40.233 149.697 0.981
389.394 156.997 25.521 144.093 0.979
391.857 160.403 24.311 137.337 0.968
109.021 173.693 10.828 43.531 0.937
266.787 171.869 45.926 140.578 0.918
142.036 171.153 16.056 70.490 0.916
265.100 172.620 42.940 140.147 0.899
238.009 170.106 10.717 47.712 0.899
166.636 170.367 38.473 175.608 0.898
85.830 180.880 13.176 41.891 0.869
166.494 164.783 37.988 176.172 0.866
389.746 152.310 24.928 138.860 0.859
142.481 175.618 16.704 67.199 0.830
197.813 161.405 46.160 231.767 0.824
238.591 168.091 10.699 45.547 0.820
86.627 177.554 12.163 42.726 0.776
122.046 176.536 6.031 24.416 0.714
204.623 176.998 44.870 200.182 0.706
200.225 168.052 42.531 195.295 0.697
204.506 177.261 44.058 175.659 0.696
157.423 181.784 10.214 46.788 0.693
362.012 168.617 24.876 67.395 0.688
129.464 177.536 5.591 22.863 0.677
142.995 176.927 13.898 55.682 0.625
101.586 174.822 8.728 42.297 0.618
0.000 0.000 0.000 0.000 0.443
