157.066 163.453 28.828 111.303 0.994
154.036 160.453 35.533 116.438 0.988
93.363 172.831 27.846 113.917 0.969
118.546 167.260 34.594 121.293 0.959
123.521 168.761 27.218 118.809 0.927
216.503 142.971 87.570 249.566 0.919
280.185 165.712 34.909 126.230 0.909
90.313 172.710 34.242 110.669 0.829
363.204 168.530 22.706 63.580 0.798
204.536 146.931 92.921 243.824 0.791
71.588 191.728 23.955 54.636 0.787
282.498 173.276 28.062 111.686 0.730
125.250 177.644 24.365 81.606 0.502
0.000 0.000 0.000 0.000 0.479
