167.656 172.612 22.913 90.164 0.994
308.519 161.172 43.740 237.429 0.961
235.561 176.754 19.631 83.804 0.953
192.296 165.446 22.725 104.578 0.929
207.088 175.343 29.483 102.064 0.910
143.490 175.954 10.368 41.210 0.907
339.743 147.981 37.969 237.117 0.882
338.262 163.046 37.801 227.610 0.854
200.867 170.123 38.976 111.681 0.840
367.742 166.405 46.471 199.369 0.774
199.485 160.871 38.065 121.026 0.754
207.159 171.338 37.972 111.087 0.752
154.359 173.780 7.431 33.631 0.727
369.576 188.124 45.263 178.872 0.714
211.888 172.942 27.201 107.759 0.703
309.165 149.286 39.246 236.558 0.701
120.237 174.242 7.828 31.852 0.660
330.775 145.460 84.655 262.693 0.634
307.084 183.801 45.622 214.211 0.629
153.788 175.970 8.170 35.098 0.624
318.832 165.023 50.226 229.007 0.597
0.000 0.000 0.000 0.000 0.499
