126.255 163.057 20.996 109.160 0.995
156.646 166.407 20.856 118.397 0.992
320.518 163.961 24.479 135.771 0.992
318.659 160.351 28.331 143.257 0.981
10.488 142.062 89.646 275.383 0.968
240.833 173.317 43.693 203.874 0.963
241.499 162.419 39.769 211.059 0.960
177.169 164.287 23.131 108.716 0.955
156.161 164.614 21.963 115.166 0.927
275.105 175.689 50.475 209.116 0.844
7.372 179.190 94.492 229.152 0.826
364.585 168.619 20.521 60.022 0.806
127.415 176.707 18.695 99.359 0.801
256.991 157.067 81.906 251.596 0.618
91.782 195.516 14.350 47.099 0.606
0.000 0.000 0.000 0.000 0.498
