118.033 163.437 31.883 126.289 0.994
4.679 163.256 38.179 146.400 0.991
54.389 165.949 33.107 142.651 0.966
118.165 156.041 33.773 131.645 0.953
120.875 167.126 27.995 121.225 0.940
230.655 159.711 55.121 232.354 0.939
157.711 179.599 9.898 48.825 0.932
54.706 165.981 32.842 150.988 0.926
207.970 164.659 36.573 194.677 0.920
79.173 167.896 37.112 120.046 0.919
229.570 165.487 46.979 221.907 0.910
4.994 169.816 37.865 142.984 0.898
204.811 166.605 35.413 190.522 0.831
75.448 165.156 36.882 127.737 0.777
207.422 156.687 36.777 191.079 0.662
231.186 164.922 58.284 205.132 0.652
228.691 161.473 45.983 213.226 0.626
204.358 158.773 36.209 186.766 0.608
363.091 168.387 22.494 64.878 0.563
149.397 182.241 8.970 43.502 0.538
80.320 167.920 26.186 121.743 0.525
0.000 0.000 0.000 0.000 0.411
