157.521 167.630 24.716 100.759 0.996
290.272 167.398 48.284 227.247 0.985
200.630 175.277 25.984 104.096 0.965
226.240 176.449 20.174 85.936 0.941
189.267 163.450 19.140 106.052 0.939
391.691 157.138 23.644 183.670 0.886
150.879 175.202 9.829 44.181 0.866
194.483 170.256 38.380 112.701 0.820
7.044 191.329 33.314 82.671 0.819
286.961 185.214 52.851 210.196 0.802
325.306 149.226 82.468 260.587 0.798
336.061 150.876 50.184 253.591 0.767
391.681 159.532 24.178 203.669 0.767
120.262 174.239 7.845 31.931 0.739
294.314 155.710 41.524 225.508 0.642
193.293 163.364 39.402 115.948 0.638
238.792 178.112 12.468 50.612 0.587
203.954 173.216 23.114 93.711 0.581
226.537 189.258 19.096 73.947 0.509
0.000 0.000 0.000 0.000 0.486
