361.401 165.107 51.878 129.086 0.994
144.671 174.696 18.316 71.006 0.974
285.173 172.128 32.298 142.979 0.955
286.179 159.674 30.981 153.558 0.946
168.899 173.150 37.018 177.320 0.940
358.556 167.417 48.817 123.014 0.913
108.923 174.511 10.781 42.423 0.884
143.363 171.251 18.863 70.594 0.877
361.816 158.763 50.298 124.918 0.857
240.510 168.131 9.863 43.223 0.854
199.430 163.429 40.548 228.467 0.810
121.446 177.523 6.533 22.816 0.739
209.091 175.240 42.355 204.829 0.645
248.436 167.411 6.972 38.818 0.602
86.243 178.110 10.825 38.476 0.591
129.276 178.716 5.346 20.083 0.576
239.518 169.884 10.182 47.284 0.531
167.416 167.559 38.893 172.286 0.512
286.278 194.493 26.527 101.844 0.507
0.000 0.000 0.000 0.000 0.494
