329.374 160.330 59.790 242.455 0.982
179.269 171.030 22.848 88.154 0.952
202.194 165.832 23.297 102.972 0.951
141.319 176.475 9.858 40.755 0.944
391.130 157.715 24.056 247.054 0.927
182.692 168.839 21.536 92.772 0.921
354.230 157.030 41.139 245.771 0.807
234.891 168.186 22.436 103.301 0.780
152.188 174.231 8.697 33.595 0.766
391.281 136.141 23.513 261.791 0.761
325.482 163.614 47.908 233.323 0.741
327.428 174.173 64.034 232.465 0.732
152.001 176.015 8.968 33.787 0.698
223.612 175.698 27.860 100.952 0.694
391.722 169.069 23.965 248.439 0.678
334.772 158.832 48.473 218.780 0.640
223.417 175.802 25.454 86.144 0.621
119.488 174.628 8.020 31.485 0.590
356.592 142.993 38.579 248.391 0.583
79.479 182.243 12.741 40.418 0.577
126.043 175.193 8.420 30.652 0.546
217.769 162.729 37.343 116.929 0.539
230.624 172.593 24.666 106.737 0.515
0.000 0.000 0.000 0.000 0.482
