163.257 166.905 23.766 93.520 0.996
303.321 158.497 48.597 248.737 0.981
233.538 171.675 18.660 88.794 0.965
165.770 168.249 22.521 93.001 0.955
191.239 161.980 22.793 109.030 0.930
333.738 150.635 83.188 260.820 0.891
206.775 176.079 26.233 101.177 0.873
300.720 183.478 52.915 214.192 0.837
207.083 167.729 24.934 106.326 0.804
144.145 175.015 10.005 40.889 0.759
198.026 161.545 37.410 118.110 0.727
120.439 174.410 7.603 31.385 0.709
363.399 187.335 51.308 183.333 0.617
0.976 201.649 18.478 91.457 0.614
152.493 173.812 8.469 42.761 0.555
362.111 171.544 52.611 189.157 0.513
0.000 0.000 0.000 0.000 0.488
