74.080 166.155 33.584 123.787 0.996
153.800 158.790 26.427 120.621 0.982
149.200 155.033 33.958 124.891 0.946
155.760 174.303 25.015 105.247 0.940
75.529 165.439 29.428 123.210 0.937
110.187 169.979 24.854 120.713 0.932
224.515 147.061 48.026 239.526 0.856
103.291 167.933 34.019 123.922 0.848
223.885 162.930 50.129 225.000 0.820
134.961 177.755 25.147 98.286 0.813
73.152 163.621 34.985 117.545 0.802
136.486 174.615 23.706 90.331 0.801
182.470 169.131 12.030 54.649 0.780
212.324 162.205 34.363 205.445 0.644
0.000 0.000 0.000 0.000 0.500
