56.715 159.474 40.862 153.726 0.973
6.135 165.846 29.281 140.019 0.965
193.751 159.916 36.960 203.075 0.950
57.975 172.656 38.657 139.398 0.938
228.907 147.878 45.155 237.273 0.919
228.904 155.692 45.861 239.623 0.892
62.432 157.782 37.790 157.143 0.883
157.993 182.686 11.858 44.576 0.874
9.045 174.207 25.668 123.184 0.830
9.341 182.025 25.079 120.646 0.693
193.813 148.106 38.655 210.538 0.655
362.826 167.232 22.881 67.714 0.641
121.121 177.557 5.582 19.714 0.636
325.715 165.660 9.768 45.270 0.509
0.000 0.000 0.000 0.000 0.483
