266.971 170.222 23.439 89.191 0.963
104.768 174.156 11.996 43.635 0.953
228.205 154.403 41.438 223.078 0.938
311.768 168.537 11.000 43.170 0.926
225.781 152.181 44.619 248.279 0.913
14.898 152.305 46.696 168.126 0.869
177.930 170.889 17.177 83.810 0.865
106.704 174.819 11.833 43.311 0.853
185.673 167.707 38.830 190.633 0.820
10.618 160.926 55.518 163.776 0.818
376.052 158.797 31.764 171.443 0.818
375.347 149.025 31.597 173.977 0.808
78.923 179.472 12.537 44.222 0.799
401.274 157.553 14.171 184.358 0.751
400.976 177.325 15.300 166.992 0.746
78.901 178.143 12.558 40.458 0.740
311.271 173.674 11.153 39.219 0.631
189.539 162.237 41.808 203.823 0.618
391.276 154.748 24.144 187.642 0.590
263.665 172.821 8.379 41.799 0.558
157.874 179.605 10.021 49.079 0.530
0.000 0.000 0.000 0.000 0.467
