173.667 163.107 29.231 142.133 0.977
204.071 174.243 27.286 118.321 0.973
121.544 168.420 16.689 71.281 0.949
201.759 170.890 34.222 121.623 0.930
173.967 167.753 26.687 131.650 0.917
132.743 163.871 46.699 197.822 0.910
249.161 169.542 9.659 42.534 0.853
248.813 172.471 11.136 41.070 0.847
108.700 172.944 10.618 44.937 0.844
220.364 168.730 21.831 102.680 0.836
173.186 165.376 29.817 152.823 0.773
123.013 172.261 13.508 65.111 0.761
219.450 169.181 21.806 116.014 0.608
115.987 169.971 19.418 64.282 0.605
132.991 170.756 45.026 158.197 0.584
238.497 170.080 7.913 36.952 0.546
0.000 0.000 0.000 0.000 0.490
