270.538 165.445 39.642 141.407 0.980
389.087 158.027 25.255 142.685 0.978
391.459 158.635 23.736 142.327 0.966
108.921 174.431 11.085 43.168 0.948
142.357 174.129 16.667 70.567 0.941
141.621 171.044 16.626 71.253 0.920
268.683 176.523 43.336 132.264 0.904
167.080 168.888 37.677 178.534 0.903
267.683 158.446 38.499 152.014 0.878
166.456 164.916 38.092 176.143 0.862
238.619 167.141 10.659 46.457 0.841
362.963 170.193 23.074 66.795 0.814
85.747 180.901 12.832 41.540 0.811
86.495 177.373 11.676 43.051 0.785
238.047 169.009 10.515 48.911 0.766
205.723 178.903 45.843 172.167 0.747
205.297 177.795 46.191 198.503 0.729
197.029 168.762 46.167 216.449 0.714
389.112 152.774 25.740 137.316 0.687
266.255 176.134 41.456 135.050 0.680
121.383 176.149 6.116 24.828 0.680
382.820 157.125 31.577 145.122 0.647
157.411 180.715 10.445 47.464 0.636
129.228 177.929 5.777 22.329 0.634
198.816 163.735 43.009 203.558 0.576
101.718 175.178 8.589 41.718 0.526
0.000 0.000 0.000 0.000 0.423
