33.475 170.100 42.489 147.521 0.998
108.491 157.320 32.334 141.653 0.996
34.200 166.877 40.312 142.392 0.979
105.974 147.381 35.031 148.305 0.968
203.988 164.524 35.413 191.436 0.966
64.800 168.936 23.781 117.471 0.943
204.094 159.780 34.711 186.394 0.906
158.944 182.169 8.369 43.502 0.892
233.251 160.586 54.433 232.108 0.890
-1.707 184.868 24.906 120.172 0.858
150.226 182.882 8.737 40.817 0.794
63.547 170.940 23.399 101.976 0.769
237.424 163.124 51.424 205.793 0.755
-0.321 166.487 26.792 154.188 0.750
205.480 160.174 40.282 202.517 0.706
110.305 157.839 37.749 143.361 0.706
110.400 161.046 25.738 136.539 0.645
363.149 166.477 22.752 64.680 0.642
0.000 0.000 0.000 0.000 0.419
