276.121 162.335 20.818 104.188 0.998
372.314 167.465 44.149 188.550 0.993
173.231 174.212 16.076 80.496 0.989
373.611 160.699 41.761 182.280 0.979
3.531 156.463 34.160 174.328 0.976
357.309 157.658 31.335 157.866 0.888
157.502 179.717 11.577 49.456 0.887
356.849 159.061 34.677 171.367 0.879
107.910 176.080 10.545 40.762 0.864
221.123 167.677 46.616 218.804 0.825
258.033 172.678 9.550 41.324 0.775
187.161 165.921 36.035 193.013 0.738
279.102 161.028 18.308 106.653 0.737
224.028 173.519 46.074 183.392 0.719
257.584 170.586 9.303 39.942 0.694
80.229 177.934 11.331 41.096 0.616
79.128 180.130 12.407 42.830 0.601
369.905 196.221 46.519 159.302 0.570
105.160 174.455 9.766 42.996 0.567
215.165 163.786 44.799 224.772 0.519
0.000 0.000 0.000 0.000 0.495
