219.569 172.564 20.256 81.494 0.977
157.034 173.932 9.299 40.194 0.956
271.801 171.166 22.519 99.861 0.939
239.753 164.952 22.521 100.790 0.915
271.185 177.701 22.904 98.036 0.889
134.704 176.792 7.529 36.431 0.850
260.592 168.059 16.581 94.226 0.754
79.621 181.115 12.013 42.757 0.750
118.795 177.649 9.288 31.267 0.670
119.277 173.766 9.537 33.480 0.582
220.563 168.392 18.756 73.467 0.553
364.304 168.468 22.707 66.453 0.544
151.435 183.247 4.660 22.505 0.533
143.333 178.653 8.306 35.366 0.516
0.000 0.000 0.000 0.000 0.495
