151.545 163.669 19.833 106.618 0.998
192.421 172.097 24.044 107.529 0.984
192.851 162.013 21.793 119.778 0.969
368.781 162.077 45.073 199.208 0.921
35.438 189.191 28.580 87.095 0.909
311.204 156.595 32.403 219.202 0.908
33.024 189.767 27.379 87.020 0.899
149.020 169.078 21.343 95.726 0.895
371.031 154.082 40.913 196.228 0.878
278.720 166.296 43.571 221.001 0.875
280.655 159.657 40.126 218.149 0.817
219.398 171.569 17.338 92.519 0.789
331.228 165.281 55.211 221.770 0.755
312.527 158.809 29.799 180.837 0.755
334.152 159.189 48.629 215.333 0.716
185.837 159.228 34.799 123.282 0.707
120.473 175.335 7.521 30.258 0.668
153.487 175.683 17.154 101.005 0.563
309.908 164.276 35.340 223.485 0.542
136.802 173.911 7.522 33.443 0.524
0.000 0.000 0.000 0.000 0.496
