245.805 164.296 25.747 111.412 0.995
217.756 169.200 27.093 96.226 0.984
202.626 169.203 21.246 90.451 0.983
356.095 154.838 51.367 255.922 0.938
363.215 141.108 51.420 281.411 0.935
247.006 173.333 24.323 104.481 0.920
137.965 176.700 9.073 38.508 0.859
242.906 160.180 32.877 118.561 0.829
361.965 155.027 52.758 271.830 0.818
355.360 164.879 52.704 251.717 0.790
154.080 171.986 7.632 36.802 0.758
154.239 176.162 8.319 35.008 0.740
119.267 172.638 9.347 34.195 0.692
125.704 174.628 8.237 32.150 0.652
141.577 175.778 8.598 37.941 0.650
79.375 185.949 13.317 35.606 0.527
210.910 163.319 39.453 105.862 0.519
0.000 0.000 0.000 0.000 0.402
