274.737 167.754 24.565 98.677 0.997
369.893 166.857 45.633 190.697 0.992
277.267 166.045 22.597 101.084 0.978
3.026 156.439 30.506 176.469 0.976
173.742 176.171 15.012 77.666 0.976
370.561 154.590 44.238 195.591 0.968
107.878 176.359 10.794 40.080 0.869
357.369 161.617 27.240 149.874 0.869
157.620 179.656 11.472 48.759 0.865
357.444 160.214 29.317 169.534 0.863
258.091 172.519 9.524 41.723 0.807
187.670 168.706 34.893 188.413 0.716
221.987 165.988 45.797 222.977 0.703
257.542 170.246 9.199 40.846 0.700
79.701 178.078 11.719 40.802 0.666
226.140 181.937 44.563 166.364 0.648
79.076 179.766 12.451 43.338 0.629
142.678 175.693 8.844 29.852 0.600
105.159 174.693 9.965 42.433 0.595
367.279 195.019 49.216 159.990 0.593
121.602 177.950 5.527 20.434 0.585
214.159 164.069 45.728 224.485 0.555
0.000 0.000 0.000 0.000 0.390
