132.232 155.418 35.593 131.668 0.997
31.980 169.246 41.615 131.438 0.996
132.418 166.146 35.195 119.025 0.982
105.695 176.028 24.452 103.474 0.979
231.753 153.156 55.500 245.779 0.976
75.724 166.639 30.928 137.711 0.969
79.766 168.743 23.977 133.433 0.912
32.230 174.698 42.416 133.160 0.905
209.810 165.749 31.608 193.997 0.904
230.841 165.207 45.542 223.109 0.890
234.170 154.295 57.294 226.168 0.871
155.388 172.429 10.721 65.112 0.845
209.654 161.573 32.638 179.725 0.836
137.544 170.775 29.436 110.637 0.835
206.734 168.776 31.918 187.915 0.800
269.483 171.283 8.885 34.480 0.749
193.204 167.768 15.157 69.160 0.701
362.650 167.710 23.524 63.765 0.675
26.481 170.826 41.324 129.243 0.669
203.993 163.820 36.094 175.687 0.618
107.157 174.888 22.112 91.721 0.613
78.795 188.436 25.283 107.294 0.525
0.000 0.000 0.000 0.000 0.493
