309.755 156.399 32.119 151.205 0.992
124.094 172.987 24.070 95.760 0.990
95.037 175.556 27.615 102.592 0.887
330.241 164.537 34.810 135.465 0.879
90.991 171.338 35.519 110.095 0.860
157.720 180.065 8.877 44.488 0.855
334.632 174.282 27.254 118.302 0.808
300.191 165.610 12.407 49.034 0.779
124.118 180.339 22.533 91.338 0.770
157.759 177.687 9.175 42.040 0.712
272.228 168.982 7.914 40.075 0.693
309.085 154.131 34.745 135.784 0.624
88.727 168.813 38.193 107.441 0.571
310.836 166.316 26.630 131.118 0.560
365.675 167.691 20.879 60.025 0.530
0.000 0.000 0.000 0.000 0.458
