177.385 170.357 23.889 89.946 0.981
328.507 159.216 57.565 245.586 0.951
141.526 176.398 9.228 39.950 0.947
323.837 161.605 49.470 240.201 0.934
201.244 164.986 22.946 102.078 0.899
222.308 171.570 26.767 108.938 0.898
388.981 158.175 27.162 246.210 0.867
152.679 176.204 8.528 33.444 0.804
222.134 175.075 25.975 89.254 0.798
215.101 162.389 38.418 117.511 0.785
390.196 172.700 25.876 241.049 0.745
152.424 173.911 8.560 34.383 0.727
322.496 178.434 50.659 224.881 0.694
216.581 170.421 36.672 110.458 0.640
79.671 181.630 12.342 41.205 0.637
377.422 160.593 37.828 241.066 0.625
125.857 175.811 8.118 30.049 0.565
357.175 165.656 36.252 229.004 0.513
0.000 0.000 0.000 0.000 0.500
