189.880 167.043 23.178 94.762 0.996
234.155 169.377 26.761 102.256 0.939
208.224 167.105 27.305 93.011 0.927
153.387 172.496 8.621 36.506 0.902
234.086 172.075 26.802 107.380 0.866
335.834 164.478 78.396 239.737 0.860
229.579 162.171 35.321 116.433 0.838
137.875 178.792 10.212 38.027 0.837
343.563 160.306 65.631 247.746 0.817
141.070 177.845 8.933 38.678 0.773
342.681 161.223 64.025 258.780 0.740
152.962 175.777 9.220 34.078 0.687
118.442 173.816 8.860 32.604 0.665
126.112 174.805 8.052 31.056 0.622
367.910 147.364 45.913 269.251 0.566
334.942 164.946 79.098 251.330 0.551
215.293 164.640 23.624 98.024 0.537
88.224 176.566 12.543 43.588 0.536
79.233 185.198 12.846 36.425 0.501
0.000 0.000 0.000 0.000 0.430
