253.621 172.398 26.388 96.396 0.978
367.235 124.479 47.636 316.064 0.922
207.235 170.338 26.721 86.737 0.921
137.474 177.584 7.692 35.932 0.900
343.163 145.613 73.799 270.786 0.866
365.135 150.693 50.235 282.731 0.866
156.008 174.398 9.540 38.475 0.828
254.308 175.808 26.144 99.155 0.732
154.000 176.996 7.455 34.739 0.665
126.903 175.272 7.689 30.999 0.639
118.451 173.713 9.516 32.839 0.579
144.168 176.951 7.077 36.234 0.567
247.574 168.027 38.272 105.485 0.520
127.379 177.901 7.192 29.994 0.507
0.000 0.000 0.000 0.000 0.493
