299.216 169.282 25.613 121.347 0.991
172.171 161.791 24.108 107.382 0.988
51.764 205.207 26.853 50.245 0.940
47.679 207.261 29.656 49.398 0.932
227.695 155.615 35.773 217.343 0.930
237.773 158.951 86.053 241.699 0.924
108.898 184.011 20.178 89.871 0.912
296.591 167.421 30.647 122.645 0.864
226.744 173.612 37.239 205.807 0.769
230.243 153.077 33.634 196.597 0.709
256.688 167.367 42.651 195.755 0.706
79.681 182.590 11.754 40.599 0.634
364.758 168.623 21.723 63.710 0.605
109.120 180.567 18.808 77.071 0.604
88.816 175.111 9.068 45.265 0.601
167.142 156.285 35.674 117.070 0.529
80.521 177.374 10.911 42.167 0.516
254.697 166.457 43.924 222.642 0.504
0.000 0.000 0.000 0.000 0.455
