269.241 167.645 22.676 93.056 0.978
11.313 154.588 49.047 163.214 0.961
105.006 175.068 11.516 42.752 0.939
177.544 171.793 17.029 83.412 0.933
8.576 160.844 54.999 163.953 0.931
225.856 149.709 44.136 254.143 0.902
310.530 167.868 11.417 44.732 0.891
106.999 175.370 11.394 43.027 0.887
228.636 162.854 42.117 206.232 0.869
374.394 157.516 28.994 175.378 0.867
374.550 152.127 29.252 167.493 0.864
392.513 157.991 23.593 182.315 0.835
186.696 167.632 37.815 190.487 0.781
189.861 161.706 40.988 204.585 0.706
79.002 180.020 12.387 43.176 0.682
79.655 177.936 11.845 40.708 0.680
392.294 168.415 25.836 186.459 0.658
7.856 158.906 43.898 152.733 0.657
310.366 173.100 10.821 40.320 0.645
399.051 153.157 15.484 192.776 0.617
399.574 174.652 16.188 173.769 0.597
157.592 179.533 10.382 49.934 0.584
261.062 170.862 8.821 37.968 0.536
0.000 0.000 0.000 0.000 0.454
