20.950 166.954 34.781 139.338 0.991
65.455 169.512 38.857 135.950 0.987
126.252 151.041 30.597 136.333 0.987
157.194 176.942 10.675 56.839 0.972
230.008 160.320 57.554 231.270 0.963
93.408 175.283 23.038 107.653 0.957
66.657 171.307 36.405 139.707 0.956
127.724 161.218 25.908 115.376 0.935
21.843 171.773 33.631 138.673 0.928
229.107 165.397 48.487 221.899 0.910
208.673 164.355 35.147 195.283 0.865
231.076 161.456 59.784 213.296 0.857
129.365 168.232 24.391 116.107 0.833
93.586 173.397 21.635 96.440 0.811
58.423 168.601 40.335 137.465 0.799
157.898 183.638 10.794 53.196 0.791
198.484 171.284 12.279 63.253 0.791
205.024 169.550 34.540 185.685 0.748
124.325 160.084 32.726 130.423 0.745
196.082 171.075 16.171 63.541 0.702
208.071 157.137 36.567 189.024 0.700
362.815 167.127 23.385 65.906 0.699
127.764 150.836 35.000 135.953 0.655
198.935 166.745 12.460 62.574 0.601
114.132 177.614 5.415 22.978 0.588
121.822 178.632 4.712 18.458 0.575
227.877 157.880 48.017 220.806 0.541
0.000 0.000 0.000 0.000 0.498
