205.718 172.606 25.776 84.475 0.981
252.211 172.513 27.137 96.848 0.953
137.429 176.559 8.540 37.671 0.946
251.142 174.784 29.155 101.449 0.934
367.208 155.182 47.479 273.960 0.929
369.024 148.049 45.722 268.100 0.927
246.812 165.279 37.186 112.037 0.908
154.040 175.734 7.830 35.747 0.811
155.834 174.515 9.681 38.461 0.807
342.319 152.726 75.714 260.506 0.686
225.187 171.549 23.818 86.173 0.664
245.542 173.192 38.087 103.998 0.618
126.841 175.037 7.728 31.444 0.604
126.747 177.665 7.526 30.504 0.583
118.133 178.375 8.911 29.833 0.545
0.000 0.000 0.000 0.000 0.483
