244.780 170.803 32.379 129.770 0.991
244.477 177.129 32.438 128.977 0.949
131.389 176.638 17.846 65.476 0.941
130.724 171.923 17.450 68.986 0.933
197.649 157.062 34.640 175.756 0.904
109.380 174.323 10.526 42.915 0.889
197.538 161.731 34.646 148.126 0.842
161.432 169.930 49.179 187.485 0.829
169.713 171.579 53.388 211.108 0.752
230.811 171.634 11.135 46.745 0.728
249.231 176.290 27.095 116.948 0.685
133.874 178.481 13.058 61.973 0.627
161.590 183.714 51.732 184.895 0.618
133.070 174.838 13.347 62.138 0.578
240.562 169.344 7.404 41.517 0.572
157.015 158.118 83.205 225.210 0.557
246.394 190.211 29.154 107.589 0.510
0.000 0.000 0.000 0.000 0.494
