184.665 166.345 22.744 96.903 0.966
140.353 176.311 11.512 40.740 0.963
334.016 166.441 51.961 229.416 0.950
232.917 167.111 27.945 102.871 0.946
225.501 164.031 38.214 109.334 0.924
351.740 157.973 52.169 246.185 0.895
152.680 175.790 9.507 34.088 0.824
118.132 173.264 8.756 33.073 0.763
126.020 175.316 8.210 29.976 0.735
152.181 174.766 9.442 32.771 0.715
336.751 160.186 43.040 215.455 0.679
358.248 155.450 43.181 225.356 0.645
393.774 153.596 21.973 253.231 0.642
206.738 167.229 19.488 60.907 0.593
332.599 171.875 55.680 237.488 0.580
331.586 162.865 76.700 240.469 0.562
80.026 182.608 11.977 40.169 0.534
394.506 133.894 21.252 265.355 0.534
0.000 0.000 0.000 0.000 0.496
