123.709 172.750 25.227 95.328 0.989
303.138 158.970 30.704 141.556 0.982
329.453 162.134 24.623 132.889 0.975
94.724 173.832 27.433 104.898 0.887
304.655 162.872 25.942 133.747 0.863
326.945 162.039 29.721 132.874 0.855
305.324 159.419 33.854 141.328 0.848
157.818 180.346 8.314 43.645 0.829
90.235 169.808 35.189 112.038 0.824
272.343 169.533 8.138 39.911 0.766
364.309 170.052 22.501 58.420 0.749
123.885 181.537 23.916 89.038 0.732
158.055 177.958 8.790 41.386 0.698
88.934 167.417 36.610 110.278 0.673
221.113 166.143 9.224 39.279 0.551
236.873 167.502 10.015 45.631 0.511
0.000 0.000 0.000 0.000 0.483
