29.811 170.340 43.578 128.611 0.997
130.978 157.751 36.419 127.902 0.994
74.276 167.755 32.312 136.777 0.986
105.798 171.922 21.406 108.298 0.976
231.430 154.331 56.254 243.300 0.972
131.647 166.070 34.857 119.414 0.968
26.142 169.926 41.949 130.621 0.937
210.124 164.902 31.130 194.592 0.930
155.239 169.492 11.015 71.741 0.887
209.445 162.395 33.009 178.950 0.878
78.783 170.428 23.999 130.996 0.861
193.541 167.970 15.724 70.145 0.855
234.373 154.886 57.246 224.668 0.850
106.558 169.026 21.065 104.636 0.839
231.053 167.873 45.235 218.016 0.839
206.727 167.910 31.836 188.865 0.819
29.924 173.726 44.526 134.928 0.802
269.481 171.465 8.814 34.824 0.749
137.594 172.098 28.383 108.538 0.741
203.950 164.152 36.316 175.413 0.737
362.635 167.506 23.191 63.884 0.673
398.303 151.171 16.280 98.608 0.551
0.000 0.000 0.000 0.000 0.483
