142.622 166.786 23.088 119.452 0.995
166.173 177.210 18.046 86.628 0.993
114.898 167.004 33.782 139.033 0.953
115.654 167.500 33.384 150.236 0.947
144.258 170.208 21.776 103.675 0.871
216.600 172.364 9.085 31.016 0.829
271.704 170.885 7.954 38.907 0.826
109.858 165.697 32.996 137.861 0.746
363.294 167.922 23.180 60.373 0.734
231.946 175.179 12.297 40.838 0.692
164.355 182.008 18.943 87.795 0.679
165.981 176.909 21.245 86.130 0.660
234.854 172.693 12.112 44.303 0.529
0.000 0.000 0.000 0.000 0.478
