298.169 169.779 38.390 153.114 0.997
350.954 168.292 24.779 119.318 0.974
298.957 166.478 44.390 161.117 0.967
208.776 161.142 45.833 233.950 0.955
146.009 173.173 20.158 65.214 0.950
109.050 174.741 11.561 42.129 0.943
146.335 178.937 19.824 62.002 0.903
298.782 162.137 35.677 150.011 0.899
175.223 166.455 39.936 190.721 0.817
210.533 174.032 43.159 184.125 0.806
85.664 177.630 10.696 41.232 0.789
169.304 167.526 40.455 188.244 0.785
347.975 164.018 31.452 124.843 0.746
121.355 177.112 5.398 22.100 0.718
236.289 167.104 17.003 69.404 0.718
297.001 193.160 40.733 129.690 0.606
137.077 177.229 4.719 20.674 0.581
129.255 178.575 4.881 19.535 0.571
346.583 155.879 33.385 130.550 0.543
397.237 178.505 17.249 73.233 0.519
84.687 181.401 12.285 40.264 0.509
0.000 0.000 0.000 0.000 0.492
