168.290 172.451 27.399 89.333 0.993
342.028 142.393 37.390 249.847 0.947
339.775 154.373 38.984 247.087 0.932
310.233 157.676 43.976 247.521 0.924
143.464 176.484 10.391 40.302 0.924
212.730 170.228 25.723 111.794 0.864
236.023 171.593 18.095 87.860 0.852
193.281 169.781 21.255 96.193 0.785
374.108 165.744 41.146 197.359 0.780
208.928 168.332 35.167 115.213 0.757
153.248 176.508 7.944 33.985 0.716
120.007 173.984 8.072 32.244 0.703
316.375 161.201 49.990 239.976 0.689
373.637 182.187 41.835 191.163 0.651
200.502 159.712 37.752 123.396 0.648
207.544 176.551 27.658 99.430 0.635
207.915 164.284 38.048 113.966 0.618
200.927 169.798 39.476 112.086 0.612
309.939 178.118 44.274 224.968 0.598
153.850 174.177 7.473 33.163 0.587
215.668 172.333 24.477 95.355 0.529
0.000 0.000 0.000 0.000 0.438
