185.573 166.676 22.381 97.134 0.965
140.258 175.798 10.730 40.742 0.964
233.977 167.330 26.644 105.657 0.932
226.875 161.594 36.455 117.630 0.892
152.870 175.791 9.654 34.103 0.887
334.191 166.858 50.887 227.705 0.878
353.009 164.118 51.154 233.298 0.855
232.582 173.861 26.786 103.599 0.849
204.841 161.659 25.184 109.120 0.812
118.311 173.763 8.730 32.367 0.779
152.184 174.653 9.571 33.097 0.742
125.976 175.241 8.085 30.383 0.731
356.931 156.932 46.137 221.761 0.607
336.870 164.105 43.691 206.068 0.574
226.356 168.703 37.289 113.681 0.542
80.192 183.073 11.987 39.759 0.509
0.000 0.000 0.000 0.000 0.470
