116.643 170.904 33.889 117.948 0.995
151.706 154.720 33.087 126.171 0.993
87.894 170.946 24.879 117.791 0.991
154.994 157.337 28.132 122.875 0.991
291.173 105.653 99.287 310.561 0.984
285.716 119.341 104.511 265.180 0.979
118.464 171.611 28.857 115.334 0.950
83.148 170.360 33.168 117.769 0.883
142.815 172.544 17.920 80.619 0.833
362.470 163.284 23.114 75.214 0.814
270.559 162.074 24.547 114.992 0.784
212.663 151.504 34.365 191.863 0.708
232.036 154.289 40.288 181.298 0.704
261.655 159.280 33.638 140.044 0.692
237.722 165.273 46.011 159.267 0.687
213.728 167.252 30.838 189.156 0.670
243.399 162.661 40.859 142.307 0.654
231.162 160.362 41.423 150.794 0.635
155.350 177.727 26.868 98.958 0.593
262.105 157.029 35.810 124.397 0.564
116.225 164.265 37.461 115.653 0.542
0.000 0.000 0.000 0.000 0.498
