88.905 152.604 37.684 156.229 0.996
6.151 167.690 44.178 154.759 0.992
48.209 164.473 23.000 133.588 0.985
200.930 164.283 34.291 193.496 0.951
13.975 168.257 39.022 153.351 0.898
233.384 150.588 52.099 251.513 0.874
89.009 153.192 37.200 137.753 0.830
236.458 157.325 49.561 216.180 0.739
200.633 152.336 34.616 201.227 0.667
158.875 183.948 9.332 42.762 0.661
6.920 164.755 42.742 146.735 0.652
121.930 177.263 5.552 19.748 0.647
231.415 146.469 42.280 239.129 0.638
230.150 153.291 45.246 245.557 0.598
77.984 182.141 13.876 41.355 0.576
15.968 164.191 38.312 146.781 0.566
363.121 167.854 22.762 63.376 0.539
93.994 156.481 38.103 146.663 0.518
0.000 0.000 0.000 0.000 0.433
