228.027 171.826 35.088 125.038 0.987
108.618 173.912 12.082 44.053 0.959
194.045 161.452 30.955 162.969 0.952
190.875 162.252 30.700 165.206 0.938
192.146 159.804 35.585 154.771 0.927
190.645 158.717 31.463 155.840 0.907
233.692 174.373 26.162 119.181 0.853
127.490 169.520 18.054 70.770 0.839
128.580 174.478 19.150 69.888 0.808
261.011 171.325 9.164 44.078 0.771
223.530 167.442 12.531 56.282 0.724
149.124 182.952 42.167 163.714 0.674
226.130 177.807 36.547 126.802 0.661
224.806 169.613 11.468 38.182 0.652
93.146 182.649 11.867 38.476 0.635
94.108 178.662 11.503 38.815 0.606
154.814 157.956 49.821 215.093 0.603
260.727 168.291 9.217 44.795 0.557
0.000 0.000 0.000 0.000 0.483
