126.459 167.693 27.045 107.778 0.995
338.247 158.077 35.697 154.311 0.986
366.724 158.450 38.139 150.981 0.985
364.473 161.250 35.410 144.804 0.971
103.416 168.776 24.901 116.854 0.956
337.012 167.563 37.427 148.388 0.907
125.670 173.795 27.142 102.870 0.904
270.266 169.505 9.072 39.136 0.839
156.377 175.203 10.663 45.355 0.824
310.222 171.663 11.330 44.358 0.808
98.347 167.901 32.913 118.116 0.802
366.115 169.234 39.451 146.259 0.726
334.896 175.212 8.449 39.862 0.698
93.612 170.909 34.725 116.446 0.680
363.205 173.970 37.282 136.404 0.661
399.311 149.717 15.772 103.990 0.652
104.446 175.179 23.266 92.014 0.644
121.663 169.006 35.503 105.649 0.630
0.000 0.000 0.000 0.000 0.500
