179.347 164.541 36.083 146.316 0.987
218.445 172.559 25.633 123.968 0.984
123.132 169.012 17.739 71.744 0.972
215.153 169.836 33.303 127.052 0.968
178.928 162.619 35.854 158.855 0.951
123.999 178.019 19.262 62.824 0.924
143.672 166.400 40.367 198.918 0.885
109.196 175.511 9.615 41.643 0.859
232.830 169.451 18.201 113.472 0.743
233.947 166.481 16.783 108.631 0.735
257.763 173.617 8.345 40.341 0.649
141.953 184.630 45.363 180.940 0.626
125.732 179.804 14.693 58.897 0.621
125.722 177.764 13.461 55.539 0.612
105.220 176.586 8.132 39.225 0.544
0.000 0.000 0.000 0.000 0.422
