366.570 158.970 47.603 137.730 0.986
143.597 173.220 17.533 74.089 0.985
282.423 174.932 34.069 138.824 0.976
283.145 158.248 32.831 154.836 0.963
279.088 163.795 10.366 48.854 0.942
367.447 156.193 45.691 130.148 0.926
168.614 170.457 36.704 181.369 0.917
109.283 174.798 10.516 42.502 0.894
142.522 171.449 18.382 70.642 0.834
239.291 167.717 10.165 45.037 0.832
238.811 169.856 9.918 47.737 0.781
196.772 166.154 45.294 223.373 0.760
167.791 164.315 37.914 177.489 0.689
121.486 176.801 6.540 23.657 0.683
86.502 177.947 10.408 39.718 0.675
284.413 189.822 27.436 111.296 0.548
248.910 166.930 6.874 39.852 0.536
129.014 178.492 5.883 20.598 0.513
0.000 0.000 0.000 0.000 0.481
