356.843 166.336 48.280 127.145 0.994
292.370 164.591 28.629 144.489 0.979
291.968 170.375 29.833 145.414 0.977
145.351 176.676 18.175 66.246 0.965
357.066 170.451 56.537 126.092 0.943
168.896 175.145 38.008 172.847 0.935
241.092 168.085 9.754 44.016 0.927
144.327 172.417 18.480 68.446 0.912
109.186 174.684 10.364 42.380 0.854
211.217 168.523 42.419 193.184 0.772
86.288 177.342 10.690 41.804 0.761
206.405 172.814 47.067 208.832 0.742
280.998 164.496 10.636 47.778 0.690
121.467 178.402 6.033 21.854 0.655
355.221 159.231 47.581 125.462 0.636
248.685 167.354 6.988 42.429 0.594
240.876 170.721 9.368 45.240 0.567
293.185 191.576 27.517 105.966 0.559
396.535 181.372 18.303 69.686 0.552
198.933 163.508 42.876 227.511 0.532
128.832 179.769 5.031 19.259 0.504
0.000 0.000 0.000 0.000 0.481
