139.861 165.830 24.584 104.004 0.998
349.471 157.422 32.102 155.648 0.986
173.345 171.759 27.330 108.629 0.976
349.914 162.785 30.831 160.031 0.976
258.765 167.155 42.243 223.416 0.973
202.970 170.550 18.634 89.096 0.957
289.169 153.778 77.749 258.089 0.931
352.182 158.131 34.556 153.316 0.805
174.948 165.318 23.629 113.060 0.792
120.778 173.767 8.216 31.553 0.766
157.702 172.650 9.489 46.951 0.749
292.879 160.364 75.415 260.451 0.734
168.257 162.193 35.332 118.446 0.731
257.412 184.126 45.045 213.105 0.722
168.501 169.893 35.906 112.329 0.712
305.102 155.902 50.619 249.526 0.678
62.548 202.038 29.093 56.042 0.640
261.297 161.959 37.523 213.082 0.634
140.780 180.487 23.545 91.901 0.564
292.031 158.151 35.356 245.528 0.554
237.512 171.332 11.691 62.690 0.554
-0.147 208.592 10.581 55.192 0.544
237.675 169.140 11.364 56.846 0.515
0.000 0.000 0.000 0.000 0.498
