240.626 167.201 22.263 136.171 0.993
196.654 158.294 27.411 169.803 0.979
195.845 162.249 29.765 151.461 0.977
236.277 168.464 30.357 132.545 0.962
109.284 173.856 11.210 44.079 0.938
130.232 176.756 18.146 65.276 0.897
128.850 171.875 17.812 67.887 0.896
130.213 179.323 14.314 50.905 0.681
91.998 183.160 11.560 38.496 0.677
131.169 178.118 13.781 63.980 0.612
155.970 164.585 56.205 222.618 0.578
122.023 176.208 5.707 23.967 0.576
190.796 158.615 31.886 174.542 0.550
238.830 184.277 22.061 114.959 0.545
93.654 178.773 10.778 38.049 0.543
103.858 175.320 7.139 41.176 0.520
0.000 0.000 0.000 0.000 0.458
