265.996 162.378 39.480 149.652 0.994
265.308 170.926 41.434 143.412 0.988
141.145 173.536 16.179 72.598 0.976
168.741 167.227 35.884 169.309 0.961
267.351 165.567 43.534 141.016 0.907
141.128 170.628 15.959 72.350 0.907
363.429 169.128 23.012 69.434 0.899
197.852 172.387 44.500 183.074 0.896
109.404 173.393 10.391 44.082 0.896
266.013 173.514 45.824 139.714 0.892
398.237 166.212 19.028 126.859 0.875
195.948 167.969 47.569 220.632 0.853
169.530 174.898 35.637 165.581 0.773
239.382 170.091 9.271 49.333 0.752
87.503 180.946 11.543 41.634 0.751
157.114 182.394 10.175 45.874 0.747
200.294 166.862 39.834 166.923 0.744
198.386 198.006 44.987 193.360 0.742
129.192 178.671 5.551 21.102 0.719
88.551 176.774 10.509 44.332 0.716
122.122 176.354 5.921 24.437 0.685
239.883 167.369 9.227 46.207 0.549
363.891 172.188 23.600 75.426 0.515
0.000 0.000 0.000 0.000 0.499
