285.501 162.203 27.305 107.138 0.998
360.094 172.321 42.293 174.996 0.994
358.965 166.838 43.219 167.461 0.991
170.365 177.490 17.320 78.124 0.964
158.556 181.352 11.532 47.172 0.880
280.290 161.452 35.529 108.722 0.877
108.346 175.522 10.755 41.248 0.876
362.028 165.396 46.410 191.000 0.875
255.912 168.787 8.602 43.144 0.857
351.858 156.917 18.070 93.512 0.777
359.986 163.334 50.648 176.910 0.771
255.584 173.319 9.326 39.931 0.746
214.722 152.884 42.184 228.281 0.714
187.538 164.562 34.847 194.957 0.696
121.228 177.523 5.754 21.606 0.693
214.620 159.102 42.975 233.873 0.683
163.829 178.620 18.189 67.718 0.585
-0.930 153.864 24.497 187.393 0.558
149.580 180.917 10.546 47.535 0.543
80.331 177.216 11.652 41.961 0.529
159.503 188.844 10.510 43.888 0.524
349.771 162.231 21.289 143.063 0.514
0.000 0.000 0.000 0.000 0.479
