90.489 155.549 36.610 151.192 0.997
15.464 170.236 36.805 151.125 0.985
8.525 171.497 42.811 149.923 0.982
49.031 164.510 24.250 135.228 0.982
200.785 164.063 34.241 193.946 0.937
16.861 167.473 37.021 141.076 0.873
233.198 150.334 52.867 251.642 0.869
90.219 152.441 36.407 139.345 0.863
94.422 156.372 37.218 146.887 0.857
47.491 162.616 28.379 136.339 0.812
236.316 157.869 50.515 215.006 0.773
200.742 155.082 34.797 195.472 0.614
122.229 177.369 5.435 19.569 0.613
230.915 145.829 43.452 240.155 0.581
159.268 184.423 9.205 41.725 0.567
77.847 182.810 14.544 40.802 0.564
0.000 0.000 0.000 0.000 0.488
