151.620 166.922 25.450 98.786 0.997
377.442 157.663 35.696 184.724 0.981
28.009 188.514 31.442 86.093 0.972
377.064 161.176 36.341 196.938 0.946
192.221 175.437 25.787 101.549 0.904
186.693 157.401 35.322 125.150 0.892
280.211 164.967 43.352 224.496 0.876
313.664 158.224 31.336 214.199 0.870
195.703 175.794 27.866 102.366 0.826
189.625 164.243 21.847 111.337 0.824
220.101 171.362 16.633 91.471 0.822
284.239 164.867 44.552 223.394 0.816
378.054 149.649 35.096 171.784 0.810
191.485 170.940 37.006 110.318 0.805
332.181 154.089 53.599 244.585 0.796
336.006 151.819 46.528 229.777 0.788
286.748 147.768 42.600 240.845 0.782
187.736 169.554 35.736 112.523 0.756
282.157 156.073 39.827 225.650 0.754
190.868 163.733 38.151 114.773 0.733
120.992 175.092 6.946 30.776 0.731
313.794 156.283 30.887 187.603 0.696
319.549 152.074 79.484 251.320 0.670
146.859 161.762 37.571 108.259 0.517
0.000 0.000 0.000 0.000 0.490
