1.526 166.699 43.385 161.834 0.995
83.337 155.181 39.836 150.174 0.995
38.332 167.167 23.766 129.543 0.975
199.341 159.721 34.897 198.771 0.928
36.261 163.625 28.821 134.142 0.918
82.297 147.118 40.330 150.238 0.910
158.418 180.787 10.397 49.560 0.815
198.175 152.606 36.467 201.154 0.788
158.807 189.292 10.753 43.824 0.670
233.077 149.034 52.795 253.992 0.663
230.558 142.864 44.332 244.812 0.656
3.701 165.418 39.996 144.992 0.636
236.445 158.435 49.432 212.714 0.615
363.060 167.167 22.054 63.088 0.606
1.932 186.030 45.016 144.532 0.604
35.722 173.648 21.715 115.394 0.544
228.549 148.217 48.252 256.031 0.522
0.000 0.000 0.000 0.000 0.482
