77.784 155.741 32.600 150.833 0.993
80.222 155.594 33.448 151.015 0.978
20.872 167.693 40.524 135.638 0.975
196.376 159.754 35.377 202.409 0.966
0.950 171.297 26.098 157.016 0.949
158.778 182.246 9.834 44.842 0.880
229.515 152.302 46.850 246.791 0.855
19.957 177.768 42.167 129.419 0.800
232.298 159.612 53.575 232.886 0.739
73.841 147.698 38.441 148.934 0.730
195.680 155.867 34.781 195.744 0.689
230.298 147.586 43.330 237.649 0.656
363.492 167.839 22.649 62.669 0.650
328.278 167.302 10.773 42.164 0.644
237.229 166.163 49.305 198.873 0.597
0.760 183.532 26.879 150.165 0.590
122.030 178.337 4.081 18.554 0.578
269.022 171.344 8.824 36.285 0.551
149.582 183.343 9.975 44.214 0.546
227.968 162.246 14.011 82.777 0.537
0.000 0.000 0.000 0.000 0.476
