107.093 174.789 23.960 103.387 0.984
290.906 166.299 30.373 126.575 0.966
292.957 168.124 26.825 123.876 0.960
55.913 202.764 27.482 53.103 0.950
140.457 132.677 82.766 275.546 0.949
225.891 159.685 35.450 208.025 0.945
107.022 171.002 23.855 100.452 0.930
224.422 171.146 38.091 211.666 0.887
139.161 176.285 19.529 102.618 0.886
247.378 164.747 42.513 228.006 0.816
230.527 158.238 78.107 245.353 0.770
363.539 168.121 22.768 60.007 0.740
226.551 151.924 36.394 200.200 0.683
140.466 172.460 19.104 95.747 0.671
222.551 160.506 32.179 207.812 0.667
291.849 153.832 30.431 135.467 0.659
283.759 161.177 34.694 135.777 0.641
88.758 175.133 9.693 44.702 0.638
58.504 195.854 23.940 51.698 0.616
249.224 180.556 39.060 172.402 0.582
251.593 154.796 45.896 250.136 0.568
101.929 163.817 35.692 113.835 0.554
0.000 0.000 0.000 0.000 0.497
