162.083 168.105 21.348 98.464 0.995
296.361 158.701 52.806 247.418 0.982
290.731 159.176 53.135 243.706 0.975
191.755 161.851 20.540 107.121 0.962
207.334 170.632 23.419 100.314 0.912
330.030 156.398 84.089 245.753 0.905
204.346 173.608 26.023 104.714 0.897
0.660 188.790 33.337 91.512 0.878
150.885 173.648 8.119 45.621 0.864
0.258 187.502 28.074 93.592 0.819
294.404 181.143 56.623 219.561 0.804
350.420 179.757 54.622 195.973 0.799
288.123 185.290 57.854 211.225 0.778
195.651 162.280 39.588 116.240 0.775
232.495 172.832 17.692 88.433 0.759
0.162 189.779 37.808 109.194 0.757
0.193 185.035 36.389 102.355 0.756
120.120 174.397 7.694 31.928 0.745
228.275 174.547 18.949 87.449 0.709
350.531 166.756 50.183 199.975 0.508
0.000 0.000 0.000 0.000 0.458
