182.130 167.373 22.999 94.513 0.991
331.438 168.759 56.464 225.266 0.979
140.977 176.111 10.724 41.169 0.946
203.316 167.777 24.911 101.295 0.941
393.376 156.273 22.414 249.566 0.921
235.525 167.608 24.159 102.709 0.910
178.874 170.513 24.438 88.184 0.885
355.282 164.254 43.102 233.491 0.872
152.241 174.173 9.042 33.462 0.783
393.638 141.751 21.987 250.925 0.782
335.679 164.175 43.592 208.302 0.752
118.789 173.335 8.656 32.924 0.728
359.659 157.280 37.368 221.030 0.708
328.991 179.289 63.065 222.268 0.694
152.433 175.241 9.295 35.240 0.670
125.921 174.749 8.160 30.851 0.618
393.450 163.112 22.003 259.643 0.594
79.708 182.327 12.467 40.397 0.549
87.528 176.464 12.532 43.826 0.542
197.576 160.669 37.781 114.496 0.534
0.000 0.000 0.000 0.000 0.491
