106.373 171.336 22.013 98.800 0.966
105.877 176.075 21.811 100.612 0.963
243.339 141.618 45.624 278.178 0.926
60.098 205.829 28.263 50.143 0.908
290.623 163.501 29.870 127.497 0.862
293.433 165.010 23.613 124.793 0.857
136.881 169.747 21.789 114.290 0.852
159.840 137.691 84.224 263.267 0.822
161.495 171.560 20.310 97.860 0.798
62.951 194.566 23.459 52.699 0.798
229.262 155.906 29.967 219.438 0.790
363.019 168.891 23.334 58.697 0.764
283.499 161.894 34.082 131.438 0.744
128.509 186.902 24.630 83.183 0.729
243.756 172.049 45.965 240.571 0.701
290.073 166.715 22.622 108.033 0.665
229.679 163.107 31.946 228.382 0.664
287.829 174.286 25.287 105.979 0.658
291.003 154.333 29.884 135.202 0.609
247.035 163.554 38.601 207.703 0.600
293.929 161.062 22.642 120.896 0.582
126.949 177.746 21.919 79.708 0.563
159.374 180.763 22.382 91.935 0.550
229.545 149.249 28.793 203.599 0.519
140.110 167.158 18.786 105.832 0.514
0.000 0.000 0.000 0.000 0.474
