116.332 157.124 33.200 137.229 0.995
53.839 168.658 29.241 145.860 0.989
79.024 174.305 27.078 110.577 0.988
52.681 168.541 34.457 137.781 0.985
1.612 164.868 40.584 144.504 0.980
115.936 155.932 36.260 132.391 0.979
230.979 158.063 55.148 235.640 0.967
1.135 171.866 42.481 140.615 0.958
208.112 163.473 35.993 196.661 0.939
157.975 179.199 10.207 49.189 0.933
204.522 167.279 35.842 188.587 0.891
231.851 160.393 57.807 214.326 0.883
229.946 166.594 47.038 219.976 0.869
207.884 156.064 35.979 192.740 0.775
204.140 159.948 36.439 185.291 0.707
149.294 182.385 9.569 43.118 0.683
75.355 170.206 32.380 118.750 0.615
57.617 183.027 23.539 119.301 0.523
0.000 0.000 0.000 0.000 0.497
