0.844 165.429 40.143 166.942 0.995
82.153 156.818 39.511 148.190 0.994
31.085 161.619 29.875 138.292 0.966
198.554 159.030 35.809 200.748 0.937
158.271 181.919 11.045 46.839 0.926
32.107 168.323 26.168 125.368 0.914
34.522 163.454 29.611 133.934 0.908
80.526 145.489 41.316 153.727 0.898
1.435 165.934 38.170 143.500 0.836
1.403 185.154 41.625 145.751 0.822
196.783 149.742 36.375 206.620 0.788
231.240 150.799 55.821 250.441 0.731
228.137 149.632 49.354 252.469 0.712
332.585 166.663 9.196 44.024 0.598
235.739 155.045 51.844 221.222 0.594
362.974 167.722 22.737 62.087 0.587
148.507 182.399 11.589 46.303 0.585
121.976 178.688 4.715 18.200 0.564
229.485 145.274 45.012 242.716 0.561
36.257 171.828 25.549 120.721 0.533
0.000 0.000 0.000 0.000 0.453
