77.181 156.970 31.184 150.592 0.994
19.505 170.950 40.450 131.683 0.974
195.899 158.671 36.754 204.357 0.955
-0.336 168.619 24.875 162.645 0.939
-0.857 171.021 21.072 158.957 0.914
158.710 181.622 9.898 45.602 0.904
18.776 180.588 42.729 123.535 0.896
228.317 151.661 48.495 247.719 0.888
228.604 146.215 46.205 240.462 0.769
328.157 167.340 11.551 42.676 0.746
-0.099 183.763 20.028 150.785 0.743
195.305 156.126 36.099 195.005 0.689
72.406 147.758 36.526 148.352 0.660
121.762 178.070 4.280 18.684 0.643
363.350 168.584 23.079 62.967 0.600
-0.360 174.519 25.289 168.564 0.588
79.923 156.610 33.834 151.479 0.563
79.779 161.324 23.834 139.713 0.559
149.405 183.605 10.638 43.795 0.546
75.120 168.524 34.899 146.461 0.514
0.000 0.000 0.000 0.000 0.489
