196.134 167.765 20.705 93.341 0.986
240.410 171.376 25.245 97.930 0.984
349.800 163.423 59.576 238.451 0.962
217.144 170.234 25.502 95.027 0.959
138.011 177.489 9.368 38.535 0.916
347.382 159.540 62.820 262.592 0.880
153.613 172.394 7.998 36.064 0.831
198.135 168.747 21.993 92.594 0.812
244.708 166.680 24.284 106.026 0.810
125.939 175.317 7.827 30.905 0.752
337.315 161.836 77.102 243.242 0.746
240.360 172.578 24.652 105.785 0.733
141.474 176.223 8.570 37.637 0.707
119.100 174.476 8.015 31.372 0.668
361.461 160.726 53.728 240.612 0.650
153.474 175.679 8.762 34.625 0.512
0.000 0.000 0.000 0.000 0.433
