244.988 164.331 24.675 108.133 0.989
217.250 169.258 26.161 96.644 0.964
353.899 153.556 54.133 257.062 0.926
137.832 177.134 9.468 38.732 0.919
242.014 171.571 25.380 93.719 0.913
363.805 148.004 51.940 267.129 0.876
200.540 171.378 20.222 87.502 0.855
153.734 175.023 9.108 36.531 0.817
153.830 172.231 8.363 36.911 0.815
352.042 161.766 57.484 257.915 0.727
141.817 176.818 8.198 37.057 0.696
119.511 173.009 8.847 33.590 0.694
125.573 174.816 8.072 31.074 0.674
245.966 173.655 22.231 104.617 0.610
242.007 157.299 32.453 120.990 0.585
200.834 170.510 18.680 66.883 0.529
0.000 0.000 0.000 0.000 0.438
