175.347 157.165 23.453 113.768 0.996
303.297 163.202 35.801 143.840 0.991
302.091 166.056 32.629 135.920 0.990
143.870 170.273 27.612 115.116 0.985
235.012 164.180 37.263 204.687 0.944
140.949 168.451 33.167 117.838 0.917
234.106 176.422 39.117 198.064 0.868
263.689 163.286 43.021 232.937 0.859
238.299 168.794 40.085 217.043 0.856
237.948 158.904 41.698 216.887 0.835
365.741 169.176 20.314 64.247 0.761
39.141 204.986 29.368 52.643 0.750
64.749 136.081 83.067 279.263 0.732
267.966 146.867 43.926 267.929 0.714
265.222 171.514 41.546 190.995 0.614
299.578 170.351 37.151 142.407 0.600
140.567 159.606 33.092 125.332 0.599
398.340 148.373 16.272 103.265 0.502
0.000 0.000 0.000 0.000 0.496
