161.686 164.397 23.727 122.703 0.997
130.461 164.306 21.345 106.913 0.997
185.266 164.532 24.489 98.338 0.992
327.444 161.426 31.384 147.514 0.988
247.495 149.842 39.738 234.238 0.937
161.671 163.668 22.162 117.082 0.925
287.329 174.753 49.590 211.311 0.866
131.048 179.268 20.379 93.923 0.860
93.850 181.805 21.670 71.469 0.839
154.651 159.679 33.593 124.462 0.783
245.890 158.686 43.208 232.008 0.777
154.696 167.244 33.561 116.819 0.724
326.202 166.197 33.942 151.139 0.671
118.961 173.923 8.158 30.064 0.665
1.193 125.763 52.418 307.271 0.616
287.993 180.393 50.928 224.822 0.594
366.170 167.908 19.666 63.515 0.589
288.909 169.928 45.614 193.841 0.583
81.680 184.887 20.265 65.377 0.512
0.000 0.000 0.000 0.000 0.471
