179.229 165.025 34.761 144.950 0.986
122.586 169.618 17.791 70.664 0.980
218.421 169.963 22.761 126.927 0.980
178.726 162.474 34.649 158.408 0.931
123.429 178.108 19.228 62.452 0.928
142.338 165.570 43.639 201.916 0.891
233.292 171.388 16.605 109.108 0.821
233.733 163.450 16.320 115.819 0.816
109.413 175.274 8.940 42.325 0.722
140.694 182.439 48.242 185.356 0.697
213.301 168.465 31.490 128.120 0.665
255.462 173.722 9.617 39.976 0.581
125.734 180.239 14.047 58.296 0.539
0.000 0.000 0.000 0.000 0.465
