19.031 166.822 32.936 155.520 0.996
91.139 157.354 35.712 148.239 0.996
18.736 167.169 35.104 142.375 0.975
201.649 163.779 33.462 193.642 0.954
231.956 149.850 54.726 253.081 0.918
49.301 165.378 33.453 131.123 0.910
47.270 161.360 30.780 139.695 0.859
94.699 159.473 36.484 142.185 0.856
49.362 166.585 26.359 130.606 0.849
235.224 157.630 52.218 215.372 0.841
201.283 157.346 34.254 191.089 0.778
9.942 172.355 41.397 145.137 0.753
90.378 152.611 36.274 139.168 0.745
121.595 176.651 5.809 20.583 0.714
158.752 184.189 10.205 42.519 0.682
78.099 181.708 14.879 42.083 0.678
231.019 145.321 43.392 240.599 0.585
362.724 168.513 22.805 62.575 0.521
0.000 0.000 0.000 0.000 0.495
