327.589 170.060 51.848 158.500 0.996
323.853 170.903 51.017 154.364 0.995
160.448 172.409 16.341 76.451 0.962
181.299 165.584 35.600 193.629 0.953
211.966 165.992 42.348 225.133 0.939
326.079 180.838 55.511 155.695 0.935
108.179 175.026 10.620 41.353 0.860
322.372 188.134 54.723 143.656 0.814
159.996 169.987 15.883 73.114 0.807
324.133 166.409 46.277 141.790 0.785
121.511 178.277 5.744 20.950 0.776
296.421 167.194 8.545 45.795 0.740
212.470 152.890 40.823 228.628 0.710
330.007 166.551 47.335 141.547 0.693
313.263 166.081 19.721 104.474 0.682
305.282 170.616 24.383 97.002 0.662
313.148 169.111 22.599 119.934 0.661
181.080 163.185 36.054 179.350 0.623
365.345 166.751 20.005 66.942 0.610
295.224 173.357 8.921 39.614 0.569
308.180 165.639 32.668 128.786 0.514
0.000 0.000 0.000 0.000 0.480
